1 0.6078125 0.68671875 0.03828125 0.04921875
1 0.56484375 0.7578125 0.03125 0.04453125
1 0.42890625 0.64609375 0.03203125 0.04375
1 0.50234375 0.52578125 0.0296875 0.04375
1 0.603125 0.51484375 0.03046875 0.04375
1 0.57890625 0.578125 0.028125 0.03515625
2 0.4984609375 0.86223125 0.49660000000000004 0.8843979171875 0.50475 0.8872 0.5185187499999999 0.8782145828125 0.52140625 0.8579791671875 0.5071296875 0.8533395828125 0.468028125 0.78476875 0.45973437500000003 0.7875895828125 0.46019375 0.7935479171875001 0.4984609375 0.86223125
2 0.471875 0.6729166671875 0.4890625 0.6979166671875 0.5015625 0.7208333328125 0.5078125 0.7291666671875 0.5125 0.73125 0.515625 0.7270833328124999 0.5140625 0.7208333328125 0.4890625 0.68125 0.478125 0.65 0.46875 0.6479166671875001 0.4625 0.65625 0.4625 0.6666666671875 0.465625 0.6708333328125 0.471875 0.6729166671875
2 0.562946875 0.6083333328125 0.603125 0.6083333328125 0.6046875 0.60625 0.6046875 0.6 0.603125 0.5979166671875 0.578125 0.5958333328125 0.5765625 0.59375 0.5375 0.5875 0.5359375 0.5916666671875 0.5359375 0.6083333328125 0.5375 0.6104166671875 0.562946875 0.6083333328125
0 0.446875 0.75 0.4515625 0.75 0.4546875 0.7458333328125 0.4671875 0.6270833328125 0.4640625 0.61875 0.4609375 0.6166666671875001 0.45 0.6166666671875001 0.4453125 0.6208333328125 0.44375 0.6270833328125 0.4453125 0.7020833328125 0.44375 0.7041666671875 0.4421875 0.74375 0.446875 0.75
0 0.553125 0.5291666671875 0.5890625 0.5520833328125 0.596875 0.5541666671875001 0.6 0.5520833328125 0.6015625 0.5458333328125 0.6 0.5395833328124999 0.5546875 0.5083333328124999 0.5453125 0.5 0.5328125 0.48333333281249996 0.525 0.4791666671875 0.5203125 0.48333333281249996 0.5171875 0.4916666671875 0.515625 0.49791666718750005 0.515625 0.5104166671875 0.5171875 0.5125 0.553125 0.5291666671875
0 0.384375 0.5166666671875 0.3875 0.5083333328124999 0.403125 0.48333333281249996 0.4078125 0.47083333281249995 0.4140625 0.4625 0.41875 0.4604166671875 0.421875 0.45416666718750004 0.4234375 0.44166666718750003 0.4203125 0.43333333281249997 0.415625 0.4291666671875 0.403125 0.43125 0.3671875 0.5083333328124999 0.365625 0.5208333328125 0.3671875 0.5270833328125 0.371875 0.53125 0.384375 0.5166666671875
0 0.328125 0.5375 0.334375 0.53125 0.3375 0.5229166671875001 0.3578125 0.49375 0.3734375 0.475 0.38515 0.4632541671875 0.3843296875 0.45505833281249997 0.3767390625 0.4496645828125 0.3703125 0.45416666718750004 0.3171875 0.5020833328125 0.309375 0.5125 0.309375 0.5166666671875 0.31875 0.5354166671875 0.328125 0.5375
0 0.49724375 0.42394999999999994 0.4955046875 0.41580208281250003 0.40916406250000004 0.40606875000000003 0.4076671875 0.42060624999999996 0.4779375 0.43706458281250005 0.49356406249999996 0.44898541718749996 0.49724375 0.42394999999999994
2 0.49285468750000005 0.41227291718750003 0.4289734375 0.3916270828125 0.42482031249999996 0.4052520828125 0.4274 0.41100000000000003 0.49460781249999997 0.42184375 0.49285468750000005 0.41227291718750003
2 0.3986046875 0.4487020828125 0.39393125 0.4496125 0.3531265625 0.5029583328125 0.35688749999999997 0.5151145828125 0.365925 0.5162333328125001 0.40004999999999996 0.4524145828125 0.3986046875 0.4487020828125