2 0.61484375 0.5171875 0.0421875 0.08125
2 0.45390625 0.73046875 0.0859375 0.0734375
0 0.4375 0.42421875 0.0984375 0.0609375
2 0.33203125 0.4859375 0.0734375 0.0734375
1 0.43984375 0.815625 0.0421875 0.0546875
1 0.56171875 0.4484375 0.034375 0.034375
2 0.44140625 0.66875 0.040625 0.09375
1 0.4671875 0.6515625 0.0375 0.0484375
2 0.340625 0.51328125 0.08125 0.059375
0 0.5859375 0.4640625 0.1015625 0.046875
1 0.57265625 0.6875 0.040625 0.0515625
1 0.4 0.56171875 0.0359375 0.0484375
2 0.43515625 0.5609375 0.0578125 0.084375
0 0.56015625 0.48203125 0.1015625 0.05
0 0.48984375 0.59765625 0.0421875 0.134375
2 0.49696749999999995 0.6730074875 0.5163584296875 0.6716555265624999 0.5172625671875 0.5761245734375 0.5059132328125 0.5776726171875 0.49696749999999995 0.6730074875
1 0.511205559375 0.4647834546875 0.54133958125 0.4641986921875 0.54094209375 0.4333683328125 0.51519611875 0.43242601562500005 0.511205559375 0.4647834546875
0 0.5138478203125 0.5608128203125 0.517895159375 0.6844775140625 0.5502106578125 0.6723338640625001 0.5363107203124999 0.5494808531250001 0.5138478203125 0.5608128203125