2 0.4046875 0.3703125 0.0859375 0.0484375
0 0.52265625 0.35390625 0.1 0.0859375
2 0.215625 0.45390625 0.0890625 0.0734375
0 0.51484375 0.41328125 0.1015625 0.0796875
2 0.29453125 0.5515625 0.1015625 0.0359375
2 0.59140625 0.459375 0.0421875 0.065625
2 0.3546875 0.52421875 0.0859375 0.0625
1 0.53828125 0.615625 0.034375 0.03125
0 0.42578125 0.44921875 0.0890625 0.084375
0 0.51953125 0.625 0.08125 0.08125
0 0.49140625 0.459375 0.1140625 0.040625
1 0.58359375 0.43828125 0.0328125 0.0328125
1 0.3578125 0.45625 0.046875 0.034375
1 0.340625 0.48359375 0.034375 0.028125
1 0.28828125 0.5953125 0.0484375 0.0359375
1 0.3765625 0.48984375 0.0390625 0.03125