1 0.4343602140625 0.5070587078125001 0.44238321718750007 0.47245438125000006 0.40983885468750003 0.4709085609375 0.4049232984375 0.5009153265624999 0.4343602140625 0.5070587078125001
1 0.5045092999999999 0.5035184359375 0.481325459375 0.5028057265625 0.4791250640625 0.5209526906249999 0.48468708125 0.5330404343749999 0.5046217390625001 0.5309101921875 0.5103540671875 0.5213586671875 0.5045092999999999 0.5035184359375
1 0.5716149328125 0.46701525625 0.5689311359375 0.45047212031250006 0.54724121875 0.4405208046875 0.528319109375 0.45376594218750005 0.5298460375 0.47138255625000003 0.552185596875 0.47792713906250006 0.5716149328125 0.46701525625
1 0.57503355 0.4734083625 0.56424601875 0.48479923437499994 0.5657790421875 0.49477265625 0.5746972953125 0.5033938874999999 0.59461700625 0.505389840625 0.6103280015625 0.4959549890625 0.6081309874999999 0.4804546 0.588912303125 0.47363016093750004 0.57503355 0.4734083625
1 0.6240013859375 0.37302027031249996 0.6238747828125 0.3856421859375 0.6351664359375 0.3936524890625 0.651786359375 0.3938576484375 0.6650171984375 0.38545543125 0.6629931625000001 0.369273259375 0.6444493203125 0.36098138281250003 0.6302567890625 0.363992446875 0.6240013859375 0.37302027031249996
1 0.7008216875 0.448224678125 0.712548290625 0.45556995312500004 0.7318945718750001 0.45644818281250005 0.7446996234375 0.44418968124999997 0.7405192703125001 0.4275747890625 0.72321795625 0.4218226484375 0.7062649984375 0.42658918124999995 0.69932769375 0.4359609015625 0.7008216875 0.448224678125
0 0.44669030468750004 0.5348928640625 0.4399882203125 0.5842659328125 0.431130040625 0.6075782421875 0.43180696718749995 0.6264793171874999 0.4628344390625 0.6319773890625 0.47285277968750006 0.6217904812499999 0.46746691250000005 0.6094534796875 0.4701519328125 0.537217940625 0.4634520421875 0.534443821875 0.44669030468750004 0.5348928640625
0 0.3956881484375 0.5333219312499999 0.37902713593750004 0.5390204734374999 0.379783853125 0.5541523078124999 0.39308848125 0.5628233890625001 0.40672947031250006 0.56316013125 0.41270792656250005 0.549730390625 0.4781863421875 0.5133515046875 0.4719195 0.5017861796875 0.41534072968749997 0.528595375 0.3956881484375 0.5333219312499999
2 0.4820954515625 0.636583753125 0.4777209453125 0.6394104890625 0.477066978125 0.6487626515625 0.47903624218749996 0.6504666718750001 0.49774056718750004 0.6517746046874999 0.49970983281250003 0.653478625 0.5059446078125001 0.6539146031249999 0.5119613937499999 0.65746796875 0.5181961703125 0.657903946875 0.52421295625 0.6614573125 0.53044773125 0.661893290625 0.54466855625 0.667586653125 0.5550598484375 0.668313284375 0.559325359375 0.6670452421874999 0.5595433484375001 0.6639278546875 0.5536355562499999 0.6588157953125 0.523006653125 0.6488424359375 0.5167718765625 0.6484064578125001 0.4924867421875 0.6373103828125 0.4820954515625 0.636583753125
2 0.6541401984374999 0.5953595671875 0.6648584718749999 0.591410115625 0.667372709375 0.5853206671875 0.6654034453125 0.583616646875 0.655012153125 0.5828900171875 0.623075315625 0.591620984375 0.61476228125 0.5910396796875 0.5978092312500001 0.594553153125 0.5853396796875 0.5936811984375 0.5789959109375 0.5948039140625 0.5746214046875 0.5976306499999999 0.57407643125 0.60542411875 0.5760456953124999 0.6071281390625 0.5821714765625 0.609122809375 0.6541401984374999 0.5953595671875
2 0.6655124390625 0.582057953125 0.669995940625 0.5776725234375 0.668135671875 0.574409809375 0.6640881484375 0.5725604640624999 0.6454928171875001 0.5696938359375 0.643523553125 0.5679898171875 0.5901428 0.554859178125 0.58379903125 0.5559818937500001 0.5793155296875 0.5603673234375 0.578988546875 0.5650434046874999 0.5828180796875 0.5700101390625 0.6573084 0.5799179546875 0.6592776640625 0.581621975 0.6655124390625 0.582057953125
2 0.6601422578125 0.539391915625 0.6640807859375 0.54279995625 0.68464538125 0.547370603125 0.700944465625 0.5532092921875 0.707179240625 0.5536452703125 0.7374811609374999 0.5682947109375001 0.74579419375 0.5688760140625 0.75005970625 0.5676079734374999 0.7545432062499999 0.56322254375 0.7549791828125 0.55698776875 0.747102128125 0.5501716890624999 0.7139589875000001 0.5462877796875001 0.7119897234375 0.544583759375 0.6933943921875 0.54171713125 0.68737760625 0.538163765625 0.6625474984374999 0.5348611609375 0.6603602468750001 0.536274528125 0.6601422578125 0.539391915625
0 0.5111616171875 0.51957628125 0.5096430562500001 0.5711585046875001 0.5115033265625 0.5744212171874999 0.532176915625 0.577433171875 0.5407079390625 0.5748970875 0.5436581546875 0.5625728624999999 0.5379683515625 0.554343415625 0.5346837890625 0.5415832140625 0.5283326578125 0.5129454203125 0.5288776296875 0.5051519515625 0.5251570906249999 0.49862652343749997 0.5257020625 0.4908330546875 0.5238417937500001 0.48757034218750006 0.5135594953125 0.48528501718749995 0.50710673125 0.4879664265625 0.506561759375 0.495759896875 0.508531021875 0.49746391562500003 0.507550071875 0.5114921609375 0.5111616171875 0.51957628125
0 0.49931658125 0.390310128125 0.5062053234375 0.38139394375 0.5046720359375 0.3734551484375 0.492093490625 0.3741418859375 0.465519471875 0.39577838125000003 0.421883409375 0.42248704375 0.4172909140625 0.42843116718749996 0.41685493593749995 0.43466594374999995 0.4248409859375 0.439923328125 0.4372015421875 0.442353978125 0.44802881250000004 0.43684583281249995 0.4817095625 0.4031757640625 0.49931658125 0.390310128125
2 0.5197574546875 0.3369184515625 0.5310280656249999 0.354936040625 0.5323433640624999 0.36599222343750004 0.5360639015625 0.37251765 0.53573691875 0.37719373125 0.5377061828125 0.3788977515625 0.5373792 0.3835738328125 0.54099074375 0.3916579546875 0.5429600078125 0.3933619734375 0.5512730421875001 0.39394327812499996 0.5557565421875 0.3895578484375 0.553787278125 0.387853828125 0.5542232546875 0.381619053125 0.5505027171875 0.3750936265625 0.54918741875 0.36403744374999997 0.5437156062499999 0.3526906078125 0.5440425890625 0.3480145265625 0.5420733249999999 0.34631050625 0.54294528125 0.33384095625 0.5410850125 0.3305782421875 0.5370374890625 0.328728896875 0.52872445625 0.3281475921875 0.5201934328125 0.3306836765625 0.5197574546875 0.3369184515625
0 0.69675113125 0.404116096875 0.7100926375000001 0.3925185015625 0.7083413640625 0.38769709531249996 0.70024631875 0.383998403125 0.6959808078124999 0.3852664453125 0.671921025 0.40081349062499994 0.6006136343749999 0.4349850796875 0.597881409375 0.444191915625 0.607618734375 0.45427070937499997 0.619979290625 0.45670135937499995 0.6286193078125 0.45260658125 0.6684258390625 0.420931184375 0.69675113125 0.404116096875