0 0.496875 0.63359375 0.0765625 0.0890625
2 0.21328125 0.521875 0.1015625 0.0703125
0 0.5640625 0.559375 0.0515625 0.1015625
2 0.31484375 0.4359375 0.0984375 0.0359375
1 0.39453125 0.5359375 0.05 0.0375
2 0.26015625 0.46875 0.1015625 0.05625
2 0.50625 0.58125 0.0484375 0.0765625
1 0.3984375 0.38203125 0.05 0.0390625
0 0.36328125 0.48515625 0.134375 0.05
0 0.39921875 0.64609375 0.1203125 0.0640625
1 0.29375 0.5484375 0.05 0.0390625
2 0.54609375 0.43359375 0.040625 0.0625
1 0.33515625 0.5625 0.046875 0.0359375
1 0.53671875 0.3625 0.0421875 0.0328125
0 0.51640625 0.4390625 0.05 0.09375
2 0.55625 0.52109375 0.071875 0.0578125
1 0.5702019796875 0.46637829531249997 0.573488484375 0.44590276093750003 0.54458328125 0.44036539062499996 0.542246759375 0.4665917515625 0.5702019796875 0.46637829531249997
2 0.5284061046875 0.5548692578125001 0.5304253125 0.48734483281249996 0.4984274703125 0.48540425000000004 0.5060602484375 0.5599132671875 0.5284061046875 0.5548692578125001