1 0.7776696578124999 0.22042603906250008 0.6420257937166911 0.13481070545459856 0.5076089830498354 0.3477727395896184 0.643252847145644 0.43338807319751993
1 0.6558181078124999 0.1392793406250002 0.5499184575365952 0.06712640402250783 0.403730748582148 0.28168769538340516 0.5096303988580528 0.3538406319858975
1 0.512073409375 0.11677628437500007 0.41858871967917405 0.10473001383996172 0.3901391666700606 0.32551184231592867 0.4836238563658866 0.337558112850967
3 0.5774025803343869 0.22721068297359065 0.5329712238515556 0.21850779108816215 0.5309218247671688 0.22897070186457147 0.5753531812500001 0.23767359375000002
3 0.5690032625000001 0.17763386249999996 0.550785313792267 0.143132514924877 0.5395530171875002 0.1490635703125 0.557770965895233 0.183564917887623
3 0.5981396417759856 0.171491738564412 0.5656265665955739 0.1563666317431725 0.5616133529445884 0.16499347442876056 0.5941264281249999 0.18011858125000008
3 0.6084828718749999 0.16541931562500006 0.5734720740039163 0.15278761716004507 0.5701070229991327 0.16211440095568608 0.6051178208702164 0.17474609942064107
3 0.6192576484539266 0.1703632565494427 0.6102077184257061 0.14849201361168948 0.5988197390625001 0.15320415625 0.6078696690907206 0.17507539918775322
3 0.626152528125 0.155688875 0.6044802111549552 0.13507073901546246 0.5974716491555053 0.1424376405273255 0.6191439661255501 0.16305577651186307
0 0.7055946171874999 0.23245843593750007 0.7035858789926401 0.21732100798702175 0.6329225124999999 0.22669804375 0.6349312506948597 0.2418354717004783
0 0.6629159875000001 0.2770513453125 0.6604640430783204 0.2599246720022506 0.5944861343750001 0.26937041562499997 0.5969380787966798 0.2864970889352494
0 0.6509657421874999 0.2932671156250001 0.613928856920443 0.2765066840516234 0.6087128076274255 0.28803301130441744 0.6457496928944825 0.30479344287779414
0 0.6896615015625 0.21538936406250006 0.6838447914746695 0.19704793188966402 0.6172634578125 0.21816320312499995 0.6230801679003305 0.236504635297836
0 0.6774265906249999 0.18615892343749998 0.6668365672865798 0.171957941479055 0.6142049203181594 0.2112066618398049 0.6247949436565795 0.2254076437982499
0 0.6797030999999999 0.16887652812500012 0.6655919480738173 0.15204528598446823 0.6175829674654097 0.1922955547127029 0.6316941193915924 0.2091267968532348
2 0.496875 0.17812500000000003 0.48125 0.17812500000000003 0.48125 0.19375000000000003 0.496875 0.19375000000000003
2 0.4765625 0.19218750000000004 0.4578125 0.19218750000000004 0.4578125 0.2078125000000001 0.4765625 0.2078125000000001
2 0.475 0.20468750000000008 0.45625 0.20468750000000008 0.45625 0.22031250000000008 0.475 0.22031250000000008
2 0.478125 0.2171875000000001 0.459375 0.2171875000000001 0.459375 0.2328125000000001 0.478125 0.2328125000000001
2 0.5015625 0.2000000000000001 0.4859375 0.2000000000000001 0.4859375 0.21875000000000008 0.5015625 0.21875000000000008
2 0.503125 0.18906250000000005 0.4875 0.18906250000000005 0.4875 0.2015625000000001 0.503125 0.2015625000000001