1 0.7459311059395997 0.5410941482788033 0.74459101875 0.2727025765625001 0.4923379346872486 0.27396208379787185 0.4936780218768482 0.542353655514175
1 0.58360514375 0.5432010609375 0.49287251363898354 0.28671985603318084 0.32657926874999993 0.34554765 0.4173118988610164 0.6020288549043192
1 0.49984069531250014 0.5629757578125001 0.3208775625000001 0.35609083281250004 0.20785789343142874 0.45385703808793776 0.38682102624392883 0.6607419630879378
1 0.45135425937500007 0.5973808078125 0.20797380468750007 0.45412366718749997 0.14727655219442917 0.5572426101288167 0.39065700688192917 0.7004997507538168
0 0.5215762628592453 0.35370123357059924 0.452963644314546 0.319776326413166 0.44124223437500004 0.3434827031250002 0.5098548529196993 0.3774076102824334
0 0.5050502859375 0.36345054999999993 0.4808615546875 0.36100305 0.474926179072547 0.41966258242815274 0.499114910322547 0.42211008242815273
0 0.4839083342624263 0.41780322752080223 0.47920027121756126 0.35578619244130516 0.4532202656249999 0.35775848125 0.4579283286698649 0.41977551632949706
0 0.6474991984375 0.4946312218750002 0.577265560874455 0.43842443064537695 0.5620827375 0.457396246875 0.632316375063045 0.5136030381046233
0 0.6211061499999999 0.4404033125 0.5956975013993995 0.3751187376669834 0.5639763717434423 0.38746454888967796 0.5893850203440427 0.4527491237226945
0 0.4569757109374999 0.510039640625 0.4342861954366791 0.4967320215768901 0.4094285265625001 0.53911439375 0.432118042063321 0.5524220127981099
0 0.388777834375 0.42999809687500007 0.3648042600586715 0.4142211405352242 0.3318091210262336 0.4643582772957219 0.3557826953425621 0.48013523363549765
0 0.34189610156250005 0.42192825 0.31370672358737817 0.4090454586736743 0.2889299859375001 0.46326048125 0.3171193639126219 0.4761432725763258
0 0.35169341093750006 0.4241079375000002 0.32059793571627465 0.4173929622393495 0.3097342669662747 0.4677000638018495 0.3408297421875 0.4744150390625001
0 0.4075986156250001 0.5103491953125 0.36006836148549287 0.4697483460747516 0.34918356176994614 0.48249087009704617 0.3967138159094533 0.5230917193347946
3 0.45711279375 0.3943093234375 0.41684280183595374 0.35678142678824265 0.40720322500000006 0.3671253500000001 0.4474732169140463 0.40465324664925745
3 0.4708802875 0.44511758125000006 0.43345949438371445 0.39992433967584257 0.41852312452212 0.4122919147165021 0.4559439176384054 0.45748515629065967
3 0.46061416875 0.40498950468749995 0.42137048785681924 0.369792887421896 0.40601584645852495 0.38691307379425943 0.44525952735170576 0.4221096910598633
3 0.46991316718749987 0.375588084375 0.4185015286292435 0.35669521061495313 0.4138586557860412 0.3693294823259852 0.46527029434429756 0.38822235608603206
3 0.46344433135930146 0.3425986421071398 0.4603507156249999 0.33043847968750006 0.4140832212897193 0.3422091981633616 0.41717683702402075 0.3543693605830014
3 0.39261036406250005 0.5187134625 0.34424441612290924 0.49557910280895195 0.3389972714092128 0.5065490683253239 0.38736321934880363 0.5296834280163718
3 0.42834322849457884 0.4853121302057272 0.3701543222435539 0.47326003442079856 0.36813234531249994 0.4830223718749999 0.42632125156352485 0.4950744676599287
3 0.4211506125000001 0.5010505703125002 0.38147836227274423 0.48101638448054834 0.3757521901762671 0.4923555092226911 0.4154244404035229 0.5123896950546429
3 0.6502655609374999 0.47355462343750004 0.6319310017658206 0.42596036641127794 0.6153594579120268 0.43234416080869986 0.6336940170837062 0.47993841783492197
3 0.673263525 0.4062115171875 0.6690319116895529 0.39474330207042646 0.6048393984375 0.4184294546875 0.609071011747947 0.42989766980457345
3 0.656164415625 0.49167331562500005 0.6108219859540075 0.4528037093450442 0.601884703125 0.46322928750000003 0.6472271327959926 0.5020988937799558
3 0.6496530078125 0.5019354843749999 0.6441677890037341 0.49191082849438494 0.5987061691695 0.516786189320876 0.6041913879782659 0.526810845201491
2 0.4390625 0.39531250000000007 0.415625 0.39531250000000007 0.415625 0.4125 0.4390625 0.4125
2 0.4265625 0.34843750000000007 0.403125 0.34843750000000007 0.403125 0.3656250000000001 0.4265625 0.3656250000000001
2 0.4203125 0.36406250000000007 0.3968750000000001 0.36406250000000007 0.3968750000000001 0.37968750000000007 0.4203125 0.37968750000000007
2 0.421875 0.3765625000000001 0.3921875000000001 0.3765625000000001 0.3921875000000001 0.3921875000000001 0.421875 0.3921875000000001
2 0.4640625 0.3437500000000001 0.4359375 0.3437500000000001 0.4359375 0.3593750000000001 0.4640625 0.3593750000000001
2 0.3359375000000001 0.46875 0.30937500000000007 0.46875 0.30937500000000007 0.4859375 0.3359375000000001 0.4859375
2 0.3515625000000001 0.48125 0.3296875000000001 0.48125 0.3296875000000001 0.4953125 0.3515625000000001 0.4953125
2 0.3687500000000001 0.4828125 0.3453125000000001 0.4828125 0.3453125000000001 0.5 0.3687500000000001 0.5
2 0.37968750000000007 0.4921875 0.35625000000000007 0.4921875 0.35625000000000007 0.509375 0.37968750000000007 0.509375
2 0.634375 0.39531250000000007 0.6015625 0.39531250000000007 0.6015625 0.4171875 0.634375 0.4171875
2 0.6140625 0.4765625 0.584375 0.4765625 0.584375 0.496875 0.6140625 0.496875
2 0.6125 0.5 0.5859375 0.5 0.5859375 0.5171875 0.6125 0.5171875
2 0.634375 0.4890625 0.6015625 0.4890625 0.6015625 0.5109375 0.634375 0.5109375