1 0.4524712593877124 0.32299808585587353 0.250411834375 0.15130157500000002 0.14661910434501493 0.27344907378035177 0.3486785293577273 0.4451455846362252
1 0.4879339510148279 0.30538492197810474 0.37038954293248805 0.08428566311439475 0.24786446718750002 0.14942445000000001 0.3654088752698399 0.37052370886371
1 0.5227525609375001 0.3057042390625 0.5125061127910832 0.09134526008702402 0.38409079375000005 0.097483565625 0.3943372418964169 0.31184254460047595
3 0.3177300875 0.50040391875 0.3166613936739263 0.4893575512722668 0.2644042854577636 0.4944132267268132 0.26547297928383723 0.5054595942045464
3 0.33383587139259563 0.4986619147307428 0.284453183029813 0.49858515768753603 0.28443865382471734 0.5079327195192933 0.3338213421875 0.5080094765625001
3 0.36818540000000005 0.572606728125 0.3349953864843397 0.5394345144687261 0.3249119690173706 0.5495233425909776 0.35810198253303094 0.5826955562472514
3 0.3639572796875 0.6112979328125001 0.353034565625 0.5724436 0.3405992409993158 0.5759394133450954 0.3515219550618157 0.6147937461575954
3 0.36713022500000003 0.6225145500000001 0.35932392326799834 0.6116269126072197 0.31827507969183555 0.6410584271907005 0.3260813814238372 0.6519460645834809
3 0.32973863125 0.5053491656250001 0.31852484104185563 0.5032678874787164 0.31038612697935564 0.5471187452912163 0.32159991718750003 0.5492000234375001
0 0.3768264109375 0.537499525 0.33837827656249997 0.48932365781250003 0.32413822617867466 0.50068833898229 0.3625863605536747 0.54886420616979
0 0.369121709375 0.5512883578125001 0.34458944133360614 0.5026687095034987 0.32532331477110615 0.5123899188784988 0.3498555828125 0.5610095671875002
0 0.36034041523132926 0.6243447518229421 0.35727806249999994 0.6078956875000001 0.2885280811036718 0.6206949987054551 0.2915904338350011 0.6371440630283971
0 0.29758338281249996 0.6200575718749999 0.2897805900442842 0.6029661991188732 0.221152659375 0.6342971828125 0.22895545214321578 0.6513885555686267
0 0.2716561880867553 0.5537578105987669 0.2701825137763032 0.5362102131741052 0.19811178193954795 0.5422628244503382 0.19958545625 0.5598104218749999
0 0.24320391052295554 0.5640650912376646 0.17323296994143703 0.5460887045752671 0.16793790156250005 0.5666991265625 0.2379088421440186 0.5846755132248974
2 0.3078125000000001 0.5046875 0.2828125000000001 0.5046875 0.2828125000000001 0.5234375 0.3078125000000001 0.5234375
2 0.3031250000000001 0.5171875 0.2765625000000001 0.5171875 0.2765625000000001 0.5421875 0.3031250000000001 0.5421875
2 0.3140625000000001 0.534375 0.2890625000000001 0.534375 0.2890625000000001 0.553125 0.3140625000000001 0.553125
2 0.2984375000000001 0.5453125 0.2734375000000001 0.5453125 0.2734375000000001 0.5671875 0.2984375000000001 0.5671875
2 0.2750000000000001 0.4484375 0.2468750000000001 0.4484375 0.2468750000000001 0.475 0.2750000000000001 0.475
2 0.24218750000000008 0.4578125 0.2078125000000001 0.4578125 0.2078125000000001 0.4828125 0.24218750000000008 0.4828125