3 0.403125 0.4703125 0.3656250000000001 0.4703125 0.3656250000000001 0.5515625 0.403125 0.5515625
3 0.5750000000000001 0.6984375 0.4921875 0.6984375 0.4921875000000001 0.7671875 0.5750000000000002 0.7671875
0 0.6140625 0.4 0.51875 0.4 0.51875 0.45625 0.6140625 0.45625
3 0.7046875 0.459375 0.6328125 0.459375 0.6328125 0.53125 0.7046875 0.53125
2 0.5640625000000001 0.7921875 0.5234375000000002 0.7921875 0.5234375000000002 0.8453125 0.5640625000000001 0.8453125
2 0.4578125 0.428125 0.425 0.428125 0.425 0.4625 0.4578125 0.4625
3 0.5671875 0.625 0.53125 0.625 0.53125 0.7171875 0.5671875 0.7171875
2 0.5421875 0.6296875 0.5078125 0.6296875 0.5078125 0.6765625 0.5421875 0.6765625
3 0.6984375 0.49375 0.61875 0.49375 0.61875 0.55 0.6984375 0.55
0 0.4671875 0.4390625 0.3656250000000001 0.4390625 0.3656250000000001 0.4796875 0.4671875 0.4796875
2 0.4375 0.659375 0.3984375000000001 0.659375 0.3984375000000001 0.709375 0.4375 0.709375
2 0.6140625 0.54375 0.58125 0.54375 0.58125 0.5921875 0.6140625 0.5921875
3 0.5875 0.5234375 0.534375 0.5234375 0.534375 0.6046875 0.5875 0.6046875
0 0.490625 0.45625 0.3906250000000001 0.45625 0.3906250000000001 0.5015625 0.490625 0.5015625
0 0.521875 0.53125 0.4875 0.53125 0.4875 0.665625 0.521875 0.665625
3 0.49397383281249996 0.6729290953125 0.4899226426379559 0.574657324949268 0.4707591036611204 0.5754473294492938 0.4748102938356644 0.6737190998125258
2 0.491165287816817 0.43176755934646094 0.4610765636778905 0.4312928513921097 0.4605641649235735 0.46377055610814866 0.49065288906250004 0.4642452640624999
0 0.48388843044264496 0.5494519220018083 0.45131124943009604 0.5466736620067512 0.43989737679995117 0.680509874379943 0.4724745578125001 0.6832881343750001