2 0.4765625 0.584375 0.4328125 0.584375 0.4328125 0.6203125 0.4765625 0.6203125
2 0.5328125 0.4484375 0.4890625 0.4484375 0.4890625 0.484375 0.5328125 0.484375
2 0.5890625 0.3906250000000001 0.546875 0.3906250000000001 0.546875 0.4296875 0.5890625 0.4296875
2 0.7703125 0.4828125000000001 0.7234375 0.4828125 0.7234375 0.51875 0.7703125 0.5187500000000002
2 0.771875 0.4421875000000002 0.7265625 0.4421875000000002 0.7265625 0.4781250000000002 0.771875 0.4781250000000002
2 0.73125 0.43437500000000007 0.6921875 0.434375 0.6921875 0.4671875000000001 0.73125 0.4671875000000002
3 0.853125 0.5125000000000002 0.7390625 0.5125000000000002 0.7390625 0.5468750000000002 0.853125 0.5468750000000002
3 0.4984375 0.45625 0.475 0.45625 0.475 0.5328125 0.4984375 0.5328125
3 0.5046875 0.525 0.45625 0.525 0.45625 0.5984375 0.5046875 0.5984375
3 0.4815909069211931 0.5156076534490943 0.46197124802897294 0.5022358224341943 0.41641285263747585 0.5690808323854923 0.4360325115296959 0.5824526634003924
0 0.465625 0.4390625 0.4171875 0.4390625 0.4171875 0.54375 0.465625 0.54375
0 0.7181703796875001 0.5977552500000002 0.6923217822757362 0.5583063735916458 0.5739632408732335 0.6358599711970003 0.5998118382849973 0.6753088476053547
0 0.6943605875000001 0.5211682453125002 0.6934351338785475 0.48881314295681777 0.5626036228436152 0.4925553192094648 0.5635290764650678 0.5249104215651472
0 0.6593305944424592 0.3834654975928505 0.6197346874110925 0.3641178683068409 0.5672089406249999 0.47161447968750003 0.6068048476563666 0.4909621089735096
0 0.6361612406250001 0.39057773125000017 0.6054522527480655 0.36254308485031894 0.524045375 0.4517157031250001 0.5547543628769347 0.4797503495246813
3 0.588059328125 0.5319430703125 0.580025574949123 0.5091677116575782 0.49640276406249983 0.5386647234375002 0.5044365172383769 0.5614400820924218
3 0.48670579375 0.36105287500000005 0.4665842015044078 0.3502613101952085 0.43101956406250014 0.41657394843750006 0.4511411563080923 0.42736551324229166
3 0.7326847218749999 0.42199431093750006 0.6540666931990852 0.3808680874053633 0.6441109478255365 0.3998997661748994 0.7227289765014511 0.4410259897070361