3 0.68125 0.5109375 0.6140625 0.5109375 0.6140625 0.5390625 0.68125 0.5390625
2 0.690625 0.415625 0.65625 0.415625 0.65625 0.4578125 0.690625 0.4578125
2 0.3765625000000001 0.37343750000000003 0.3390625000000001 0.3734375 0.3390625000000001 0.415625 0.3765625000000001 0.415625
2 0.5109375 0.4796875 0.48125 0.4796875 0.48125 0.525 0.5109375 0.525
2 0.6234375 0.3109375000000001 0.5890625 0.3109375000000001 0.5890625 0.3578125000000001 0.6234375 0.3578125000000001
2 0.6046875 0.4703125 0.5734375 0.4703125 0.5734375 0.509375 0.6046875 0.509375
2 0.59375 0.37187500000000007 0.5609375 0.37187500000000007 0.5609375 0.4171875 0.59375 0.4171875
3 0.398048800836297 0.5480445009886211 0.341975462805836 0.4915527703961848 0.327010683844539 0.5064067162825636 0.383084021875 0.562898446875
3 0.5496775043575145 0.34432583053580657 0.5292717468492778 0.33142063803685107 0.4797901034292634 0.40966127000104463 0.5001958609375 0.42256646250000013
3 0.5320015553690569 0.3313857092402875 0.4672118500000001 0.27411819843749996 0.4477193154718016 0.29617111380389793 0.5125090208408585 0.35343862460668546
3 0.4648372609978805 0.3243696925029095 0.4128467343750001 0.2376090828125 0.39346811868961956 0.24922154655959045 0.44545864531249996 0.33598215624999994
0 0.4899990478201957 0.5317549830125892 0.4617572825987404 0.5165440478000454 0.4082903910285447 0.6158146960374563 0.4365321562500002 0.6310256312500001
0 0.44162545535097486 0.5894502415861262 0.394761459375 0.4936923718750001 0.36575831254987834 0.507886540565296 0.41262230852585324 0.6036444102764221
0 0.3949926875829576 0.35648674228986665 0.3629734209975584 0.35272640061170113 0.3475519802896009 0.4840397926968345 0.379571246875 0.487800134375
0 0.6250915381120044 0.3601415151852584 0.6000079113216521 0.3524578791704524 0.5641331372721478 0.4695729327351941 0.5892167640625 0.47725656875
0 0.5483931054035849 0.48034291022630093 0.521252837352988 0.4791768431281914 0.5164906631994032 0.5900166766518906 0.5436309312500001 0.5911827437500001