3 0.6128773916504392 0.6601232364662005 0.5346002171875001 0.6317447156250001 0.5247292586881835 0.6589720240844901 0.6030064331511227 0.6873505449256906
3 0.38005514938148977 0.5103870510830393 0.36434697187500004 0.493582403125 0.3055594773081482 0.5485341285121506 0.3212676548146379 0.5653387764701897
3 0.38347870666622874 0.4761987124441561 0.3649698122572876 0.4629184013828544 0.31977098358538714 0.5259124339348314 0.3382798779943283 0.5391927449961333
3 0.4621855064369532 0.5936811942157145 0.4009215168555822 0.5381811686514071 0.38532863554296065 0.5553934511425768 0.4465926251243316 0.6108934767068843
3 0.6954637968749999 0.5122223828125001 0.6788532324080553 0.4360298771857442 0.6603186297327424 0.4400705660970087 0.6769291941996871 0.5162630717237645
3 0.6276074982127441 0.4532361438483905 0.5579853234375001 0.44783545937500013 0.556543356474756 0.4664243764641097 0.6261655312500001 0.47182506093750004
3 0.4561789498787959 0.5768697149821951 0.39800668117483406 0.5194645876603221 0.38356617849968033 0.5340980679961325 0.44173844720364225 0.5915031953180054
0 0.4918804635723825 0.5897448681784353 0.41938482721217146 0.49785724574770523 0.39511334787510916 0.5170064662128502 0.46760898423532027 0.6088940886435803
0 0.49632785 0.4323494734375001 0.39706998828359363 0.42789161410572907 0.3953550835960936 0.46607536098072905 0.4946129453125 0.47053322031250006
0 0.5703317108722655 0.5767591810406271 0.5124326375000001 0.4868333640625001 0.48723990319023464 0.5030538002093732 0.5451389765625001 0.5929796171875001
0 0.6157633647918903 0.6400289192840124 0.510642471875 0.5914120437500001 0.49459292122128273 0.6261148722864265 0.599713814138173 0.6747317478204388
0 0.4736745331665718 0.4196908894818689 0.4601295640624999 0.38293455625000006 0.37080074676329045 0.415852858050899 0.38434571586736227 0.45260919128276783
2 0.609375 0.4203125 0.5796875 0.4203125 0.5796875 0.453125 0.609375 0.453125
2 0.5765625 0.453125 0.546875 0.453125 0.546875 0.4890625 0.5765625 0.4890625
2 0.5078125 0.5453125 0.4765625 0.5453125 0.4765625 0.5828125 0.5078125 0.5828125
2 0.5140625 0.5765625 0.478125 0.5765625 0.478125 0.6125 0.5140625 0.6125
2 0.5984375 0.5796875 0.571875 0.5796875 0.571875 0.61875 0.5984375 0.61875
2 0.6609375 0.5828125 0.625 0.5828125 0.625 0.628125 0.6609375 0.628125