2 0.5175144370866156 0.5937880879997733 0.5171220890625 0.5615247015625001 0.4816325400677953 0.56195628224768 0.48202488809191085 0.5942196686849532
2 0.49823379960544933 0.4886240063570749 0.4684275177132912 0.48430804389748083 0.46395254374943684 0.5152124682698961 0.49375882564159496 0.5195284307294903
2 0.5753071900180589 0.4552740858970493 0.550072070520525 0.43004660391521893 0.5189561832233386 0.4611719114184341 0.5441913027208723 0.4863993934002645
2 0.5448458900667627 0.395520915164861 0.513578596594157 0.390521424890008 0.5062755143020546 0.43619560460195317 0.5375428077746602 0.4411950948768061
2 0.6671063778754807 0.36528472527268024 0.6350611398016246 0.35540830590024364 0.6230302811306365 0.39444388304682343 0.6550755192044926 0.4043203024192601
2 0.6220346309078382 0.2797163463120016 0.5894557932093156 0.26512767355584765 0.5716628967554463 0.30486205484236345 0.6042417344539688 0.3194507275985174
0 0.4611719296988608 0.5235616785888525 0.3656932181579647 0.5035644616773837 0.35723766788306455 0.543936331882668 0.45271637942396065 0.5639335487941368
0 0.4941635884106563 0.5260575946474092 0.46637341411898686 0.5087983874809133 0.4101757554974418 0.5992859001928638 0.4379659297891111 0.6165451073593596
3 0.3648941519360389 0.4970957606093346 0.3558984061493201 0.41150684126083775 0.339633901069582 0.4132163073244105 0.34862964685630077 0.49880522667290733
3 0.45073590951475406 0.322431679256459 0.4369695830820041 0.31741128469416424 0.40429373991413203 0.4070110796769436 0.418060066346882 0.41203147423923836
3 0.4618543212978697 0.41122737269072634 0.45965604701168844 0.3189410820872888 0.4433634276337064 0.3193291749014973 0.44556170191988764 0.4116154655049349
3 0.4955950763576024 0.3356940570045745 0.49326378023594125 0.23807494299954385 0.4736055185933094 0.23854441283230327 0.4759368147149706 0.3361635268373339
0 0.5210978032249989 0.4796753877659885 0.43534059281384285 0.4414002839309579 0.4210423702435794 0.47343613905883863 0.5067995806547354 0.5117112428938693
0 0.6301142702491285 0.5219809762245373 0.6111196278584181 0.5032820782170349 0.5360248898815344 0.5795645250608383 0.5550195322722449 0.5982634230683408
3 0.6795983920205991 0.4908118513826757 0.6174369166783451 0.4597433262540541 0.6071079945550454 0.48040929077027983 0.6692694698972994 0.5114778158989013
0 0.6530152202440819 0.3191194169090649 0.6303579495767101 0.3017120124227891 0.5547721982592813 0.40009352745829335 0.577429468926653 0.41750093194456916