2 0.7328125 0.5437500000000001 0.6765625 0.54375 0.6765625 0.5906250000000001 0.7328125 0.5906250000000002
2 0.790625 0.4906250000000002 0.740625 0.4906250000000002 0.740625 0.5296875000000002 0.790625 0.5296875000000002
2 0.653125 0.3812500000000001 0.603125 0.3812500000000001 0.603125 0.4203125 0.653125 0.4203125
2 0.55 0.478125 0.5015625 0.478125 0.5015625 0.515625 0.55 0.515625
2 0.5609375 0.578125 0.5109375 0.578125 0.5109375 0.6171875 0.5609375 0.6171875
2 0.6125 0.54375 0.5734375 0.54375 0.5734375 0.578125 0.6125 0.578125
3 0.8808407847188615 0.4177158238099718 0.7732391812582396 0.3990574231404911 0.7676260922808125 0.43142768815073007 0.8752276957414343 0.45008608882021084
3 0.7299166131227282 0.4616051152807725 0.644657914858457 0.4240061632681263 0.6356105642375642 0.444521770629159 0.7208692625018355 0.4821207226418053
3 0.629769557767638 0.5794429092084299 0.6154756235848151 0.5121952621365675 0.5930597409908073 0.5169599069144917 0.6073536751736301 0.584207553986354
0 0.7357588295575224 0.4030320946720554 0.7285525540007761 0.3808653158563816 0.6010482041156845 0.42231615035047926 0.6082544796724307 0.444482929166153
0 0.5757279326955531 0.5835354006045252 0.5083888314994759 0.5056396293814035 0.4833589443576686 0.5272773906706615 0.5506980455537458 0.6051731618937832
0 0.5103174601292976 0.376191022582719 0.4934736436960951 0.3550647217279382 0.4067829633082022 0.42418244929228094 0.42362677974140467 0.4453087501470618
0 0.5044971076251764 0.32195817090268203 0.48100214493629523 0.3013536815802991 0.4126772679960692 0.37926342296317167 0.4361722306849504 0.39986791228555457
0 0.44876210156249996 0.50431123125 0.417536604231559 0.4201750557667624 0.38649279921705953 0.4316963573359742 0.41771829654800047 0.5158325328192118
3 0.422430553125 0.5109752421875 0.39660036046879943 0.44426187031296427 0.3785312525626166 0.45125789712480247 0.4043614452188171 0.5179712689993382
3 0.49050666516692 0.36336878576915604 0.47919691808159115 0.3499542862742091 0.41938198504050994 0.4003841785616804 0.43069173212583883 0.41379867805662734