3 0.5000000000000001 0.646875 0.4640625 0.646875 0.4640625000000001 0.7453125 0.5000000000000002 0.7453125
2 0.5796875 0.56875 0.5421875 0.56875 0.5421875 0.61875 0.5796875 0.61875
3 0.615625 0.45 0.5390625 0.45 0.5390625 0.4984375 0.615625 0.4984375
2 0.4296875 0.6015625 0.3906250000000001 0.6015625 0.3906250000000001 0.6515625 0.4296875 0.6515625
0 0.54375 0.56875 0.49375 0.56875 0.49375 0.703125 0.54375 0.703125
2 0.6171875 0.6640625 0.578125 0.6640625 0.578125 0.7140625 0.6171875 0.7140625
2 0.61875 0.621875 0.5828125 0.621875 0.5828125 0.66875 0.61875 0.66875
2 0.3750000000000001 0.4765625 0.3421875000000001 0.4765625 0.3421875000000001 0.51875 0.3750000000000001 0.51875
0 0.484375 0.475 0.3906250000000001 0.475 0.3906250000000001 0.525 0.484375 0.525
2 0.4573637046875 0.4670903359375 0.45282888073330946 0.43816105606000066 0.42681629792080955 0.44223867168500064 0.431351121875 0.4711679515624999
3 0.55666748125 0.4796254359375 0.5459265492029813 0.44987126832394664 0.4754773038904814 0.4753026823864466 0.48621823593749997 0.5050568500000001
0 0.6946291680035512 0.49882709787618246 0.665669684375 0.49113133906250006 0.6297346674224555 0.6263564104717968 0.6586941510510068 0.6340521692854791
0 0.681355507435398 0.4707927129291513 0.5870867359374999 0.4324079765625001 0.571390378502102 0.47095653707084884 0.66565915 0.5093412734375
3 0.6227603573234901 0.7261330487369374 0.5953993593750001 0.7140546906250002 0.5494629129890101 0.8181141168880629 0.5768239109375001 0.8301924750000002
3 0.5548949076970215 0.6969005243104005 0.5300681421875 0.6886648109375 0.49578390636547864 0.7920155038145996 0.520610671875 0.8002512171875
3 0.5350843416912544 0.46928020790928765 0.48942253125000007 0.39986560000000015 0.47190922706410865 0.41138607386021764 0.5175710375053629 0.4808006817695052
3 0.45515679218750005 0.4670275734375001 0.3913054915737244 0.45161882538495357 0.38569464352711813 0.4748692506693663 0.4495459441408938 0.49027799872191286
0 0.592192098091653 0.4030340442860062 0.49852289687500007 0.3895295000000001 0.4928843894083473 0.4286388900889939 0.5865535906250001 0.44214343437500003