3 0.6043424942143456 0.6658113400677435 0.5276578125 0.633375 0.5163754149797302 0.6600483873491789 0.5930600966940758 0.6924847274169224
3 0.37941797618610595 0.5044656694875306 0.36486874999999996 0.48649166718750003 0.30258641941180714 0.5369066888392944 0.3171356455979131 0.5548806911393249
3 0.3848840579268294 0.4701330791539634 0.36709556707317076 0.4559022864710366 0.31866182698170736 0.516444461585366 0.336450317835366 0.5306752542682929
3 0.4573344342426834 0.5915737498224922 0.39905905290924976 0.5329434763633805 0.3825867200198261 0.5493161013563694 0.44086210135325976 0.6079463748154812
3 0.69455625 0.5224354171875001 0.68195605814481 0.4454780010790804 0.663235383242019 0.44854312601910545 0.6758355750972089 0.5255005421275251
3 0.6298800467905513 0.45997869220265974 0.5606359375000001 0.45094166718750006 0.5582230782094488 0.4694296421723404 0.6274671875000001 0.4784666671875001
3 0.4522159550253441 0.5744709504539867 0.3971277621836527 0.514099994418281 0.3819411927488981 0.527957662418945 0.43702938559058957 0.5883286184546508
0 0.48719470845489743 0.5891969328850413 0.4196074506111104 0.4936411092953842 0.39436704098398156 0.5114938158020779 0.4619542988277686 0.607049639391735
0 0.4998734375000001 0.4322500000000001 0.4009849124796445 0.42260349491890026 0.39727397497964456 0.46064516210640016 0.49616250000000006 0.47029166718750004
0 0.566218058254724 0.5803348618672268 0.5131046874999999 0.48750208281250007 0.4870975667452758 0.5023818037577733 0.5402109375 0.5952145828125002
0 0.6082761675059153 0.6458956004027661 0.50584375 0.59184375 0.48799998880305695 0.6256590511077598 0.5904324063089723 0.6797109015105256
0 0.4779136661760816 0.41842318101956033 0.46631093749999997 0.3810083328125 0.37538173065083075 0.40920641369107286 0.38698445932691233 0.4466212618981332
2 0.6125 0.425 0.5828125 0.425 0.5828125 0.45625 0.6125 0.45625
2 0.578125 0.45625 0.55 0.45625 0.55 0.490625 0.578125 0.490625
2 0.5046875 0.5453125 0.475 0.5453125 0.475 0.58125 0.5046875 0.58125
2 0.5078125 0.5765625 0.4734375 0.5765625 0.4734375 0.6125 0.5078125 0.6125
2 0.5921875 0.5859375 0.5671875 0.5859375 0.5671875 0.6234375 0.5921875 0.6234375
2 0.6546875 0.590625 0.6203125 0.590625 0.6203125 0.6328125 0.6546875 0.6328125