3 0.6183968491451886 0.6560863308381573 0.5391769640625002 0.6304569312500001 0.5302622384102221 0.6580121433527246 0.6094821234929106 0.6836415429408818
3 0.38026603624344557 0.5149580917849925 0.3642056359375 0.4983205343749999 0.30655426799953556 0.5539719755362464 0.3226146683054812 0.5706095329462391
3 0.38271903571957033 0.4802797478345783 0.3637579402216287 0.4676534765485103 0.3207851027099001 0.5321865486975693 0.33974619820784174 0.5448128199836373
3 0.4654779674997294 0.5949438325055116 0.40231437659616043 0.541615700221433 0.38733169463809214 0.5593616806881114 0.4504952855416611 0.6126898129721902
3 0.6957712796875001 0.5053933484375002 0.6765117549640864 0.429826958810317 0.6581294621093841 0.4345120340859103 0.6773889868327977 0.5100784237130934
3 0.6258977274484275 0.4488111934339451 0.5561294843750001 0.44584357812500014 0.5553371397390727 0.46447149562855505 0.6251053828125002 0.46743911093750007
3 0.4588883588315804 0.5783522196534018 0.3987481175602424 0.523012246111765 0.3848271131586333 0.5381407781632345 0.4449673544299714 0.5934807517048712
0 0.49501746176871003 0.5899735647953059 0.4193591549968697 0.5006719788130747 0.39577075822295366 0.520656597672273 0.471429064994794 0.6099581836545043
0 0.49396911718750014 0.43251884062499996 0.39461614490506725 0.4315277485232766 0.3942348792800673 0.46974808446077665 0.4935878515625001 0.47073917656250003
0 0.5729677231965532 0.5742578791393496 0.5119655546874999 0.48640749218750007 0.48735425180344666 0.5034972614856507 0.5483564203124999 0.5913476484375002
0 0.6205797830998996 0.6359035344263904 0.5138262234375001 0.5909849406250001 0.49899756035825316 0.6262267510820095 0.6057511200206528 0.6711453448833998
0 0.4708878239203894 0.4206585552059715 0.45606832812500003 0.3843973265624999 0.3679427585390069 0.42041310861959935 0.38276225433439626 0.45667433726307094
2 0.6078125 0.415625 0.5765625 0.415625 0.5765625 0.4484375 0.6078125 0.4484375
2 0.5765625 0.45 0.5453125 0.45 0.5453125 0.4859375 0.5765625 0.4859375
2 0.5109375 0.54375 0.478125 0.54375 0.478125 0.5828125 0.5109375 0.5828125
2 0.51875 0.5765625 0.48125 0.5765625 0.48125 0.6140625 0.51875 0.6140625
2 0.603125 0.578125 0.575 0.578125 0.575 0.6171875 0.603125 0.6171875
2 0.665625 0.5765625 0.628125 0.5765625 0.628125 0.6234375 0.665625 0.6234375