3 0.5328125 0.3656250000000001 0.453125 0.3656250000000001 0.453125 0.4015625 0.5328125 0.4015625
3 0.76875 0.4562500000000001 0.7015625 0.45625 0.7015625 0.5390625000000001 0.76875 0.5390625000000002
0 0.4671875 0.5296875 0.4125 0.5296875 0.4125 0.625 0.4671875 0.625
3 0.55625 0.6328125 0.4859375 0.6328125 0.4859375 0.703125 0.55625 0.703125
2 0.8484375 0.4734375000000002 0.7953125 0.4734375000000002 0.7953125 0.5125000000000002 0.8484375 0.5125000000000002
2 0.453125 0.434375 0.4203125 0.434375 0.4203125 0.465625 0.453125 0.465625
3 0.7234375 0.5046875 0.63125 0.5046875 0.63125 0.5390625 0.7234375 0.5390625
2 0.678125 0.484375 0.6328125 0.484375 0.6328125 0.51875 0.678125 0.51875
3 0.5734375 0.6140625 0.51875 0.6140625 0.51875 0.6921875 0.5734375 0.6921875
0 0.4671875 0.3734375000000001 0.428125 0.3734375000000001 0.428125 0.4734375 0.4671875 0.4734375
2 0.69375 0.37187500000000007 0.6453125 0.37187500000000007 0.6453125 0.409375 0.69375 0.409375
2 0.6046875 0.56875 0.5578125 0.56875 0.5578125 0.6015625 0.6046875 0.6015625
3 0.6140625 0.525 0.5328125 0.525 0.5328125 0.5765625 0.6140625 0.5765625
0 0.4921875 0.39531250000000007 0.4484375 0.39531250000000007 0.4484375 0.4953125 0.4921875 0.4953125
0 0.665625 0.4734375 0.53125 0.4734375 0.53125 0.50625 0.665625 0.50625
3 0.6698573515625 0.4669959546875001 0.6676397916494018 0.4479447659374231 0.5699441631543888 0.45931654500473174 0.5721617230674869 0.47836773375480873
2 0.46322325312499996 0.4963612390625 0.456340514683277 0.46681178289231823 0.42490798329916013 0.4741331322542884 0.43179072174088307 0.5036825884244702
0 0.676725625 0.44414086093749994 0.6688853763949747 0.4123993758035387 0.5384824341408264 0.4446093206685756 0.5463226827458517 0.47635080580253686