3 0.453125 0.2468750000000001 0.4234375 0.2468750000000001 0.4234375 0.34843750000000007 0.453125 0.34843750000000007
3 0.578125 0.5703125 0.5140625 0.5703125 0.5140625 0.609375 0.578125 0.609375
2 0.4015625 0.528125 0.37187500000000007 0.528125 0.37187500000000007 0.5625 0.4015625 0.5625
0 0.559375 0.4328125 0.5234375 0.4328125 0.5234375 0.546875 0.559375 0.546875
2 0.58125 0.565625 0.55 0.565625 0.55 0.596875 0.58125 0.596875
2 0.553125 0.3343750000000001 0.5203125 0.3343750000000001 0.5203125 0.37968750000000007 0.553125 0.37968750000000007
2 0.521875 0.3234375000000001 0.4953125 0.3234375000000001 0.4953125 0.3578125000000001 0.521875 0.3578125000000001
2 0.4109375 0.27031250000000007 0.3765625 0.27031250000000007 0.3765625 0.31718750000000007 0.4109375 0.31718750000000007
2 0.51875 0.35625000000000007 0.4890625 0.35625000000000007 0.4890625 0.39531250000000007 0.51875 0.39531250000000007
0 0.6988309219288084 0.48085656111809644 0.6783561906249999 0.46282064218749996 0.6053966765086913 0.5456457232569035 0.6258714078124998 0.5636816421875
0 0.6311162828124999 0.5433252015625001 0.5660238176174445 0.45049306696652225 0.5409272019924445 0.4680904279040222 0.6060196671875 0.5609225625
0 0.5951525227807393 0.4516309487956384 0.5266455328124999 0.38020277187499996 0.49811816608218884 0.40756345936090765 0.5666251560504281 0.4789916362815461
0 0.42575252968750005 0.5041384046875002 0.4047358611870527 0.48099837511159926 0.33550605937499994 0.5438755546875 0.3565227278754473 0.5670155842634009
3 0.5003882908843076 0.3877964058497144 0.44768431093750005 0.31301863750000003 0.42899090755319236 0.32619390040028556 0.48169488749999995 0.40097166875
3 0.5680992104947258 0.25546222169728755 0.5159505718749999 0.17052053906250003 0.4882550697826319 0.18752376627918416 0.5404037084023579 0.2724654489139716
3 0.650068812889655 0.43812510659444576 0.6156288004650234 0.34916547192616676 0.5942733266378684 0.35743307314422096 0.6287133390624999 0.44639270781249996