3 0.759375 0.4390625000000001 0.65625 0.4390625 0.65625 0.4796875000000001 0.759375 0.47968750000000016
3 0.4296875 0.503125 0.3843750000000001 0.503125 0.3843750000000001 0.5703125 0.4296875 0.5703125
2 0.4859375 0.3671875000000001 0.45 0.3671875000000001 0.45 0.4 0.4859375 0.4
0 0.565625 0.51875 0.45 0.51875 0.45 0.565625 0.565625 0.565625
2 0.4296875 0.540625 0.3968750000000001 0.540625 0.3968750000000001 0.5734375 0.4296875 0.5734375
2 0.6640625 0.5328125 0.615625 0.5328125 0.615625 0.5703125 0.6640625 0.5703125
2 0.6765625 0.5109375 0.640625 0.5109375 0.640625 0.540625 0.6765625 0.540625
2 0.7421875 0.3968750000000001 0.6921875 0.3968750000000001 0.6921875 0.4359375000000001 0.7421875 0.4359375000000002
2 0.64375 0.5 0.603125 0.5 0.603125 0.5328125 0.64375 0.5328125
0 0.5183323859375001 0.6812654375 0.4417128178082459 0.6011227742330347 0.4220777424039892 0.6198946859256627 0.4986973105332434 0.700037349192628
0 0.5370244953125 0.5612725515625001 0.5197222274244835 0.5361434266648085 0.42590448679948356 0.6007401719773086 0.44320675468750004 0.6258692968750001
0 0.6163557499999999 0.5390217859375002 0.5907195906249999 0.5088824828125001 0.5163032097168387 0.5721802370160431 0.5419393690918387 0.6023195401410432
0 0.524800281954324 0.41224862315824123 0.47355909843750005 0.33182093125000006 0.44735138327546353 0.34851809500432823 0.49859256679228753 0.42894578691256946
3 0.6914255375 0.4675157765625001 0.6802764436884934 0.4475475890323401 0.6003992499999999 0.49214644531250007 0.6115483438115066 0.5121146328426601
3 0.8260072484375 0.5503031750000001 0.8105341343749999 0.5216789765625001 0.7235256921633859 0.5687123128384599 0.7389988062258859 0.59733651127596
3 0.6379217410873526 0.630761875313462 0.6319316852150159 0.6086591887119205 0.53985941875 0.633611721875 0.5458494746223367 0.6557144084765415