2 0.7704684625 0.3042049640625001 0.5185320312500001 0.28669172812500004 0.5001294554776503 0.5514217461775826 0.7520658867276502 0.5689349821150826
2 0.5777170796874999 0.5530679515625001 0.5189179518759388 0.2874409915567519 0.34669492812499997 0.32556424375000004 0.4054940559365612 0.5911912037557483
2 0.49216706875000005 0.56248693125 0.33975082968750003 0.33533397656249997 0.21565889031677798 0.41859781401897145 0.368075129379278 0.6457507687064715
2 0.43984912187500014 0.590726521875 0.21574144218750008 0.41887658125 0.1429295794622529 0.5138297569667571 0.36703725914975294 0.6856796975917572
0 0.5342243328125 0.3650612796875 0.48058746265454505 0.31586558887350513 0.46075486562500007 0.33748858906250007 0.514391735782955 0.38668427987649495
0 0.521653834375 0.36508384375 0.49794367656249994 0.359706721875 0.48490374320855034 0.4172056748230634 0.5086139010210504 0.4225827966980634
0 0.4969305508136637 0.3543262893030491 0.47090383437499994 0.3531177109375001 0.4680188292906192 0.4152462508780384 0.49404554572928294 0.41645482924358745
0 0.6470540515625001 0.5126468703125001 0.5841938104421656 0.44829970866508406 0.5668120734375 0.4652797921875 0.6296723145578345 0.5296269538349161
0 0.6274664515624999 0.45560666406249994 0.6250898634364985 0.390884798450867 0.5888421158945534 0.39221581642428893 0.5912187040205549 0.4569376820359219
0 0.4560728828124999 0.5047214640625001 0.43517428294908045 0.4887478821042821 0.40533678750000013 0.5277849546875001 0.42623538736341954 0.543758536645718
0 0.398137953125 0.4169653078125001 0.3762658018883596 0.3983843076311465 0.3374064250759189 0.4441266335720412 0.35927857631255933 0.4627076337533948
0 0.35258913593749996 0.40324216718750006 0.3261798936853638 0.3870199811754884 0.294980690625 0.4378113671875001 0.3213899328771362 0.4540335531995116
0 0.36204778125000003 0.4065995984375001 0.33200243710185107 0.3961450906732852 0.3150888511643511 0.444753262548285 0.34513419531250006 0.4552077703125
0 0.4070261109375 0.4990111578125001 0.3647981400217037 0.45292046031211564 0.3524415505720261 0.46424148013168054 0.39466952148782236 0.510332177632065
4 0.47303765331538966 0.3871643761761132 0.4335522719949937 0.34740735113095467 0.4240882640625 0.35680669531250003 0.46357364538289597 0.3965637203576586
4 0.4777858250000001 0.441977865625 0.4461516334491077 0.3925610405292323 0.4298193692675484 0.4030161430692673 0.4614535608184408 0.45243296816503503
4 0.4724866109375001 0.4008977734375 0.4378248354025772 0.3611809050414483 0.42049821941914445 0.376302219944948 0.45515999495406734 0.41601908834099965
4 0.48529942812499993 0.3728487703125 0.43932174945297103 0.3444759323535072 0.43220035119226763 0.3560160314228846 0.47817802986429647 0.38438886938187744
4 0.48289921214550774 0.3393168715506522 0.4813106062500001 0.32687033281250005 0.4339534936006812 0.3329147271563125 0.43554209949618894 0.3453612658944647
4 0.39113023281250003 0.5054864703125 0.3459441664941215 0.4766302258234633 0.33939923164473224 0.48687895587793484 0.38458529796311075 0.5157352003669715
4 0.4306673485897406 0.47668884783744725 0.374380954247544 0.45763514127049054 0.37118431875 0.4670782953125001 0.4274707130921967 0.48613200187945677
4 0.4216103124999999 0.4914334171875 0.38467532577673424 0.46671373080954004 0.37760994398264225 0.4772704902590556 0.414544930705908 0.5019901766370156
4 0.6523683859375 0.4920645093750002 0.6399707693126768 0.44259059182211224 0.6227447584676982 0.44690723964372026 0.6351423750925214 0.49638115719660825
4 0.6834019859375 0.4280261156250001 0.6805995384732698 0.4161276788060405 0.6139988890624999 0.43181417812500006 0.6168013365267301 0.4437126149439596
4 0.656572946553234 0.5102424435036882 0.6155224799268774 0.46659417343421666 0.6056064921875 0.47591999375 0.6466569588138565 0.5195682638194715
4 0.648301640625 0.5201591718749998 0.644079005655559 0.5095407576738598 0.5959247073210029 0.5286903237224846 0.6001473422904439 0.5393087379236248
3 0.453125 0.3859375000000001 0.428125 0.3859375000000001 0.428125 0.40625 0.453125 0.40625
3 0.4453125 0.3375000000000001 0.4203125 0.3375000000000001 0.4203125 0.3578125000000001 0.4453125 0.3578125000000001
3 0.4375 0.3531250000000001 0.4125 0.3531250000000001 0.4125 0.37187500000000007 0.4375 0.37187500000000007
3 0.4359375 0.3656250000000001 0.40625 0.3656250000000001 0.40625 0.3843750000000001 0.4359375 0.3843750000000001
3 0.4828125 0.3359375000000001 0.4546875 0.3359375000000001 0.4546875 0.3546875000000001 0.4828125 0.3546875000000001
3 0.34062500000000007 0.4453125 0.3125000000000001 0.4453125 0.3125000000000001 0.465625 0.34062500000000007 0.465625
3 0.3531250000000001 0.4609375 0.3312500000000001 0.4609375 0.3312500000000001 0.478125 0.3531250000000001 0.478125
3 0.37187500000000007 0.4640625 0.3468750000000001 0.4640625 0.3468750000000001 0.484375 0.37187500000000007 0.484375
3 0.3812500000000001 0.475 0.35625000000000007 0.475 0.35625000000000007 0.4953125 0.3812500000000001 0.4953125
3 0.6453125 0.4078125 0.6109375 0.4078125 0.6109375 0.4328125 0.6453125 0.4328125
3 0.615625 0.4875 0.584375 0.4875 0.584375 0.5109375 0.615625 0.5109375
3 0.6109375 0.509375 0.5828125 0.509375 0.5828125 0.5296875 0.6109375 0.5296875
3 0.634375 0.5015625 0.6 0.5015625 0.6 0.5265625 0.634375 0.5265625