2 0.7466773619980758 0.4926094974181289 0.49683571429514084 0.4587677602319977 0.46073533979706516 0.7252841331263689 0.7105769875000002 0.7591258703125001
2 0.5888039296875002 0.46885495468750005 0.4323162838695985 0.38745612290651527 0.30677137500000007 0.6288137296875 0.46325902081790177 0.710212561468485
2 0.5086067765625 0.437614946875 0.41029343359855225 0.32507089866162514 0.20427914141105222 0.5050355799116251 0.30259248437499997 0.617579628125
2 0.4653804640625 0.3967967171875001 0.41962529533745985 0.28623389484895617 0.15867586408745976 0.3942248542239562 0.20443103281249994 0.5047876765625001
0 0.49813345625 0.6391987046875001 0.4845730827252462 0.6131794362991072 0.4200310625 0.6468165812500001 0.4335914360247539 0.6728358496383929
0 0.4890660437125476 0.5773650376114485 0.4647893599626852 0.5760927496535873 0.4617031718750001 0.6349806859375 0.48597985562486246 0.6362529738953613
0 0.4726253580294559 0.5791573122645315 0.44717267790430804 0.573588499606807 0.4338793296875001 0.6343467546875001 0.459332009812648 0.6399155673452246
0 0.6453418765391172 0.5258872061660302 0.632965125607126 0.5049863754976542 0.55554925625 0.5508293828124999 0.5679260071819912 0.5717302134808759
0 0.611633296875 0.5758714140625 0.5819390811395619 0.5592310242752738 0.5476918510464037 0.6203440541820655 0.5773860667818418 0.6369844439692918
0 0.45879166875 0.4840702406250001 0.44007439968923306 0.4386408126229123 0.41575363281250005 0.4486611531250001 0.434470901873267 0.49409058112708787
0 0.38011785781250007 0.5538415171875001 0.3544215684725799 0.49960027488374903 0.3284855774128592 0.5118872119501237 0.35418186675277935 0.5661284542538747
0 0.3325692703125 0.55530815 0.3155789306760727 0.49817249048053025 0.28587095156250003 0.5070067046875001 0.30286129119892735 0.5641423642069698
0 0.34257458593750006 0.5545131984375 0.33881803750000006 0.5031837515625 0.3070906390502212 0.5055057229907661 0.3108471874877212 0.5568351698657661
0 0.40993818906249996 0.4768917343750001 0.4009327354553573 0.46275834806943755 0.34821449628401013 0.4963491413049529 0.35721994989115274 0.5104825276105155
4 0.44282087031249995 0.59869335625 0.434714700085458 0.587108528885915 0.3896137406249999 0.6186667078125001 0.3977199108520419 0.6302515351765849
4 0.463525521875 0.5502956265625002 0.45045574481413436 0.5359696704462961 0.40710944535644134 0.5755151266608918 0.420179222417307 0.5898410827770959
4 0.4477745625 0.5886044109375 0.4349520212372357 0.5695138848458149 0.39119183656947054 0.5989063055090147 0.4040143778322348 0.6179968316006998
4 0.45289117812499996 0.6190138687500001 0.45005184041500124 0.6058563913588836 0.39651115692645605 0.6174102840336884 0.3993504946364547 0.6305677614248049
4 0.44189405288373446 0.6507819736841716 0.3977149987939205 0.6326866156591583 0.39295912247268616 0.6442978872874867 0.43713817656250004 0.6623932453125001
4 0.39625988281249996 0.46652290781250016 0.3925905270923091 0.4549294394198295 0.3414755939166768 0.4711074170605632 0.3451449496368676 0.48270088545323386
4 0.42699643061592923 0.5045722346027652 0.4263527864582926 0.49462349959143637 0.36705284374999997 0.49845997343750004 0.36769648790763665 0.5084087084488289
4 0.42206418125 0.48798593906250004 0.41797183667237475 0.4759602370424828 0.3758974535800753 0.49027814324189584 0.3799897981577006 0.5023038452619131
4 0.6451227015625002 0.5471009359375002 0.6296008837021034 0.5384729556324668 0.6048209155211032 0.5830523518635318 0.6203427333815 0.5916803321685652
4 0.6585245015625001 0.6169893609375002 0.5982531812519261 0.5845998494923326 0.5924666828125 0.5953675296875001 0.6527380031230741 0.6277570411326676
4 0.6534857828125 0.5299795359374999 0.6460864366725806 0.5184115888573678 0.5957756734374999 0.5505924718750002 0.6031750195774194 0.5621604189551322
4 0.6484659625000001 0.5189110250000001 0.6069087534389486 0.4879507146881264 0.6000817534791809 0.49711441691623515 0.6416389625402324 0.5280747272281088
3 0.4265625 0.5765625 0.403125 0.5765625 0.403125 0.59375 0.4265625 0.59375
3 0.40625 0.621875 0.3828125000000001 0.621875 0.3828125000000001 0.6390625 0.40625 0.6390625
3 0.4015625 0.60625 0.37968750000000007 0.60625 0.37968750000000007 0.621875 0.4015625 0.621875
3 0.40625 0.5953125 0.3781250000000001 0.5953125 0.3781250000000001 0.609375 0.40625 0.609375
3 0.4421875 0.634375 0.415625 0.634375 0.415625 0.65 0.4421875 0.65
3 0.3343750000000001 0.4890625 0.3078125000000001 0.4890625 0.3078125000000001 0.50625 0.3343750000000001 0.50625
3 0.3500000000000001 0.4828125 0.3296875000000001 0.4828125 0.3296875000000001 0.496875 0.3500000000000001 0.496875
3 0.3687500000000001 0.48125 0.3453125000000001 0.48125 0.3453125000000001 0.4984375 0.3687500000000001 0.4984375
3 0.3812500000000001 0.471875 0.3578125000000001 0.471875 0.3578125000000001 0.4890625 0.3812500000000001 0.4890625
3 0.6203125 0.6 0.5875 0.6 0.5875 0.6203125 0.6203125 0.6203125
3 0.6109375 0.5171875 0.58125 0.5171875 0.58125 0.5359375 0.6109375 0.5359375
3 0.6125 0.4984375 0.5859375 0.4984375 0.5859375 0.515625 0.6125 0.515625
3 0.6328125 0.5078125 0.6 0.5078125 0.6 0.528125 0.6328125 0.528125