1 0.3921875000000001 0.6140625 0.037500000000000075 0.6140625 0.037500000000000096 0.93125 0.3921875000000001 0.93125
2 0.7842128843750001 0.1338190046875001 0.5360744890625001 0.05271798750000005 0.3912640861330145 0.495782973040248 0.6394024814455145 0.5768839902277481
2 0.9755923465357629 0.288447921303661 0.7959506046875 0.1368837890625001 0.5133206006021023 0.47187166173211353 0.6929623424503651 0.6234357939732744
2 1.080397935175068 0.4529822207620331 0.972884415625 0.34490943750000014 0.6969736927481927 0.6193923554254643 0.8044872122982607 0.7274651386874973
0 0.22361752628129072 0.8251899711854953 0.1492345281249999 0.78836695 0.1349010887301827 0.8173206903980844 0.2092840868864735 0.8541437115835798
0 0.278286054432381 0.7264162830103089 0.19729708437500015 0.6907510531250001 0.18629374400511925 0.7157375513646913 0.26728271406250015 0.7514027812500002
0 0.3191964000528539 0.8327588373686527 0.3176414683617862 0.8076386669280833 0.2421131625 0.8123138484375 0.24366809419106766 0.8374340188780695
0 0.20837912752531387 0.7165790293011244 0.12469302458066837 0.714344261377477 0.12389547674285464 0.7442103023888527 0.20758157968750016 0.7464450703125001
0 0.18033571016509214 0.755944344573477 0.0942857843750001 0.7295830125 0.08620520702240805 0.7559600210515232 0.1722551328125001 0.7823213531250002
0 0.6644061164540949 0.33846978268074046 0.6576156265625002 0.20758132343750005 0.6311968319834053 0.2089519298192596 0.6379873218750001 0.3398403890625
0 0.6905173793947904 0.3319468944808285 0.6742238150695622 0.20822805063295066 0.6525323903622718 0.21108477490212224 0.6688259546875001 0.3348036187500001
0 0.5956322991517358 0.18818965070385085 0.5670966559237233 0.18094610196409125 0.5348568005219876 0.30795360126024046 0.56339244375 0.3151971500000001
0 0.5618140340415622 0.21842364084775417 0.5522601180466384 0.07438126525211605 0.5307860152550763 0.07580558065436185 0.54033993125 0.21984795625000003
0 0.6229778968749999 0.27333553125000004 0.593974796875 0.1369048921875 0.567550350228172 0.14252233174366544 0.596553450228172 0.27895297080616543
0 0.7163746416140067 0.16270146631484442 0.69072575625 0.13595290625000006 0.6019489642464484 0.2210799469416614 0.627597849610455 0.24782850700650574
0 0.7429853859375 0.21057074531250014 0.7166421322802065 0.19907877087966003 0.6683215979052065 0.30984477556716 0.6946648515625 0.3213367500000001
0 0.9386346921321707 0.30666346647490433 0.9173902796875 0.28324361875000004 0.8345292453678294 0.35840781321259574 0.8557736578125 0.38182766093750004
4 0.7358358830839168 0.4224712825766363 0.717750946875 0.4202936453125 0.7087432716035831 0.49510097679836373 0.7268282078125 0.49727861406250007
4 0.745037006681213 0.49073436358194683 0.7357816905195355 0.41601825648699425 0.7191831229008224 0.4180743725925475 0.7284384390624999 0.49279047968750006
4 0.7733453860481214 0.3911205386961393 0.7562585991323953 0.3902543450799524 0.7525964693342739 0.46249458138381333 0.7696832562499999 0.4633607750000001
4 0.807399192342853 0.45946227147771823 0.7987982515625001 0.37713392968750004 0.7770618357411296 0.37940475916361305 0.7856627765214823 0.46173310095383124
4 0.8533021634136995 0.3958687103543151 0.836769771875 0.3797397546875001 0.7809766787738004 0.436928408395685 0.7975090703124998 0.45305736406249997
4 0.5965654434161022 0.26560174874802317 0.5787638788245093 0.2622069242590195 0.5610187260334072 0.3552578270734964 0.578820290625 0.35865265156250004
4 0.5940589643146239 0.22017079703563605 0.577985136981222 0.21722495240990378 0.5598126234375 0.3163822000000001 0.5758864507709018 0.3193280446257324
4 0.5819427525787795 0.1617541520812589 0.5631567703125001 0.1562915671875001 0.5349571802337207 0.2532707463562413 0.5537431625000001 0.2587333312500001
4 0.6550589551711428 0.37335601531051854 0.5970620828125001 0.3479528000000001 0.5848754182663572 0.3757755940644817 0.642872290625 0.40117880937500006
4 0.7257568540880783 0.1815560628055999 0.7016536859375001 0.1747951031250001 0.6752023021619218 0.26909564344440035 0.6993054703125001 0.27585660312500015
4 0.6949033668501963 0.553070216086463 0.6464322343750001 0.5335665203125001 0.6390990131981893 0.5517912475257715 0.6875701456733855 0.5712949432997343
4 0.3038895199129072 0.8090502017657304 0.302459353125 0.7870607437499999 0.2430830875194563 0.7909225016431805 0.2445132543073635 0.8129119596589108
4 0.15440663074983058 0.7023879789709802 0.09419425063809679 0.6619499634933016 0.08236181520076621 0.6795685110848215 0.1425741953125 0.7200065265625
4 0.34323792884632126 0.8161175674709673 0.33477220848395295 0.8038854427800135 0.28620812338763163 0.8374961174965462 0.29467384374999994 0.8497282421874999
3 0.8625 0.2062500000000001 0.8203125 0.2062500000000001 0.8203125 0.25468750000000007 0.8625 0.25468750000000007
3 0.753125 0.3859375000000001 0.7203125 0.3859375000000001 0.7203125 0.42656250000000007 0.753125 0.4265625000000002
3 0.10781250000000009 0.6828125 0.05625000000000009 0.6828125 0.05625000000000009 0.725 0.10781250000000009 0.725
3 0.13281250000000008 0.7484375 0.10468750000000009 0.7484375 0.10468750000000009 0.78125 0.13281250000000008 0.78125
3 0.12500000000000008 0.78125 0.09375000000000008 0.78125 0.09375000000000008 0.8125 0.12500000000000008 0.8125
3 0.24218750000000008 0.721875 0.21093750000000008 0.721875 0.21093750000000008 0.7484375 0.24218750000000008 0.7484375