1 0.940625 0.1375000000000001 0.4578125 0.13750000000000004 0.4578125 0.5671875000000001 0.940625 0.5671875000000002
2 0.5270780125 0.9744219875000002 0.524384270649977 0.6815777172358412 0.33582452298966714 0.6833121929797039 0.33851826483969016 0.976156463243863
2 0.3339555681759256 0.665609972068145 0.21667653002246912 0.6593699677147915 0.20116618528404367 0.9508823143966465 0.31844522343750015 0.95712231875
2 0.294046186487921 0.6457485517437134 0.1975416031707014 0.6092500741840745 0.11107919012028042 0.8378628740028612 0.20758377343750004 0.8743613515625
0 0.6186503687500001 0.44223173125000004 0.5398768463426643 0.41385047181146845 0.5328877968750001 0.43324890781250003 0.6116613192823358 0.4616301672510317
0 0.6281669906455928 0.4572696787988428 0.5475564312500001 0.43531044999999996 0.542505178139183 0.45385319312826333 0.6231157375347756 0.47581242192710616
0 0.5606470265625001 0.3242547781250001 0.5385764070731842 0.3212030332782089 0.5290688171875001 0.38996317187500007 0.551139436676816 0.39301491672179123
0 0.8302161953124999 0.3628488312500001 0.807751137360022 0.3427961309672006 0.7376862421875 0.4212898953125001 0.7601513001399777 0.4413425955952997
0 0.3927471531250001 0.8273463609375 0.36503842777083717 0.8204023905027913 0.3479480203125 0.8885987359374999 0.37565674566666296 0.8955427063722088
0 0.2666919973027414 0.8185132047133777 0.2518444172337329 0.814829145254464 0.23756536874999998 0.8723768906250001 0.2524129488190085 0.8760609500839138
0 0.2976392156250001 0.78752735 0.2774859180086183 0.7783107388593916 0.25302381875 0.8318002437500001 0.27317711636638176 0.8410168548906084
0 0.2083945390625 0.8089950859374999 0.1980026984375 0.7546296843750001 0.17368527965089753 0.7592779116147316 0.1840771202758975 0.8136433131772316
0 0.200974196875 0.7408763031250001 0.1865675128722188 0.7282764377360035 0.15147416250000006 0.76840216875 0.1658808465027813 0.7810020341389965
4 0.609307753125 0.2578464484375 0.5944405484517694 0.2469318640363481 0.5566127769114464 0.29845862869839346 0.5714799815846769 0.30937321309954535
4 0.7574367551588159 0.4451083686809306 0.7563523359375 0.42464551093749997 0.6777968281073603 0.42880852197434205 0.6788812473286762 0.44927137971777265
4 0.7594729109375 0.44685813124999996 0.7558679929902927 0.4308984901025725 0.6744872765625001 0.44928053281249997 0.6780921945097073 0.46524017395992745
4 0.602147996875 0.360996534375 0.5902937876263242 0.3490175369383232 0.5493077997484969 0.3895765636127825 0.5611620089971726 0.40155556104945916
4 0.5639708156250001 0.47291940781249997 0.5484537424317967 0.42005843722151825 0.5309897857492469 0.4251848942474944 0.5465068589424502 0.4780458648384761
4 0.539071796875 0.4069037609375 0.512761765625 0.3663921500000001 0.4972318636569897 0.376477954949059 0.5235418949069897 0.416989565886559
4 0.5337854921875002 0.3895495796875001 0.5296717781250001 0.3460967234375 0.5161275173844301 0.34737896862649487 0.5202412314469301 0.39083182487649504
4 0.7107354154227553 0.2773915365474421 0.70568458125 0.2110074578125 0.6819214533272446 0.21281547595255795 0.6869722875 0.2791995546875
4 0.3060202656564069 0.7537698524179198 0.29412788593750006 0.7458934687500001 0.26692576562500003 0.7869653562500001 0.27881814534390686 0.7948417399179198
4 0.31346564687500006 0.7104504453125001 0.29955529771672607 0.7034784010878177 0.28091473125000005 0.7406693281250001 0.29482508040827404 0.7476413723496825
3 0.771875 0.3625000000000001 0.7296875 0.3625000000000001 0.7296875 0.3968750000000001 0.771875 0.3968750000000001
3 0.8265625 0.3828125000000001 0.7859375 0.3828125000000001 0.7859375 0.41406250000000017 0.8265625 0.41406250000000017
3 0.675 0.4265625 0.6328125 0.4265625 0.6328125 0.4578125 0.675 0.4578125
3 0.6640625 0.3812500000000001 0.621875 0.3812500000000001 0.621875 0.409375 0.6640625 0.409375
3 0.696875 0.21875000000000008 0.6609375 0.21875000000000008 0.6609375 0.2453125000000001 0.696875 0.2453125000000001
3 0.4468750000000002 0.921875 0.4156250000000002 0.921875 0.4156250000000002 0.9515625 0.4468750000000002 0.9515625
3 0.46875000000000017 0.9328125 0.4359375000000002 0.9328125 0.4359375000000002 0.9671875 0.46875000000000017 0.9671875
3 0.2921875000000001 0.8421875 0.2640625000000001 0.8421875 0.2640625000000001 0.871875 0.2921875000000001 0.871875