2 0.9751435996440868 0.5703438858899388 0.6664111145628016 0.4378290464907388 0.5930969961687149 0.6086359543508001 0.9018294812500001 0.74115079375
2 0.9714679060427246 0.4021463060757583 0.6811081740438001 0.3852189657295992 0.6716982164385754 0.546630783091341 0.9620579484375 0.5635581234375
2 0.900961134375 0.7417380953125 0.6473031030844804 0.47035747270834244 0.4905669343344802 0.6168579398958425 0.7442249656249998 0.8882385625000001
0 0.9318244046874999 0.4275172734375001 0.865004144181909 0.42268113695162357 0.8632961613694089 0.4462801103891236 0.930116421875 0.4511162468750001
0 0.8125928620043238 0.44051705513333045 0.8097821915897228 0.42061619635124714 0.7524935218750001 0.4287072828125 0.755304192289601 0.4486081415945833
0 0.7699169421421004 0.43507917631355075 0.7699029695390306 0.4117418804744676 0.7091561961469302 0.4117782510359168 0.7091701687499999 0.435115546875
0 0.7428111119021147 0.466522662639428 0.7058079484375 0.4218608781250001 0.6925882063252512 0.43281369346048154 0.7295913697898658 0.4774754779749094
0 0.8450580656427865 0.467849125306639 0.7808521509990693 0.4464303137833303 0.7748488822312827 0.4644259603516915 0.839054796875 0.48584477187499997
0 0.8826253516710176 0.48937105023058586 0.8116003961505788 0.486809381060428 0.8108558210420611 0.5074535042673423 0.8818807765625 0.5100151734375002
0 0.9418888943220335 0.5016803728772924 0.9009324234375 0.43461881406250014 0.8812271301090817 0.4466534175930481 0.9221836009936151 0.5137149764078404
0 0.8801536084426148 0.5063641768825127 0.8112920046965668 0.5038846309074803 0.8104747056289521 0.5265825462124678 0.8793363093750001 0.5290620921875002
0 0.8655596060606052 0.6448114636704951 0.8412788859375 0.5596073765625001 0.8184696170111947 0.5661073637557236 0.8427503371342999 0.6513114508637186
0 0.8399013060239013 0.619143491587048 0.8039954484375 0.5368821187499999 0.7848922092099422 0.5452203966499128 0.8207980667963433 0.6274817694869608
0 0.8559285773993277 0.6289892648242912 0.7858655468749999 0.5729782906250002 0.7680638944756721 0.5952460289257091 0.8381269249999999 0.6512570031250002
0 0.33693129822565926 0.4556764501532687 0.3190495453125 0.3943727828125 0.2993792767743408 0.4001104310967314 0.3172610296875 0.4614140984375001
0 0.3174040154137999 0.5217731976391562 0.300959384375 0.5003870218750002 0.23464027833620021 0.5513822648608441 0.2510849093750001 0.5727684406250002
0 0.27533552819216445 0.5261492394736049 0.2554241953125 0.510394725 0.20063225930783557 0.5796434777138951 0.22054359218750003 0.5953979921875
4 0.7659220798581508 0.5081868159115955 0.7083851546875 0.5020588234375001 0.7062321576418491 0.5222737356509046 0.7637690828125 0.5284017281250001
4 0.6919139132925943 0.489632350550259 0.6817395865215753 0.47911023726702207 0.649243215416481 0.5105325085917631 0.6594175421875 0.5210546218750001
4 0.7527839272173983 0.5386671574848705 0.7355799206762207 0.5366681317959272 0.7286055168963227 0.5966912164985568 0.7458095234375002 0.5986902421875001
4 0.2679923455773998 0.46122965029748697 0.2519453956503807 0.454605614738177 0.22933505319798092 0.5093799331906902 0.24538200312500003 0.5160039687500001
4 0.1853896997231879 0.3962455655890892 0.1453853296875 0.37087138125 0.1341886518791455 0.38852381240719663 0.17419302191483338 0.4138979967462858
4 0.17803869863280536 0.4400743488242661 0.16864285781250002 0.42455275468749987 0.11908778400704614 0.454550419953829 0.12848362482735148 0.47007201409059524
0 0.17814290175879346 0.5807763260759452 0.17600297656249997 0.5260455187499999 0.15683984205137905 0.5267947800232002 0.15897976724767254 0.5815255873491454
4 0.19237185222387668 0.5291328037479573 0.1746179006716506 0.5277024533019883 0.1694910718750001 0.5913382359375001 0.18724502342722618 0.5927685863834691
3 0.2296875000000001 0.409375 0.21093750000000008 0.409375 0.21093750000000008 0.4328125 0.2296875000000001 0.4328125
3 0.2093750000000001 0.4 0.19375000000000003 0.4 0.19375000000000003 0.43125 0.2093750000000001 0.43125
3 0.2000000000000001 0.4484375 0.18125000000000005 0.4484375 0.18125000000000005 0.4734375 0.2000000000000001 0.4734375
3 0.15625000000000006 0.465625 0.13593750000000004 0.465625 0.13593750000000004 0.490625 0.15625000000000006 0.490625
3 0.17500000000000004 0.4390625 0.15625000000000006 0.4390625 0.15625000000000006 0.4640625 0.17500000000000004 0.4640625
3 0.13593750000000004 0.45625 0.11718750000000004 0.45625 0.11718750000000004 0.48125 0.13593750000000004 0.48125
3 0.15625000000000008 0.5546875 0.1359375000000001 0.5546875 0.1359375000000001 0.5796875 0.15625000000000008 0.5796875
3 0.1687500000000001 0.5703125 0.1468750000000001 0.5703125 0.1468750000000001 0.5953125 0.1687500000000001 0.5953125
4 0.8216608539950098 0.6362789000729341 0.7768527656250002 0.615685340625 0.7699238244588333 0.630761540000303 0.8147319128288428 0.6513550994482371
4 0.8567298549059368 0.5490306382568315 0.7992137609375 0.5278384687500001 0.7914513435315633 0.5489058695556687 0.8489674375 0.5700980390625002
4 0.24269179630853327 0.5362713526322438 0.22743150702549036 0.5264651984046333 0.19376999821695712 0.5788490738973896 0.20903028750000002 0.5886552281250002
1 0.36406250000000007 0.36250000000000004 0.08281250000000004 0.3625 0.08281250000000007 0.7 0.36406250000000007 0.7