1 1 0.3218750000000001 0.61875 0.3218750000000001 0.6187500000000001 0.821875 1 0.821875
2 0.49034111004463454 0.595973618900771 0.3376858453125 0.3789496484375 -0.0005350006696344777 0.6168551326617291 0.15212026406250007 0.833879103125
2 0.3558127753644938 0.3709028679729173 0.2487876818921216 0.21498544231471942 -0.09035551690987216 0.4477806696543022 0.01666957656250001 0.6036980953125001
2 0.3220999484375 0.23899863750000003 0.03415585875099557 0.19765398691156694 0.00936264062500004 0.3703259171875 0.29730673031150445 0.4116705677759331
3 0.90625 0.6406250000000002 0.8734375 0.6406250000000002 0.8734375 0.6781250000000002 0.90625 0.6781250000000002
3 0.928125 0.5859375000000002 0.8921875 0.5859375000000002 0.8921875 0.6296875000000002 0.928125 0.6296875000000002
3 0.7375 0.4875000000000001 0.7078125 0.4875 0.7078125 0.5140625000000001 0.7375 0.5140625000000002
3 0.7375 0.4312500000000001 0.7078125 0.43125 0.7078125 0.4640625000000001 0.7375 0.46406250000000016
3 0.057812500000000065 0.5546875 0.03125000000000007 0.5546875 0.03125000000000007 0.590625 0.057812500000000065 0.590625
3 0.05156250000000007 0.4921875 0.023437500000000062 0.4921875 0.023437500000000062 0.5296875 0.05156250000000007 0.5296875
0 0.1078245243990846 0.4036398425277402 0.0959616214730334 0.37797370142178577 0.010002323636448818 0.4177041307690456 0.021865226562500027 0.443370271875
0 0.30801450902918814 0.27415705835726933 0.2916455875 0.257627321875 0.22872963873292296 0.3199311722362804 0.24509856026211105 0.3364609087185497
0 0.8217589890133498 0.5324446444057355 0.7964084234375 0.5152952171875003 0.7412925297366502 0.5967684384067649 0.7666430953125001 0.6139178656250002
0 0.9193146660861322 0.5472759881104108 0.8857748656249997 0.4594800703125001 0.8547797495388672 0.47132082595208935 0.8883195499999996 0.55911674375
0 0.949513774565329 0.5363116632845945 0.9296742578125 0.5194624984375003 0.8667706559546193 0.5935300901667089 0.8866101727074482 0.6103792550138032
4 0.8034209985157187 0.41690804108782553 0.761628965625 0.3660928875000002 0.7458677340166637 0.3790554363317257 0.7876597669073824 0.42987058991955107
4 0.7472489029464991 0.43385634531321876 0.7336701921875 0.4317396796875002 0.7226048142410009 0.5027256515617815 0.7361835250000001 0.5048423171875001
4 0.9188107184429939 0.5365246827939363 0.8981775890557977 0.469805371933654 0.8819782628003038 0.4748150578897178 0.9026113921875 0.54153436875
4 0.9633050171875001 0.5481112984375001 0.9198188130203606 0.5459644005930379 0.9186992364578606 0.568641834968038 0.962185440625 0.5707887328125001
4 0.1761352388640719 0.5915588943242869 0.17414443068265767 0.5667957773024073 0.10504671369358579 0.5723508251656203 0.10703752187499997 0.5971139421875
4 0.21764088413609625 0.5528195690469097 0.21115537187500003 0.532716625 0.1504589393014038 0.5522982075155904 0.1569444515625 0.5724011515625
4 0.18601233539979997 0.5501730147984283 0.1763093515625 0.534649075 0.1217119896002 0.5687742602015717 0.1314149734375 0.5842982000000001
4 0.10176834755340373 0.5418651972606743 0.07580190937500006 0.5114296968750001 0.06301819301379466 0.5223362887291538 0.08898463119219832 0.552771789114828
4 0.1360278527391994 0.4488706216286607 0.09415574687500003 0.410138 0.08036566315287255 0.42504584308444093 0.12223776901707191 0.46377846471310163
4 0.16071633435620244 0.40103311602429115 0.1552691436823582 0.38204694164676445 0.09414534838865574 0.39958354280997344 0.09959253906249999 0.4185697171875001
4 0.1726081902620034 0.3868821419405445 0.16419610625 0.378629496875 0.11670740192549664 0.42703567055945557 0.12511948593750005 0.4352883156250001
4 0.18416128882941868 0.3979269306332612 0.17282063281249999 0.3855780203125 0.12470360642930159 0.4297664248433396 0.13604426244622028 0.44211533516410084
4 0.2887288146655532 0.416691969380188 0.2872476723096239 0.3579829331104736 0.2716157138940707 0.3583773043552856 0.27309685625 0.41708634062499994