1 0.8640625 0.06406250000000008 0.4015625 0.06406250000000005 0.4015625 0.4437500000000001 0.8640625 0.4437500000000002
2 0.8379519328124999 0.8403336625000002 0.623917432708965 0.540394617255744 0.4160188389589652 0.6887496656932439 0.6300533390624999 0.9886887109375001
2 0.6134437015624999 0.9778929875 0.40925278005092647 0.6657156614786726 0.26935028662513405 0.7572239699726334 0.4735412081367075 1.0694012959939605
2 0.41434883906250003 0.9961297640625002 0.34452341116001944 0.6903542329934634 0.19343831663575692 0.7248552976730356 0.26326374453823753 1.0306308287420722
0 0.6488715703125 0.33736383750000004 0.6391926869401641 0.3122895087039952 0.529944440625 0.35446017031249993 0.539623323997336 0.3795344991085048
0 0.7070031093749999 0.24362372500000012 0.6918207574737936 0.21784969262356152 0.5944435734375 0.2752103203125 0.6096259253387063 0.3009843526889386
0 0.5155301312532996 0.3494369309874813 0.48490210612484397 0.2742643889133959 0.4606557561215444 0.28414323292591465 0.49128378125000005 0.35931577500000006
0 0.4834020999999999 0.34535203906249995 0.4691579124999999 0.2759731296875 0.4436972683515095 0.2812004558647051 0.4579414558515095 0.350579365239705
0 0.4624428640625 0.9828293140625 0.4452827359375 0.8982828828125001 0.4103429008377679 0.9053745132706192 0.42750302896276793 0.9899209445206191
0 0.3749724087452321 0.8371748676069201 0.35152330344276045 0.8341303447136926 0.34192743376002843 0.9080383317942727 0.36537653906250006 0.9110828546875002
0 0.35000593906250005 0.9467624375 0.30027727712755464 0.8911973094965727 0.27952622187500004 0.9097687093750002 0.3292548838099455 0.9653338373784276
0 0.29608557202398744 0.8731617939781767 0.2728982547365013 0.8706819798278642 0.26519602031250017 0.9427011484375001 0.2883833375999863 0.9451809625878125
0 0.3515914801062852 0.8677721466239955 0.3395557796875 0.7917278375000001 0.3158104230187148 0.7954860674385047 0.32784612343749997 0.8715303765625002
0 0.33198747968750003 0.77500444375 0.311056121875 0.7639469812499999 0.2796971387452916 0.8233083488806006 0.3006284965577916 0.8343658113806004
0 0.3230401859375001 0.7247058281250001 0.29786793168082654 0.7186466928427697 0.2823229987909238 0.783227030610625 0.30749525304759734 0.7892861658928553
4 0.5926812484375 0.2885005640625 0.5898730328125 0.2678836390625 0.520429901496375 0.27734243499889055 0.523238117121375 0.29795935999889056
4 0.5364411323308735 0.2773909050856969 0.5353311111627626 0.2654805440239754 0.47168207883188895 0.2714125030007785 0.47279209999999994 0.2833228640625
4 0.5750016370542549 0.20309567295665082 0.5271674870171523 0.17243766638897481 0.516251821875 0.18946883125000008 0.5640859719121025 0.22012683781767609
4 0.5188496718749999 0.1977414437500001 0.4745593257407041 0.15639944926666982 0.46223432031249995 0.16960342656250013 0.5065246664467958 0.21094542104583044
4 0.5631170437499999 0.16786783593750004 0.5589874444931706 0.15464932724275698 0.4956997335556708 0.17442106474275698 0.49982933281250014 0.1876395734375
4 0.698389908366115 0.18461049535196522 0.6982961968750001 0.163851425 0.6232080755814974 0.16419039103711702 0.6233017870726123 0.18494946138908225
4 0.5444855233863679 0.8851695861265796 0.48602474651367855 0.8487104620796497 0.4749541890625002 0.8664616671875003 0.5334149659351897 0.9029207912344301
4 0.44078282656249995 0.8647339031250001 0.4320230234375001 0.8170690375000002 0.4117219169098106 0.820799955316937 0.42048172003481055 0.8684648209419368
4 0.427448128125 0.8593590812500003 0.4193490151914025 0.801361656998321 0.3990553355039025 0.804195589810821 0.4071544484375 0.8621930140625003
4 0.41716141093750003 0.7421480453125 0.402540809747284 0.7406106975844822 0.396625855059784 0.7968635491469821 0.41124645625000006 0.798400896875
0 0.3627020935502935 0.7651434637203708 0.32328477187500004 0.70936935 0.30853286627572374 0.7197949860082306 0.3479501879510171 0.7755690997286011
0 0.5536452757687624 0.8787542573314433 0.4993357046875002 0.8484520171875001 0.491317735168738 0.8628223239185571 0.5456273062500002 0.8931245640625003
3 0.4781250000000002 0.9203125 0.4468750000000002 0.9203125 0.4468750000000002 0.9515625 0.4781250000000002 0.9515625
3 0.5765625 0.2156250000000001 0.5421875 0.2156250000000001 0.5421875 0.24375000000000008 0.5765625 0.24375000000000008
3 0.5953125 0.14843750000000008 0.5515625 0.14843750000000008 0.5515625 0.1765625000000001 0.5953125 0.1765625000000001
3 0.6109375 0.10000000000000009 0.5703125 0.10000000000000009 0.5703125 0.13437500000000008 0.6109375 0.13437500000000008
3 0.63125 0.2890625000000001 0.59375 0.2890625000000001 0.59375 0.31718750000000007 0.63125 0.31718750000000007
3 0.54375 0.21093750000000008 0.503125 0.21093750000000008 0.503125 0.2453125000000001 0.54375 0.2453125000000001
3 0.5421875 0.19218750000000004 0.509375 0.19218750000000004 0.509375 0.22031250000000008 0.5421875 0.22031250000000008