1 0.9640625 0.6140625000000001 0.609375 0.6140625 0.6093750000000001 0.93125 0.9640625 0.93125
2 0.5988035176759626 0.5030396844543423 0.4639255109374999 0.05271798749999999 0.21392360918691886 0.12759725362685992 0.34880161592538156 0.5779189505812024
2 0.47934185433943916 0.4836567268722196 0.2040493953125 0.13688378906249998 0.020554423420225443 0.2825548507963361 0.2958468824471646 0.6293277886060556
2 0.30180408708716683 0.6210268145742356 0.027115584375000036 0.3449094375 -0.08053861814165138 0.4520065424099201 0.1941498845705154 0.7281239194841558
0 0.8623416488221863 0.819380189473385 0.8507654718749998 0.78836695 0.7757853027403134 0.8163544714641148 0.7873614796874999 0.8473677109374999
0 0.8108588059843033 0.7042738114886659 0.7970738857370552 0.681417919936212 0.7189323656902518 0.7285468896975462 0.7327172859374999 0.75140278125
0 0.7578868375 0.8123138484375 0.6823493859374999 0.8077864171875 0.6808519102878355 0.8327708925127867 0.7563893618503356 0.8372983237627867
0 0.8762440260570441 0.7394540140439755 0.8737710927677224 0.7098025389333348 0.7899454870231782 0.7167935952018591 0.7924184203124999 0.7464450703125
0 0.9137938775353458 0.7556585305705392 0.9056300499106122 0.7293113842275802 0.8195810395627664 0.7559742067820409 0.8277448671875 0.782321353125
0 0.36201267812500004 0.3398403890625 0.35542943719711034 0.2069351577688256 0.3291666035144917 0.2082360438204795 0.3357498444423814 0.34114127511415393
0 0.34509515468750007 0.21077232656250003 0.32340474468361624 0.20833782342440327 0.3094836353086162 0.33236911561190335 0.33117404531250005 0.3348036187500001
0 0.46471523281249993 0.30626764531249995 0.4254597295222555 0.18270189016765792 0.3973520529597555 0.19163139485515795 0.43660755625 0.31519715000000004
0 0.4665891718750001 0.07563148437500007 0.4451631331885869 0.07460203725506859 0.43823403006358685 0.2188185091300686 0.45966006875000004 0.21984795625000006
0 0.42674149918399007 0.14033841751079973 0.3998050267989974 0.13587395823724635 0.377022103125 0.27333553125000004 0.40395857550999265 0.2777999905235534
0 0.39510479661439846 0.22546337292758684 0.30927424375000007 0.13595290625 0.2830340943157522 0.16111428253125976 0.36886464718015055 0.2506247492088466
0 0.31774144675394017 0.3178194496719612 0.2850796497829389 0.20261404809080635 0.2570146140625 0.2105707453125 0.2896764110335012 0.3257761468936548
0 0.1518959292412862 0.37610520183948914 0.08260972031250002 0.28324361875 0.05806999537718223 0.30155328408582416 0.12735620430596842 0.39441486717531327
4 0.28527199997993447 0.496800509443974 0.28224905312500004 0.4202936453125 0.26518293893699896 0.42096796332038383 0.26820588579193344 0.49747482745185784
4 0.27596677187500007 0.4174735750000001 0.25944672990802303 0.4165073341558916 0.25504151897052296 0.49182423884339166 0.27156156093750006 0.49279047968750006
4 0.24787708612308176 0.4615567676984652 0.2405685765625 0.3904151875 0.22300823418941823 0.3922191948015348 0.23031674375 0.46336077500000006
4 0.2295215100678838 0.4592389846329902 0.22073075225538377 0.3750937111954902 0.2012017484375 0.3771339296874999 0.20999250625000002 0.461279203125
4 0.21161505821487908 0.4464385086526006 0.16323022812500004 0.37973975468750004 0.14498016561127142 0.3929787752293 0.19336499570115043 0.4596775291944006
4 0.4393258370420828 0.3541240231958239 0.4166069140625 0.26308973125 0.39846078639541727 0.26761835961667607 0.42117970937500004 0.35865265156250004
4 0.4401873765625 0.31638219999999995 0.41801337812500006 0.21795830312499995 0.40226621882155833 0.22150599323762615 0.4244402172590583 0.31992989011262624
4 0.4515464115599575 0.25796842197349773 0.43684322968749995 0.15629156718749998 0.4185407647786657 0.1589382311783881 0.4332439466511232 0.2606150859643858
4 0.4141463756639657 0.3662495155502968 0.39843332190940217 0.34059948744184404 0.3414146556204364 0.3755287812665472 0.35712770937499994 0.4011788093749999
4 0.31265939968145445 0.27413264042881025 0.2983463140625 0.17479510312499996 0.2743075491851465 0.17825873740869663 0.2886206348041009 0.2775962747125069
4 0.35903131250000003 0.5525435625000001 0.353567765625 0.5335665203125001 0.30466657614844905 0.5476453181730212 0.3101301230234491 0.5666223603605214
4 0.7568494692178074 0.7935541570808974 0.6975406468750002 0.7870607437500002 0.6951577696621437 0.808825204763066 0.7544665920049509 0.8153186180939631
4 0.9165647147275227 0.6766311760624066 0.9040573791714559 0.6595783987646415 0.8449184691314333 0.7029537492647349 0.8574258046875001 0.7200065265625
4 0.7125509256330806 0.8363304247963537 0.6617371312500001 0.8089291 0.6545123618669194 0.8223269173911462 0.70532615625 0.8497282421874999
3 0.18125000000000005 0.20625 0.13906250000000003 0.20625 0.13906250000000003 0.2546875 0.18125000000000005 0.2546875
3 0.2812500000000001 0.3859375 0.2484375000000001 0.3859375 0.2484375000000001 0.4265625 0.2812500000000001 0.4265625
3 0.9453125 0.6828125000000002 0.89375 0.6828125000000002 0.89375 0.7250000000000002 0.9453125 0.7250000000000002
3 0.896875 0.7484375000000002 0.86875 0.7484375000000002 0.86875 0.7812500000000002 0.896875 0.7812500000000002
3 0.9078125 0.7812500000000002 0.8765625 0.7812500000000002 0.8765625 0.8125 0.9078125 0.8125
3 0.7890625000000001 0.7218750000000002 0.7578125 0.7218750000000002 0.7578125000000001 0.7484375000000002 0.7890625000000002 0.7484375000000002