1 0.91875 0.5234375000000001 0.4140625 0.5234375 0.4140625000000001 0.9359375 0.91875 0.9359375
2 0.7089284656249999 0.07021942187500008 0.5555515713618513 -0.03797276243902035 0.35435148093942204 0.24725528051174814 0.5077283752025707 0.35544746482576856
2 0.4952216015625 0.029567390625000044 0.3800477813505946 -0.005707044016644192 0.29497017378512874 0.2720780764920162 0.41014399399703405 0.30735251113366047
2 0.37110330156250004 0.06233213125000005 0.24850687271376204 0.05831225010506955 0.2404196226032292 0.30495336883770763 0.3630160514519672 0.30897324998263814
0 0.3388862281250001 0.11951044531250003 0.3187637538670323 0.10638592846248343 0.2849000208159216 0.15830571373052568 0.30502249507388934 0.17143023058054233
0 0.3034765046875 0.18514775625 0.2866543510446887 0.13477841032394325 0.2705488374999999 0.14015726562500003 0.2873709911428112 0.1905266115510568
0 0.35040822038863184 0.17834126891271893 0.32413919218750004 0.17613539843750003 0.31882306877304256 0.23944346546315956 0.34509209697417437 0.24164933593837845
0 0.346470709375 0.25345176718750007 0.3149927775660211 0.21530566938081397 0.3005319056910211 0.22723869438081393 0.3320098375 0.2653847921875
0 0.41330883906250004 0.06341713437500004 0.39028042087308085 0.06108632975100812 0.3828962384019251 0.13404226959358434 0.4059246565913443 0.13637307421757625
0 0.5983684871417965 0.17696365179487197 0.577993846875 0.11098607812500001 0.5580665128582035 0.11713987008012805 0.578441153125 0.18311744375
0 0.7307786234375001 0.7619063156250001 0.7267041078125 0.6767498640625 0.6942134145141219 0.6783044595756088 0.698287930139122 0.7634609111381089
0 0.6276544765625 0.6037776234375001 0.6232147201567484 0.5870485447144823 0.5453072238762795 0.6077245371820987 0.5497469802820312 0.6244536159051165
0 0.5960517281249998 0.5973622468750002 0.5869159615278388 0.5748968972887665 0.515774934375 0.6038271312500001 0.5249107009721611 0.6262924808362337
0 0.6246474328125 0.7528830640625 0.6021574703125001 0.6715206468750001 0.5755329396315039 0.6788801221375873 0.5980229021315038 0.7602425393250872
4 0.5909989999999998 0.7349591734375001 0.5411984576057055 0.6940267000218817 0.5310079546875002 0.7064249875 0.5808084970817945 0.7473574609156184
4 0.5837797171875001 0.7702480546875 0.5381905821222734 0.7242515411038586 0.5259474390625 0.73638625 0.5715365741277265 0.7823827635836414
4 0.5384591703125001 0.6667150140625001 0.5216186793769702 0.663261041455372 0.5102201843749999 0.718836540625 0.5270606753105299 0.7222905132321281
4 0.679104809375 0.6317688421875001 0.6216915282169426 0.5912084368269914 0.611683496055014 0.605374813105645 0.6690967772130716 0.6459352184661535
4 0.7042109001843526 0.6878453864837272 0.6359806437082932 0.6675435860930905 0.6315972247739408 0.6822753730468636 0.69982748125 0.7025771734375001
4 0.7110505005259476 0.7242334229605248 0.6917704984375 0.7217014953125 0.6837163385365526 0.7830319286019755 0.7029963406250002 0.7855638562500002
4 0.6112968727737622 0.1488145708993392 0.58382216875 0.1042587796875 0.5678777116012378 0.11409070566316082 0.5953524156250001 0.15864649687500001
4 0.5546646567484099 0.10073831822311685 0.5363892071389436 0.09057520744976164 0.5110444781249999 0.13615045781250007 0.5293199277344665 0.14631356858585526
4 0.4147611926931969 0.16808041784867558 0.39835194375 0.16532075000000007 0.38953718227635276 0.2177341647032945 0.40594643121954965 0.22049383255197003
4 0.4098657546875001 0.2657565328125 0.40021769877064156 0.2142938541970989 0.39025473593750004 0.21616167812500003 0.39990279185435845 0.26762435674040114
3 0.6984375 0.71875 0.66875 0.71875 0.6687500000000001 0.75 0.6984375000000002 0.75
3 0.6578125000000001 0.8078125 0.6156250000000002 0.8078125 0.6156250000000002 0.840625 0.6578125000000001 0.840625
3 0.6765625 0.646875 0.6421875 0.646875 0.6421875 0.6859375 0.6765625 0.6859375
3 0.709375 0.65625 0.66875 0.65625 0.66875 0.690625 0.709375 0.690625
3 0.5828125 0.07031250000000007 0.5390625 0.07031250000000007 0.5390625 0.10937500000000007 0.5828125 0.10937500000000008
3 0.584375 0.1765625000000001 0.5515625 0.1765625000000001 0.5515625 0.2015625000000001 0.584375 0.2015625000000001
3 0.4421875 0.08906250000000004 0.40625 0.08906250000000004 0.40625 0.11562500000000005 0.4421875 0.11562500000000005