1 0.7546875000000001 0.6296875000000001 0.3281250000000001 0.6296875 0.3281250000000001 1 0.7546875000000002 1
3 0.5437500000000002 0.7953125 0.5062500000000002 0.7953125 0.5062500000000002 0.828125 0.5437500000000002 0.828125
3 0.4750000000000002 0.8328125 0.43750000000000017 0.8328125 0.43750000000000017 0.865625 0.4750000000000002 0.865625
3 0.4421875000000002 0.8265625 0.4109375000000002 0.8265625 0.4109375000000002 0.8578125 0.4421875000000002 0.8578125
3 0.4359375000000002 0.85 0.4046875000000002 0.85 0.4046875000000002 0.8734375 0.4359375000000002 0.8734375
3 0.46406250000000016 0.890625 0.43281250000000016 0.890625 0.43281250000000016 0.9203125 0.46406250000000016 0.9203125
3 0.46875000000000017 0.9296875 0.43281250000000016 0.9296875 0.43281250000000016 0.959375 0.46875000000000017 0.959375
3 0.5453125000000002 0.9171875 0.5109375000000002 0.9171875 0.5109375000000002 0.9515625 0.5453125000000002 0.9515625
3 0.640625 0.10156250000000008 0.603125 0.10156250000000008 0.603125 0.13437500000000008 0.640625 0.13437500000000008
3 0.671875 0.23437500000000008 0.6375 0.23437500000000008 0.6375 0.26250000000000007 0.671875 0.26250000000000007
2 0.9824245296875 0.3704527296874999 0.8274434718749999 0.12514387343749997 0.4311393994654885 0.3755205834199294 0.5861204572779887 0.6208294396699293
2 0.5957248546875 0.010095532812500085 0.42265149945967007 -0.08276988770397394 0.2236101078197052 0.2881837060961443 0.39668346304753516 0.3810491266126183
2 0.8255849281249998 0.13372377656250017 0.5872136043951078 0.01068936241421361 0.39878336936153724 0.37576091468374145 0.6371546930914294 0.49879532883202804
0 0.42784548906250014 0.7326706218750002 0.40664526849658567 0.7183756271605255 0.3682397493764863 0.7753330092762472 0.38943996994240077 0.7896280039907217
0 0.4384747875 0.7362695765625 0.4165418862180674 0.724517611252232 0.38340887343749996 0.786354340625 0.40534177471943256 0.798106305935268
0 0.5783652953125 0.8822174328125001 0.5196582333550268 0.8161365109855261 0.5005884 0.8330783734375002 0.5592954619574732 0.8991592952644742
0 0.5618463296875003 0.7909797000000002 0.49931854399174835 0.7297715894086135 0.4802398109375 0.7492616687500002 0.5427675966332519 0.8104697793413868
0 0.641148978125 0.06333137031250007 0.6147848936384588 0.044189074039464635 0.5514404357530591 0.13143140983996515 0.5778045202396003 0.15057370611300058
0 0.7375466781250001 0.21901241406250005 0.7304455890625001 0.19398294843749997 0.620692456786585 0.2251209191339724 0.627793545849085 0.25015038475897244
0 0.5090520578125001 0.11268940468750008 0.47916350000000013 0.10829087500000009 0.46619531691812277 0.19641129643702723 0.49608387473062276 0.20080982612452725
0 0.4757704125 0.16115325468750002 0.4368520292531956 0.15024932587224954 0.41446444999999993 0.23015523906250004 0.4533828332468043 0.24105916787775056
0 0.508030925690906 0.046849824317480235 0.49165637240699633 0.02197255210764588 0.40956491562499997 0.07600624687500004 0.4259394689089097 0.1008835190848344
0 0.42626550625000004 0.03457852187500006 0.3987886515625 0.031740134375000055 0.39013934913290615 0.11546923267683203 0.4176162038204062 0.11830762017683202
0 0.4129703635966169 0.2626528481898966 0.4016507684615765 0.18183539645258834 0.38048760173995955 0.1847995888876917 0.391807196875 0.26561704062499997
0 0.39331078095564703 0.23505892533182388 0.36887971282449195 0.23357572977363722 0.36422064843750007 0.3103194328125001 0.38865171656865516 0.31180262837068673
0 0.4492111325144667 0.2790162479764576 0.43394302643655835 0.26261892209402415 0.3737204703125 0.31869418593750004 0.3889885763904083 0.33509151181993346
4 0.528931728125 0.11948338125000006 0.5021373698472638 0.10983125399232492 0.4734005984081782 0.18960468933239488 0.5001949566859144 0.19925681659007002
4 0.41016396258354665 0.8599178217229267 0.401220795354125 0.8444244625969315 0.349178215625 0.874464784375 0.35812138285442163 0.8899581435009953
4 0.45155072656250006 0.8067894140625 0.3982042321394733 0.7844471791920063 0.39218566718750014 0.798817690625 0.44553216161052694 0.8211599254954937
4 0.49947528537124175 0.8188099816890922 0.4443963032832038 0.7918705002823996 0.4375036444744622 0.8059628514058075 0.4925826265625002 0.8329023328125003
4 0.5597812626566936 0.9244781218996548 0.49509373461970707 0.9060077887057074 0.48995721571301365 0.9239971074310528 0.5546447437500002 0.9424674406250002
4 0.4598046078125 0.8673185203125003 0.45451396977911324 0.8535779870463014 0.40795009843749996 0.8715068828125002 0.4132407364708868 0.8852474160786992
4 0.44343134915511284 0.8928424265458521 0.3965984701991633 0.8620372534664945 0.3865682656249999 0.8772861000000001 0.43340114458094947 0.9080912730793578
4 0.5187565515625 0.2700890906250001 0.49657340197221334 0.260733294112867 0.47009895149554454 0.3235057896970705 0.49228210108583115 0.3328615862092036
4 0.55007346875 0.19599200312500006 0.5345396438694069 0.18699344765604287 0.5002253391819069 0.24622877734354284 0.5157591640625 0.25522733281250004
4 0.5704215031250001 0.19251279843750008 0.552535881437849 0.18184519559030582 0.51843424375 0.23902102031250005 0.5363198654371509 0.24968862315969434
4 0.49581909687500003 0.3865385953125 0.46238109232037294 0.3469035652998014 0.45035236263287287 0.3570515762373013 0.4837903671875 0.39668660624999996
4 0.6899802554203543 0.2234094151003974 0.6870625415555371 0.20264880407950167 0.6053388439476827 0.21413432179160424 0.6082565578124999 0.23489493281249998
4 0.5822364596621894 0.33025731605764214 0.5767728784060229 0.31935332789063214 0.5228694968688335 0.34636229933299 0.5283330781250001 0.3572662875
4 0.65820130625 0.27887053281249996 0.6549241343750001 0.26430073125000003 0.5859130640506637 0.2798233269257473 0.5891902359256636 0.2943931284882472