2 0.5414271280103371 0.3272525558671576 0.3722750085197207 0.03697081220288696 0.21167601249999998 0.130554584375 0.38082813199061644 0.4208363280392707
2 0.5918539396130587 0.30625348946540143 0.5396668226121478 0.020120978681865364 0.3806049296874999 0.04913194843750003 0.4327920466884108 0.3352644592210361
2 0.5008896642239898 0.37098733732790135 0.21119891406250008 0.13148803281249996 0.0747534855342532 0.2965280884670746 0.36444423569574297 0.5360273929824759
0 0.5286397536321222 0.1290134707835086 0.5193162953125 0.06256092656249998 0.4959205582862839 0.06584340703902337 0.505244016605906 0.132295951260032
0 0.5410391377844893 0.18285242574087301 0.5209440824027194 0.18248800973243556 0.5198950368057302 0.24033571367906265 0.5399900921875 0.24070012968750013
0 0.56188400625 0.28009271562500004 0.5505319916376336 0.2206670142590564 0.5275573682001335 0.2250558267590564 0.5389093828125 0.284481528125
0 0.5524750046875 0.28620335 0.5036365720707761 0.2549189045325647 0.4943764786884288 0.26937492061087726 0.5432149113051528 0.30065936607831256
0 0.5220469559041099 0.21201737778464164 0.4891060233321037 0.1526591150175412 0.4727293312499999 0.1617473781250001 0.5056702638220061 0.22110564089210055
0 0.47769455268247674 0.1879465819154819 0.46368175817527824 0.118139065060193 0.44351991874999996 0.12218624687499999 0.4575327132571984 0.19199376373028887
0 0.5160324734374999 0.09408810312500007 0.4444794429046436 0.061609664901051284 0.43493601449523756 0.0826347283495405 0.5064890450280939 0.11511316657348929
0 0.4582073723776272 0.19150173594422185 0.44735418985068726 0.12345559726856759 0.424925065625 0.127032984375 0.43577824815194 0.1950791230506542
0 0.39924549374999996 0.16852926718750008 0.31171742981825895 0.15481329709965377 0.3080456429770827 0.17824469796447331 0.3955737069088237 0.19196066805231965
0 0.42634506875 0.20276528750000003 0.34032103666870617 0.17715220649750676 0.33437301030011024 0.19712923351361109 0.4203970423814041 0.22274231451610435
0 0.39272743125 0.22515906718750003 0.32859541953425353 0.16244429785958334 0.3086631375 0.18282701406250004 0.37279514921574647 0.2455417833904167
0 0.6268922015625001 0.6667289578125001 0.5638662452560446 0.6564515304459937 0.5605685671875001 0.6766744234375001 0.6235945234939557 0.6869518508040066
0 0.5238728125 0.6976041625 0.50221794636577 0.6822372555642667 0.4526659475468874 0.752065354712264 0.4743208136811175 0.7674322616479972
0 0.5194890484375 0.7440195718750001 0.5037130235705769 0.7251127576369635 0.43435343835579426 0.7829870524457918 0.45012946322271735 0.8018938666838284
4 0.47256076093750005 0.29341902343750004 0.4594664581653317 0.23705778539133507 0.439664609375 0.24165831249999997 0.45275891214716824 0.29801955054616497
4 0.4979630515625 0.3165995140625001 0.48609012850415595 0.3079742729068512 0.45967420468749987 0.3443366453125 0.47154712774584395 0.35296188646814897
4 0.4348858913338697 0.2674089416229498 0.42972005111342276 0.2504721073002164 0.372088734375 0.26805001875 0.377254574595447 0.2849868530727334
4 0.573777990625 0.738000003125 0.5642540804642062 0.7231580546134859 0.51514545 0.7546705062500002 0.5246693601607938 0.7695124547615143
4 0.6713827703125 0.8362346062500003 0.6453752606468869 0.7972417836588042 0.6278987575218868 0.808898296158804 0.6539062671875 0.8478911187500003
4 0.61526715 0.8196925500000001 0.5988365264741067 0.8120419500019436 0.5743823624116067 0.8645603359394436 0.5908129859374999 0.8722109359375001
0 0.5145253500000001 0.84392608125 0.513633925 0.8247561484375 0.4590019655606398 0.8272966004526202 0.4598933905606398 0.8464665332651202
4 0.5121581398445438 0.8263328322320728 0.5085747892503686 0.8088855321373615 0.44603814159332467 0.8217293952177884 0.44962149218749997 0.8391766953124999
3 0.6265625000000001 0.7578125 0.6015625000000002 0.7578125 0.6015625000000002 0.7796875 0.6265625000000001 0.7796875
3 0.6375000000000002 0.7765625 0.6046875000000002 0.7765625 0.6046875000000002 0.7953125 0.6375000000000002 0.7953125
3 0.5906250000000002 0.7921875 0.5640625000000001 0.7921875 0.5640625000000001 0.8140625 0.5906250000000002 0.8140625
3 0.5796875000000001 0.8375 0.5531250000000002 0.8375 0.5531250000000002 0.8609375 0.5796875000000001 0.8609375
3 0.6031250000000001 0.815625 0.5765625000000002 0.815625 0.5765625000000002 0.8375 0.6031250000000001 0.8375
3 0.5906250000000002 0.85625 0.5640625000000001 0.85625 0.5640625000000001 0.878125 0.5906250000000002 0.878125
3 0.4906250000000002 0.8484375 0.46406250000000016 0.8484375 0.46406250000000016 0.871875 0.4906250000000002 0.871875
3 0.4750000000000002 0.8390625 0.4468750000000002 0.8390625 0.4468750000000002 0.8640625 0.4750000000000002 0.8640625
4 0.3514370953125 0.23930935 0.32553630544628037 0.19734497768146597 0.31141690748026296 0.20605959771627652 0.33731769734648254 0.24802397003481053
4 0.4359040499999999 0.20640918906250008 0.4078603948135071 0.15190448768471965 0.38789602812499985 0.16217651562500005 0.41593968331149267 0.21668121700278045
4 0.5029572453125 0.7689572187499999 0.48968061485050296 0.7560802557706967 0.44746588281249994 0.7996052234375 0.460742513274497 0.812482186416803
1 0.6875000000000001 0.61875 0.3187500000000001 0.61875 0.3187500000000001 0.9390625 0.6875000000000002 0.9390625