1 0.984375 0.12343750000000012 0.6453125 0.12343750000000009 0.6453125 0.534375 0.984375 0.5343750000000002
2 0.5043178062500001 0.9806743062500004 0.4872815195355666 0.44632507077383626 0.21582419519816046 0.45497975670039875 0.23286048191259398 0.9893289921765629
2 0.41306652500014823 0.43918604854257265 0.19056745087932628 0.34837355301141126 0.005289568066678107 0.8023216263438385 0.22778864218750003 0.893134121875
2 0.3435661870640957 0.40137505772693033 0.21244566423268196 0.26569275794134295 -0.08066171345641368 0.5489455674019126 0.050458809375000066 0.6846278671875
3 0.24375000000000008 0.8015625 0.20468750000000008 0.8015625 0.20468750000000008 0.84375 0.24375000000000008 0.84375
3 0.73125 0.2906250000000001 0.703125 0.2906250000000001 0.703125 0.3234375000000001 0.73125 0.3234375000000001
3 0.86875 0.3703125000000001 0.8359375 0.3703125000000001 0.8359375 0.4078125000000002 0.86875 0.4078125000000002
3 0.8703125 0.3046875000000001 0.8453125 0.3046875000000001 0.8453125 0.3359375000000001 0.8703125 0.3359375000000001
3 0.9296875 0.3000000000000001 0.8953125 0.3000000000000001 0.8953125 0.3343750000000001 0.9296875 0.3343750000000001
3 0.18750000000000008 0.7625 0.1546875000000001 0.7625 0.1546875000000001 0.8046875 0.18750000000000008 0.8046875
4 0.27891918750000005 0.7501570281250001 0.20948820393400677 0.7490440807513217 0.20892192200992793 0.7843714573140526 0.2783529055759212 0.785484404687731
4 0.4078550015625 0.9243702468749999 0.3738412218750001 0.8309627562499999 0.3432533728090218 0.8421011387531931 0.37726715249652176 0.9355086293781932
4 0.4284061397920347 0.9353120494213991 0.403928484375 0.8348383453125001 0.38677798301189037 0.839016593405559 0.4112556384289251 0.939490297514458
4 0.45216303561870913 0.9365786200800915 0.44045689159715407 0.8410848843870189 0.4211202528534449 0.8434552752444274 0.432826396875 0.9389490109375
4 0.3522902205600796 0.6980009760391462 0.3372882734375001 0.6918916562500002 0.30719315600242064 0.7657927411483538 0.3221951031250001 0.7719020609375
4 0.3650233942739123 0.5221529132162627 0.32399058437500006 0.4671584234375 0.30997001978858774 0.4776195289712374 0.35100282968749996 0.53261401875
4 0.22492283690875658 0.6488433105039593 0.16535038595156668 0.6398232011868503 0.1610161609375001 0.6684481765624999 0.22058861189468998 0.6774682858796088
4 0.22559192440522527 0.570596181850636 0.2124256148808928 0.5686029432569419 0.2003174500000001 0.64858325625 0.21348375952433257 0.650576494843694
4 0.2534903943699106 0.5716864875455622 0.23293646250000005 0.562861053125 0.20197599156758952 0.6349662187044378 0.22252992343750005 0.643791653125
4 0.7601919952222216 0.25399886464255256 0.7005239875000001 0.22878918437500015 0.6921052721122635 0.24871517984322522 0.7517732798344849 0.27392486011077766
4 0.7897559244371987 0.3173566937831721 0.7439263687500002 0.278392778125 0.7278722111407703 0.29727575992328736 0.7737017668279688 0.33623967558145945
4 0.8929645348458564 0.39657842132857757 0.836584034375 0.3501638140625003 0.8228626407652815 0.36683139102676654 0.8792431412361379 0.4132459982928438
0 0.17289658036767536 0.6374614136121034 0.1486637440553476 0.6184292652718135 0.0807716949376723 0.7048733641597104 0.10500453125000009 0.7239055125000002
0 0.28910708906250004 0.39321051093750004 0.26668315781250007 0.38601267187500005 0.23969074087899306 0.47010403545406687 0.26211467212899303 0.4773018745165668
0 0.480695190930852 0.9354888128471768 0.45750578906249995 0.8061679328125001 0.4159521764453113 0.8136191922054413 0.4391415783136633 0.942940072240118
4 0.22450073013497046 0.5824676097241586 0.20481012198313442 0.567426277368597 0.15220269028566397 0.6362946660819384 0.17189329843749998 0.6513359984375
0 0.8094528265625002 0.3833476578125 0.7993669790566735 0.30220508567537413 0.7704297837441735 0.3058019169253742 0.7805156312500001 0.38694448906250006
0 0.9143032121399971 0.392982653463673 0.8486954158389752 0.33216469669001875 0.8309737562500003 0.35128206093750003 0.8965815525510219 0.41210001771115434