1 0.559375 0.021875000000000037 0.053125 0.021875000000000006 0.05312500000000002 0.4421875 0.559375 0.4421875
3 0.3 0.2109375 0.2546875 0.2109375 0.2546875 0.2453125 0.3 0.2453125
3 0.2828125 0.18437500000000004 0.24375 0.18437500000000004 0.24375 0.2140625 0.2828125 0.2140625
3 0.321875 0.10937500000000004 0.2859375 0.10937500000000004 0.2859375 0.13906250000000003 0.321875 0.13906250000000003
3 0.4 0.11093750000000005 0.371875 0.11093750000000005 0.371875 0.14062500000000006 0.4 0.14062500000000006
3 0.3 0.2953125 0.2609375 0.2953125 0.2609375 0.325 0.3 0.325
3 0.3578125000000001 0.8859375 0.3265625000000001 0.8859375 0.3265625000000001 0.9109375 0.3578125000000001 0.9109375
3 0.3312500000000001 0.8890625 0.29375000000000007 0.8890625 0.29375000000000007 0.928125 0.3312500000000001 0.928125
3 0.5500000000000002 0.8734375 0.5203125000000002 0.8734375 0.5203125000000002 0.8984375 0.5500000000000002 0.8984375
2 0.5561623765080604 0.6702165256738641 0.3393828606433266 0.586054431833766 0.21653603125000007 0.902475696875 0.43331554711473386 0.986637790715098
2 0.6057610638992348 0.9677088096421853 0.605473925 0.675424871875 0.4404251079757652 0.6755870153578146 0.440712246875 0.9678709531249998
2 0.7229813741058744 0.6651867358536168 0.5988278803328873 0.6648650542840211 0.5981166916852299 0.9393494005563807 0.722270185458217 0.9396710821259766
4 0.3820089706369517 0.10143295749535394 0.3449745416271053 0.09310056963947574 0.3322985116151536 0.14944090589412182 0.369332940625 0.15777329375000004
4 0.34813737499999997 0.334704753125 0.29673600138831746 0.2801558007663493 0.28148791392232153 0.29452404445964875 0.3328892875340041 0.3490729968182994
4 0.507289275 0.32801249062500004 0.4999870460588056 0.30850118041510444 0.45073563700148195 0.32693382592911957 0.45803786594267626 0.3464451361390152
4 0.4551781739962523 0.35926385066246597 0.44282008142854173 0.34771426421804996 0.40277909999999995 0.39055823593750005 0.4151371925677106 0.402107822381916
4 0.32026925730944156 0.3303737871338176 0.27671703033621997 0.2702428170123914 0.26376992499999996 0.27962026875000007 0.30732215197322155 0.3397512388714263
4 0.45222373281250017 0.7936150218750002 0.4299181265662456 0.7831506831434968 0.40386984381297103 0.838674759092649 0.4261754500592255 0.8491390978241522
4 0.45295873750000004 0.8545710796874999 0.43903071406249994 0.8425655390625 0.403068227313112 0.8842868054312323 0.4169962507506121 0.8962923460562322
4 0.3726038421875001 0.8423932484375001 0.3544723338132517 0.8386221609084185 0.34074559836237295 0.9046207400608125 0.3588771067366213 0.9083918275898941
4 0.5749869640625 0.8202028765625002 0.5743236297732265 0.7717753270746435 0.5529720391482265 0.7720677895746435 0.5536353734375 0.8204953390625003
4 0.5771960763588138 0.7676362937928157 0.5652365096788579 0.7229107387828011 0.5490682880075439 0.7272341043649854 0.5610278546874998 0.771959659375
0 0.47909605937500005 0.7886604171875 0.45096825473339647 0.7693134182224638 0.4040678017540887 0.837500054371499 0.43219560639569227 0.8568470533365351
0 0.3520954334111016 0.8131797810544015 0.3196643742544013 0.8125730077894616 0.3182855924057998 0.8862666892350601 0.3507166515625001 0.8868734625
0 0.5689300206223065 0.8720270147546068 0.5566622135657262 0.8082977905869093 0.5367185585684197 0.8121369227073026 0.5489863656249999 0.8758661468750001
0 0.5807705513253762 0.8534199027605818 0.5517829795876172 0.8513928936055224 0.5472186062500001 0.9166664515625002 0.5762061779877591 0.9186934607175594
0 0.6753187953124998 0.832160771875 0.6609427698505913 0.8191708054548498 0.6187005005041961 0.8659204212776099 0.6330765259661046 0.8789103876977602
0 0.6618582109375 0.7622586374999999 0.6355798859374999 0.717739728125 0.6137102107231108 0.7306488141964322 0.6399885357231108 0.7751677235714322
0 0.692775490625 0.8497746875000003 0.6723955290418425 0.8010833826041432 0.6573546165418425 0.8073788232291431 0.677734578125 0.856070128125
0 0.6519477347239468 0.7334819223763477 0.6374641320217984 0.6881561108984251 0.62220045 0.6930335328125 0.6366840527021485 0.7383593442904226
0 0.6338876093750001 0.6875595421875003 0.6217539452149081 0.6803823105206684 0.5978008427467911 0.7208768792390694 0.6099345069068829 0.7280541109059011
0 0.4787260656249999 0.33214089843750005 0.46097611508118075 0.3135542158592035 0.4066812171123947 0.3654048755811812 0.4244311676562139 0.3839915581594777
0 0.35996581875 0.31670959375 0.2715110752789179 0.24935188224255328 0.25469375905565234 0.27143653089093495 0.3431485025267345 0.3387942423983817