1 0.8125 0.6890625000000001 0.4390625 0.6890625 0.4390625000000001 0.98125 0.8125 0.98125
2 0.581358285606455 0.4231109416826981 0.1536790390625 0.17829166718750006 0.009819138652473147 0.4296031455917689 0.4374983851964281 0.6744224200869668
2 0.6175354821008762 0.3688308598401632 0.36880213065957657 0.019097583087448623 0.14857633125000003 0.17572408906250003 0.3973096826912997 0.5254573658152146
2 0.7579704573003345 0.26724922458126665 0.5506504998845428 -0.07453647568047976 0.37973295937499996 0.029138479687500007 0.5870529167907916 0.37092417994924637
3 0.2375 0.16406250000000006 0.2 0.16406250000000006 0.2 0.19843750000000004 0.2375 0.19843750000000004
3 0.6765625000000002 0.7296875 0.6468750000000002 0.7296875 0.6468750000000002 0.7546875 0.6765625000000002 0.7546875
3 0.5781250000000002 0.85 0.5453125000000002 0.85 0.5453125000000002 0.878125 0.5781250000000002 0.878125
3 0.6421875000000001 0.86875 0.6140625000000002 0.86875 0.6140625000000002 0.890625 0.6421875000000001 0.890625
3 0.6406250000000002 0.91875 0.6093750000000002 0.91875 0.6093750000000002 0.9484375 0.6406250000000002 0.9484375
3 0.284375 0.12031250000000004 0.2453125 0.12031250000000004 0.2453125 0.15000000000000005 0.284375 0.15000000000000005
4 0.29161390955873834 0.1772881367105659 0.2567700126453432 0.17295943037773498 0.24820208746160488 0.2419268952296692 0.28304598437500006 0.2462556015625001
4 0.189816059375 0.329007878125 0.18304308117081539 0.29716754474697493 0.08581082179581537 0.3178504931844749 0.09258380000000001 0.3496908265625
4 0.18179085 0.3582629546875 0.1800401528820676 0.34069786158422666 0.0771376195442439 0.35095406503747795 0.07888831666217633 0.3685191581407513
4 0.17075723593750008 0.3802016812500001 0.07467156875000006 0.37239023125000004 0.07309794962608876 0.3917467199198405 0.1691836168135888 0.39955816991984056
4 0.33262091562500007 0.31216561562500006 0.26290177716425783 0.2729175018929988 0.2549711877265834 0.2870051563177693 0.32469032618732563 0.32625327004977056
4 0.557017740625 0.33027415937500004 0.5486097263244257 0.3149341365232968 0.4884397765625 0.347913865625 0.49684779086307423 0.36325388847670326
4 0.408111773477385 0.14914754496066313 0.38036858125 0.14087167343750004 0.3631453720766683 0.19860901282596508 0.3908885643040533 0.20688488434912816
4 0.4713613453125 0.20811046875000003 0.39457049531250005 0.18255514687500005 0.39038295652220845 0.19513822701335035 0.4671738065222085 0.2206935488883503
4 0.47491876718750003 0.22678693906250005 0.4002697455981982 0.19555010234221246 0.39226414543340965 0.21468168806864063 0.46691316702271146 0.24591852478892823
4 0.740663865625 0.7363177515625001 0.7221034468589065 0.7252078039821843 0.6888349242238037 0.780786618137059 0.7073953429898971 0.7918965657173748
4 0.6855025671875 0.7723942578125002 0.6690376604025071 0.7538683353859097 0.6240746972538955 0.793829152449269 0.6405396040388884 0.8123550748758595
4 0.601534546875 0.8541615890625002 0.5869388262689388 0.8382540520332571 0.533129273084731 0.8876261957390928 0.5477249936907922 0.9035337327683358
0 0.4182306180261353 0.14918115164159745 0.36029789203469476 0.06009525208703905 0.33324626562500004 0.07768697499999996 0.39117899161644054 0.16677287455455836
0 0.6453494390625 0.28481775156250005 0.565833065629009 0.24638476712948396 0.555584467191509 0.26758872494198394 0.635100840625 0.30602170937500006
0 0.2027257234375 0.41530899843749997 0.19028847404352262 0.37341421731712404 0.06993490855551157 0.40914342437820983 0.08237215794948893 0.45103820549858575
4 0.4692976187499999 0.20324842500000004 0.4160370919661906 0.13760520764077366 0.39580042031249996 0.1540245093750001 0.4490609470963093 0.2196677267342265
0 0.6544166671875 0.8107948171875001 0.5729150328125001 0.7935199578125001 0.566980860737677 0.8215169858786442 0.648482495112677 0.8387918452536443
0 0.6161393562499999 0.8699094890625 0.6012079828124999 0.8484502796875001 0.5281455928912845 0.8992872797412315 0.5430769663287845 0.9207464891162314