1 1 0.4015625000000001 0.5546875 0.4015625 0.5546875000000001 0.9359375 1 0.9359375
3 0.809375 0.6750000000000002 0.771875 0.6750000000000002 0.771875 0.7234375000000002 0.809375 0.7234375000000002
3 0.8375 0.6890625000000001 0.8046875 0.6890625000000001 0.8046875 0.7296875000000002 0.8375 0.7296875000000002
3 0.909375 0.6437500000000002 0.8765625 0.6437500000000002 0.8765625 0.6828125000000002 0.909375 0.6828125000000002
3 0.9 0.5656250000000002 0.86875 0.5656250000000002 0.86875 0.5968750000000002 0.9 0.5968750000000002
3 0.725 0.6828125 0.6921875 0.6828125 0.6921875 0.7234375 0.725 0.7234375
3 0.1312500000000001 0.6765625 0.10468750000000009 0.6765625 0.10468750000000009 0.709375 0.1312500000000001 0.709375
3 0.1312500000000001 0.703125 0.08906250000000009 0.703125 0.08906250000000009 0.7421875 0.1312500000000001 0.7421875
3 0.12656250000000005 0.484375 0.09843750000000007 0.484375 0.09843750000000007 0.515625 0.12656250000000005 0.515625
2 0.4117027657351951 0.606743926433271 0.2769642705534735 0.42262806601668323 -0.010977137369221523 0.6333475114584124 0.12376135781250004 0.817463371875
2 0.329057878924318 0.5772583805008555 0.316050015625 0.4102167203125 0.026068842950682024 0.43279812574914445 0.039076706249999996 0.5998397859375
2 0.3268579758347265 0.41604289705563813 0.3164344660098978 0.2932377248890146 0.04322891205017124 0.31642698252087653 0.05365242187500001 0.4392321546875001
4 0.9188624132599479 0.6189719175188191 0.9073339703624363 0.582804632522398 0.8523128156249999 0.6003428093750001 0.8638412585225115 0.636510094371421
4 0.7367232509441822 0.6833298327690756 0.6779019484375 0.6368783125000003 0.6649173386474627 0.6533206518672972 0.7237386411541451 0.6997721721363724
4 0.6894185639226209 0.49011330281717475 0.67069774375 0.4777487640625001 0.6435238968566797 0.5188919648871856 0.6622447170293005 0.5312565036418603
4 0.6541378268322708 0.5405228159263004 0.6411485850499117 0.5303514444628262 0.604509423842641 0.5771410957240259 0.6174986656250001 0.5873124671875001
4 0.7483432810038272 0.7024086533078397 0.6846453016084195 0.6642629147747764 0.6764319487295924 0.6779780505294367 0.740129928125 0.7161237890625001
4 0.21964171565105514 0.597905094715063 0.21166624843749995 0.5731846984375 0.1573060202864448 0.5907227755974369 0.1652814875 0.615443171875
4 0.1640518500000001 0.5905938328125002 0.15087808593750016 0.5777651625000002 0.11244992167719885 0.617227051923328 0.1256236857396988 0.6300557222358281
4 0.17430197940549014 0.6749378694008709 0.1700129671875 0.6567529140625001 0.1053864252820099 0.6719954055991294 0.10967543750000001 0.6901803609375001
4 0.22441642585905494 0.4668411813670496 0.2210876281710819 0.445823985673945 0.1727208132495269 0.45348453868189526 0.1760496109375 0.4745017343749999
4 0.2722517686517036 0.4544396870569628 0.2266540625265323 0.44642371765829625 0.2237563015625001 0.4629072203124999 0.26935400768767137 0.4709231897111664
0 0.22860925807448815 0.5791181960781535 0.21425992031250002 0.5459828078125 0.1447812809880119 0.5760706539218465 0.15913061875000006 0.6092060421875001
0 0.20460269259302635 0.7030758358740092 0.19952912670795894 0.6710425948815859 0.12670976380243265 0.6825760465075768 0.13178332968750003 0.7146092875000001
0 0.18793693877972184 0.4704233267774411 0.12338101484437944 0.46375656907065615 0.1212946953125 0.4839589359375 0.1858506192478424 0.49062569364428493
0 0.1454310779431069 0.47903998422254734 0.1408853511354898 0.45033938376905525 0.07625799194238295 0.46057534798400807 0.08080371875 0.4892759484375001
0 0.1659454067270411 0.36993615548660774 0.15382316093750004 0.3542980640625001 0.10592542921045892 0.39142715232589226 0.11804767499999999 0.40706524374999997
0 0.27127227187499997 0.3839133046875 0.2309181192232083 0.3533231061782843 0.2152563707857083 0.3739838608657842 0.2556105234375 0.40457405937499996
0 0.18469512500000002 0.355572315625 0.13475481875 0.33844295 0.1294658962906221 0.3538626925133096 0.1794062025406221 0.3709920581383096
0 0.30053281093750006 0.3794473984375 0.25411116739777284 0.36911232066103383 0.25062890333527277 0.38475346284853384 0.29705054687500004 0.39508854062500004
0 0.30837353832932296 0.39567599446866275 0.301485103125 0.382968765625 0.26090415194646166 0.4049672088861021 0.26779258715078463 0.41767443772976487
0 0.6884400628013386 0.5235876238771627 0.6690744937499999 0.5065630968750001 0.6202371621986613 0.5621160479978374 0.63960273125 0.579140575
0 0.7696084484705329 0.7057740324331213 0.6947977140625 0.6235264984375001 0.6742628308379818 0.642204623122566 0.7490735652460146 0.7244521571181872