1 0.9703125 0.2984375000000001 0.6609375 0.2984375000000001 0.6609375 0.6468750000000001 0.9703125 0.6468750000000002
3 0.1671875000000001 0.65625 0.1390625000000001 0.65625 0.1390625000000001 0.69375 0.1671875000000001 0.69375
4 0.2720241150351471 0.5572051662497325 0.2521080757609645 0.5388519829084977 0.2047851154133173 0.5902047057212652 0.22470115468749996 0.6085578890625
0 0.17358369629333686 0.6231679348323823 0.15355508848734206 0.5992913984759956 0.07451620938150523 0.6655924183311134 0.09454481718750003 0.6894689546875001
2 0.3676715065262274 0.4457369594257788 0.26833479858501275 0.2895762656904788 -0.04784913762871468 0.4907067203272 0.051487570312499994 0.6468674140624999
2 0.4075689704088452 0.49710756400918577 0.2324218500263527 0.37376634235894607 -0.023051882882492335 0.7365443986622605 0.15209523750000012 0.8598856203125
0 0.3547809603329786 0.670280777255827 0.32501978281250005 0.6480394484375002 0.2601423901006742 0.7348520493092364 0.28990356762115277 0.7570933781275633
0 0.40968539020594524 0.792523268831326 0.38298661464047795 0.7734613017985449 0.3164509088095329 0.8666532517172192 0.34314968437500015 0.8857152187500003
0 0.4142287724755592 0.8134627135569531 0.39362167343750004 0.8008195609375001 0.33263309627444093 0.9002249614430472 0.35324019531250006 0.9128681140625
0 0.32666439062499997 0.4382453312499999 0.3123783265625 0.4275156390625 0.2642548327236078 0.49158973400202316 0.2785408967861078 0.5023194261895233
0 0.26088305312500004 0.44774066250000005 0.19301172968750005 0.44669374375000004 0.1926311885886699 0.47136407084077286 0.26050251202616986 0.4724109895907729
0 0.3058466390625 0.447605275 0.3020183828125 0.416025209375 0.23480294274749403 0.42417332190842216 0.23863119899749402 0.4557533875334222
0 0.11900717812500006 0.4840294125 0.09831807773211085 0.47399554327775445 0.05794112083724068 0.5572498588617456 0.07863022123012989 0.5672837280839913
0 0.13842534806712153 0.4749670742052265 0.129840624736361 0.4470671120950273 0.050536075106739464 0.4714688519523009 0.05912079843750001 0.4993688140625001
0 0.26843361648272934 0.7209311117225645 0.2529676253747195 0.6978402795993477 0.1733384557669902 0.7511750413142831 0.188804446875 0.7742658734375001
0 0.814798384985482 0.4121199494171471 0.76304639375 0.35602170937500016 0.746479609066603 0.371304971293576 0.7982316003020851 0.42740321133572295
0 0.881396516614848 0.4728760983567616 0.8330505953124998 0.4093583093750001 0.81303327889715 0.42459428688011425 0.861379200199498 0.4881120758618758
0 0.7508464640624999 0.40045144687500017 0.731689075 0.39128944843750024 0.6993970171428165 0.4588109089811705 0.7185544062053164 0.4679729074186705
0 0.828102025422514 0.43087837192644063 0.76610906875 0.3827733421875001 0.7533258684323015 0.3992470537251869 0.8153188251048155 0.4473520834641274
2 0.5761854704532715 0.5942592240471599 0.33379651792573384 0.4775318759408734 0.13840376465996237 0.8832726518937136 0.3807927171875001 1
3 0.2734375000000001 0.653125 0.2484375000000001 0.653125 0.2484375000000001 0.69375 0.2734375000000001 0.69375
3 0.34062500000000007 0.8875 0.3062500000000001 0.8875 0.3062500000000001 0.93125 0.34062500000000007 0.93125
3 0.3187500000000001 0.8515625 0.2875000000000001 0.8515625 0.2875000000000001 0.8921875 0.3187500000000001 0.8921875
3 0.8375 0.5015625000000001 0.8109375 0.5015625000000001 0.8109375 0.5406250000000001 0.8375 0.5406250000000001
3 0.871875 0.3218750000000001 0.846875 0.3218750000000001 0.846875 0.35625000000000007 0.871875 0.35625000000000007
3 0.909375 0.36406250000000007 0.8859375 0.36406250000000007 0.8859375 0.39531250000000007 0.909375 0.39531250000000007
3 0.8359375 0.4265625000000002 0.8109375 0.4265625000000002 0.8109375 0.46093750000000017 0.8359375 0.46093750000000017
3 0.890625 0.46875000000000017 0.865625 0.46875000000000017 0.865625 0.5046875000000002 0.890625 0.5046875000000002
4 0.32419555312500004 0.5288134921875001 0.3126125695688469 0.5095216394366218 0.2594686617563469 0.5414296691241218 0.27105164531250003 0.5607215218750001
4 0.38710089523779656 0.5291255858517291 0.3440208328125 0.48669631250000017 0.3286528689408911 0.5022999934174259 0.3717329313661876 0.5447292667691548
4 0.35254899475543233 0.5531054912001315 0.33502030781250003 0.5453664796875 0.30597533961956774 0.6111526791123684 0.32350402656250005 0.6188916906249999
4 0.28648516997706225 0.7336819734113927 0.27401663125000003 0.7293776843750001 0.24918027064793785 0.8013229281511073 0.26164880937500007 0.8056272171875001
4 0.3525647412960834 0.6992285162625181 0.33498529374999997 0.6860625578125001 0.28743911026641666 0.7495471602999819 0.3050185578125001 0.76271311875
4 0.3547899185935585 0.8059185429775955 0.3338551521138095 0.7931053208303552 0.28965049289525113 0.8653287012902601 0.31058525937500014 0.8781419234375001
4 0.8483970451878861 0.49360710087287807 0.79504831875 0.47336204531250015 0.7871513930115102 0.4941716167985629 0.8405001194493963 0.5144166723589408
4 0.8815887609375002 0.3759133984375001 0.8805624906457264 0.3294072223081296 0.8633310468957264 0.32978747543312953 0.8643573171875001 0.37629365156250005
4 0.7287123593749998 0.416119046875 0.7070430671874999 0.364022175 0.6925172228787414 0.3700640879454041 0.7141865150662413 0.422160959820404
4 0.7134653359375001 0.47550280156250013 0.7102018433340206 0.41949177540653004 0.6947278451441281 0.4203933707191806 0.6979913377476077 0.4764043968751507
4 0.8179115772939335 0.44075813634957034 0.7670192578125001 0.401998365625 0.7577897423389156 0.41411689577519883 0.808682061820349 0.45287666649976915