1 0.4328125 0.29531250000000003 0.051562500000000046 0.2953125 0.05156250000000007 0.6671875 0.4328125 0.6671875
2 0.970124733605575 0.4265414659357155 0.8251824515624999 0.21145304062500014 0.5278414469424519 0.41182311489725454 0.6727837289855271 0.6269115402079699
2 0.9973187052995212 0.6183157414287684 0.9649319000000001 0.4405594281250001 0.660268370815989 0.49606844616300155 0.6926551761155101 0.6738247594667699
2 0.9813313843750002 0.6326586812500002 0.70455913856988 0.5866322691153091 0.6789436623452911 0.7406667148439926 0.9557159081504114 0.7866931269786838
0 0.3334039382173362 0.5071889098313582 0.3166475403608443 0.5027288241383043 0.29453841620600807 0.585792089306946 0.3112948140625 0.590252175
0 0.3355703220269862 0.5318673834070479 0.31962338088272924 0.5293483677387781 0.3068279229182431 0.6103516015192303 0.3227748640625001 0.6128706171875
0 0.20067387856466476 0.46800810615601174 0.1756504849980775 0.46356153880432566 0.1601134986209128 0.550997102960814 0.1851368921875 0.5554436703125
0 0.1962735775384052 0.6009565312330791 0.15052437187500003 0.53435615 0.13149930371159493 0.5474248703294209 0.17724850937500009 0.6140252515625001
0 0.24251768420895084 0.5482384275087031 0.230274490625 0.4591844 0.20851043610354916 0.4621765334287969 0.22075362968749998 0.5512305609375
0 0.8422153274897418 0.311104848179855 0.8220686974233387 0.3028784151999274 0.7798211527460968 0.4063431435825725 0.7999677828125 0.41456957656250004
0 0.8951350765625001 0.3681957171875001 0.8166409245285589 0.3641742404412439 0.815086076091059 0.39452292012874396 0.8935802281250002 0.3985443968750001
0 0.8500416056097178 0.39701652191807596 0.8285196093269294 0.3831160473153023 0.7736129068422115 0.4681276660222265 0.795134903125 0.4820281406250001
0 0.8581110515624999 0.4019832375000001 0.8427682561951053 0.3943193331093525 0.7972238936951055 0.48549711904685244 0.8125666890625001 0.4931610234375
0 0.9019913089990546 0.44270661200077355 0.887940090625 0.41783666875000003 0.809615106556883 0.4620893413109329 0.8236663249309377 0.48695928456170634
0 0.9699053816571274 0.6006538625916884 0.9671742156249999 0.5749574156249999 0.8834806089678725 0.5838528530333116 0.8862117749999999 0.6095493000000001
4 0.7674803446445907 0.5120090594097567 0.7518171421875001 0.45307506562499994 0.7361278297198478 0.45724489803939433 0.7517910321769383 0.5161788918241511
4 0.7868423840485949 0.3984900153075285 0.778733382921185 0.38983570398833567 0.7230887379350901 0.4419741668058072 0.7311977390625 0.45062847812500006
4 0.8035186310773584 0.3621880286767132 0.7922817580807486 0.35265396483470646 0.7390187129408902 0.4154299314704934 0.7502555859374997 0.4249639953125001
4 0.7911251312500001 0.5688313687500001 0.7776455731840788 0.5595882759837693 0.7406494664784109 0.6135411228462407 0.7541290245443322 0.6227842156124715
4 0.8026729096477536 0.5720792126553984 0.7923736281308782 0.5652588594204943 0.7587428984374999 0.6160439640625001 0.7690421799543754 0.6228643172974041
4 0.8342798840484795 0.5721993207930655 0.8195120563408013 0.5622056908449227 0.7882120957298219 0.6084583966143574 0.8029799234375 0.6184520265625002
4 0.8541490765624999 0.578585834375 0.8426542306483056 0.5692143332077721 0.804210361064521 0.6163686097025912 0.8157052069787154 0.6257401108698192
4 0.8788005006175931 0.6127302207355038 0.8770262874999999 0.5955712890624999 0.8196382853199067 0.601505140201996 0.8214124984375 0.6186640718749998
4 0.26899964487958017 0.6199482427788088 0.2580762520671309 0.602681460325436 0.2100122446875508 0.6330879378591272 0.22093563750000006 0.6503547203125
4 0.21302298591190372 0.5715133568483513 0.1596776468750002 0.5424643812500001 0.15206207502559668 0.556449565026649 0.20540741406250024 0.5854985406250002
4 0.34804188045133005 0.5324201420400031 0.3325395925172322 0.5306014583555225 0.3254030120659023 0.5914329960030196 0.34090530000000013 0.5932516796875001
3 0.9578125 0.4781250000000002 0.928125 0.4781250000000002 0.928125 0.5187500000000002 0.9578125 0.5187500000000002
3 0.8234375 0.5406250000000001 0.79375 0.5406250000000001 0.79375 0.5828125000000002 0.8234375 0.5828125000000002
3 0.19062500000000004 0.3859375 0.15468750000000003 0.3859375 0.15468750000000003 0.4359375 0.19062500000000004 0.4359375
3 0.15625000000000006 0.4078125 0.12500000000000006 0.4078125 0.12500000000000006 0.4484375 0.15625000000000006 0.4484375
3 0.2093750000000001 0.5359375 0.18125000000000005 0.5359375 0.18125000000000008 0.565625 0.2093750000000001 0.565625
3 0.2687500000000001 0.4734375 0.2453125000000001 0.4734375 0.2453125000000001 0.5015625 0.2687500000000001 0.5015625
3 0.2562500000000001 0.496875 0.2328125000000001 0.496875 0.2328125000000001 0.525 0.2562500000000001 0.525