1 0.9921875 0.5140625000000001 0.5640625 0.5140625 0.5640625000000001 0.9609375 0.9921875 0.9609375
2 0.5138825629786765 0.4128839581004559 0.503762259375 0.12698024843749997 0.3130623970137087 0.1337305648518996 0.32318270061738524 0.4196342745148556
2 0.38001100056524084 0.42382459319634264 0.3191489234375 0.17095073593750004 0.20417466163749087 0.1986229218456482 0.26503673876523165 0.4514967791044908
2 0.3413312043125836 0.4418989803810412 0.22137482031249997 0.2581027703125 0.1415751960767929 0.310184771156321 0.26153158007687655 0.49398098122486217
3 0.7968750000000001 0.7000000000000002 0.75625 0.7000000000000002 0.7562500000000001 0.7343750000000002 0.7968750000000002 0.7343750000000002
3 0.7750000000000001 0.7437500000000001 0.7343750000000002 0.7437500000000001 0.7343750000000002 0.7718750000000002 0.7750000000000001 0.7718750000000002
3 0.7609375000000002 0.7734375000000002 0.7265625000000002 0.7734375000000002 0.7265625000000002 0.8046875 0.7609375000000002 0.8046875
3 0.7859375000000002 0.7734375000000002 0.7562500000000002 0.7734375000000002 0.7562500000000002 0.8 0.7859375000000002 0.8
3 0.803125 0.7312500000000002 0.7703125000000002 0.7312500000000002 0.7703125000000002 0.7593750000000001 0.803125 0.7593750000000001
3 0.7640625 0.6421875000000001 0.7296875 0.6421875000000001 0.7296875 0.6703125000000002 0.7640625 0.6703125000000002
3 0.83125 0.7296875000000002 0.7937500000000002 0.7296875000000002 0.7937500000000002 0.7609375000000002 0.83125 0.7609375000000002
3 0.89375 0.6531250000000002 0.85 0.6531250000000002 0.85 0.6875000000000002 0.89375 0.6875000000000002
3 0.9046875 0.6281250000000002 0.8640625 0.6281250000000002 0.8640625 0.6625000000000002 0.9046875 0.6625000000000002
4 0.31664682343749995 0.3383296796875001 0.2952799697501346 0.30255017511261384 0.28530034375 0.30850982187500003 0.3066671974373653 0.3442893264498863
4 0.35958515312499995 0.3878314312500001 0.3233589915687846 0.35840779570344744 0.3182931109375 0.36464487031250004 0.35451927249371534 0.3940685058590526
4 0.3177995984375 0.30038094531250004 0.2908561909774011 0.2806209800090666 0.285226057449608 0.2882978650321257 0.3121694649097068 0.3080578303355591
4 0.3360256938486006 0.2897952776572514 0.30133717656250003 0.27413859375000005 0.29697473032006844 0.2838039093932563 0.331663247606169 0.29946059330050756
4 0.34253513709714817 0.3018550873270016 0.30481948750000004 0.284952590625 0.3013701964011576 0.292649220107383 0.33908584599830566 0.30955171680938454
4 0.34815316114389355 0.3110141302857725 0.3112182296875 0.2999993890625 0.30832128050390467 0.30971351827896115 0.3452562119602982 0.32072825950223366
4 0.3370832 0.33286555156250003 0.30968732968750007 0.31301958593750007 0.30245799230611015 0.3229991451631986 0.32985386261861016 0.34284511078819857
4 0.32741123587604687 0.3186104449743711 0.30498027079037215 0.29595387506415993 0.29891066303932523 0.30196304415228886 0.32134162812499995 0.3246196140625
4 0.8695510116919902 0.7741378658435327 0.8661854811580337 0.7541994120566764 0.7913511953124999 0.7668311375000001 0.7947167258464564 0.7867695912868565
4 0.8512785968750001 0.7626627578125001 0.8490112269916412 0.7461115358660002 0.7735361062499999 0.7564509546875 0.7758034761333586 0.773002176634
0 0.31749014843749995 0.44560299843749995 0.31592636085173303 0.4000342293148934 0.3014308726526397 0.40053167229902104 0.3029946602384066 0.4461004414216275
0 0.29948751250000005 0.3592514953125 0.2837310903240887 0.35685029746951885 0.27760453407408875 0.39705215215701894 0.29336095625 0.3994533500000001
0 0.3082648234375 0.42922245 0.276363240625 0.4048247265624999 0.26748799154615593 0.4164296820082661 0.29938957435865593 0.44082740544576604
0 0.27809412445208104 0.4085349052593375 0.24160749062500003 0.3756420140625 0.23402175363038044 0.3840565376255073 0.2705083874574614 0.4169494288223448
0 0.2842711877003453 0.3917390008913679 0.26669165445454773 0.3415586310358984 0.255485709375 0.34548437499999995 0.27306524262079757 0.39566474485546943
0 0.28202513749999997 0.40134620625000006 0.27059722400553854 0.35408852639448096 0.2546771583805386 0.35793833733198094 0.26610507187500004 0.4051960171875
0 0.23814012189444825 0.31503695690344974 0.22120681250000002 0.308573528125 0.2049901590947158 0.35105896718016244 0.22192346848916406 0.3575223959586122
0 0.23808912187500003 0.3732416625 0.20720814211629385 0.34405573987081844 0.19951095000000005 0.3521999687500001 0.2303919297587062 0.38138589137918166
0 0.2481761528051786 0.348676262313266 0.2329982456150428 0.3384672446329221 0.21858006874999997 0.35990297500000007 0.23375797594013586 0.37011199268034395
0 0.2369273567587488 0.3458597627793735 0.22764839046093588 0.3345209988700176 0.21306629843749997 0.3464541109375 0.22234526473531288 0.3577928748468559
0 0.2666387765625 0.3942360562499999 0.252490553125 0.34314394375 0.2394779874611496 0.3467473313865417 0.2536262108986496 0.39783944388654163
0 0.25971924687500003 0.38542827968750004 0.24234282627954892 0.33421444192923155 0.22743757968749997 0.339271665625 0.24481400028295108 0.3904855033832685
0 0.8173745781250001 0.64121824375 0.7971821473161732 0.6166266282753703 0.7289480359375 0.672654365625 0.749140466746327 0.6972459810996298