1 0.4921875000000001 0.403125 0.10312500000000005 0.403125 0.10312500000000006 0.8890625 0.49218750000000017 0.8890625
3 0.3281250000000001 0.696875 0.30156250000000007 0.696875 0.30156250000000007 0.734375 0.3281250000000001 0.734375
3 0.3046875000000001 0.6921875 0.2734375000000001 0.6921875 0.2734375000000001 0.73125 0.3046875000000001 0.73125
3 0.2921875000000001 0.6015625 0.2718750000000001 0.6015625 0.2718750000000001 0.6296875 0.2921875000000001 0.6296875
3 0.2734375000000001 0.6046875 0.2531250000000001 0.6046875 0.2531250000000001 0.6375 0.2734375000000001 0.6375
3 0.27031250000000007 0.5765625 0.2484375000000001 0.5765625 0.2484375000000001 0.60625 0.27031250000000007 0.60625
3 0.2828125000000001 0.5578125 0.26250000000000007 0.5578125 0.26250000000000007 0.584375 0.2828125000000001 0.584375
3 0.2796875000000001 0.5203125 0.25468750000000007 0.5203125 0.25468750000000007 0.5515625 0.2796875000000001 0.5515625
3 0.25468750000000007 0.5203125 0.2328125000000001 0.5203125 0.2328125000000001 0.55 0.25468750000000007 0.55
3 0.2609375000000001 0.4953125 0.2375000000000001 0.4953125 0.2375000000000001 0.525 0.2609375000000001 0.525
0 0.4017184254418368 0.47891422546371915 0.3390346390625 0.439388853125 0.3267605698706632 0.4588544542237809 0.38944435624999996 0.49837982656250013
0 0.4338026588293296 0.5578412505776116 0.404988075 0.5444320093750001 0.3664135224206705 0.6273233275473886 0.3952281062500001 0.6407325687500001
0 0.39540511498497555 0.6518948694793183 0.358567759375 0.567842934375 0.33492681909274447 0.5782040250869604 0.37176417470271994 0.6622559601912787
0 0.32108723469849443 0.47961301028836817 0.30326651384015946 0.47163491224536935 0.2702996853916651 0.5452730957070012 0.2881204062500001 0.5532511937500001
0 0.3227907768398388 0.6112764317991971 0.29606602343750005 0.5900910640625001 0.23782145194190965 0.6635649744326404 0.2645462053442484 0.6847503421693375
0 0.31338739102327845 0.5285276095775863 0.2937592007746893 0.5211693639584021 0.26355642381391103 0.6017355590683159 0.2831846140625002 0.6090938046875001
2 0.925540559375 0.2849326546875 0.9181540741354259 0.1545457626158085 0.6716218925398365 0.1685119389047145 0.6790083777794105 0.298898830976406
0 0.8745742518983338 0.24838589624953764 0.8240344046874999 0.20867751875000007 0.8092922883394049 0.227440922210787 0.8598321355502389 0.26714929971032453
0 0.8482593296875001 0.27726773437499996 0.8414793765624999 0.2594266781250001 0.7857142121201532 0.2806185400657434 0.7924941652451534 0.29845959631574326
0 0.8092092203125001 0.27483360781250005 0.8085194742777173 0.2566865021753831 0.7477179894935803 0.2589974813407316 0.7484077355283628 0.27714458697784855
0 0.8476501155163125 0.20894172631577118 0.8402341234374997 0.1901391140625001 0.7930543918375452 0.20874740694823507 0.800470383916358 0.22755001920150617
4 0.2475620449612566 0.5630204135027672 0.2349444656250001 0.5612896640625001 0.2256179972262436 0.629281859934733 0.23823557656250008 0.6310126093750001
4 0.8805633056976218 0.3591813727983858 0.8706034875 0.3486142062500001 0.8376794230264621 0.3796459587052797 0.8476392412240841 0.3902131252536653
4 0.8485904953125003 0.33741097968749995 0.8466196062500002 0.31570356718750003 0.8022055935422386 0.31973606492841994 0.8041764826047387 0.3414434774284199
4 0.8351424137410339 0.3430521992068738 0.8307268844330512 0.33248073811816453 0.7939309925670172 0.3478497904737907 0.7983465218749999 0.3584212515625
4 0.8440020452581634 0.3564818956483279 0.8328076406250002 0.3479968734375002 0.8065907178299083 0.38258521448275334 0.8177851224630714 0.39107023669358104
4 0.8651595174269582 0.3579939381809677 0.8564273515625 0.34807001249999997 0.8227635823798358 0.37769111462993804 0.8314957482442941 0.38761504031090577
4 0.8774084054647296 0.3423987983765221 0.8701124421850318 0.32920784316271495 0.8355723414078019 0.348312093223693 0.8428683046874997 0.36150304843750014
4 0.8556920247620674 0.3452595322323158 0.8476363294399893 0.3300831300898747 0.814229601552922 0.34781555567005884 0.8222852968750001 0.36299195781249993
4 0.7768904494715482 0.33650769161359695 0.7713819359375 0.32194350625 0.7277896786534518 0.33843111151140326 0.7332981921874999 0.3529952968750002
4 0.26170882097227127 0.55397665946323 0.24812336093750006 0.5503785531250001 0.23171279309178927 0.6123403443169405 0.24529825312656053 0.6159384506551705
2 0.9880858784707028 0.439790636104779 0.6904084692774977 0.36149235669666585 0.6330311048692948 0.5796318268418869 0.9307085140625 0.65793010625
2 0.99969964212824 0.29498314008227633 0.6947828964542688 0.2440616493773245 0.6709853371385288 0.3865609014825483 0.9759020828125001 0.43748239218750007