1 0.5407345328448016 0.4110500176923958 0.32690390317450424 0.09042592941403509 -0.014933003399718769 0.31840381270349216 0.19889762627057855 0.6390279009818529
2 0.6289157045007846 0.6472213487310652 0.4009868128031383 0.6401139204519493 0.39021119062500015 0.9856785218749999 0.6181400823226464 0.9927859501541159
2 0.7514817782361004 0.9582919594452444 0.7475249026018436 0.6471106324029302 0.6181878243657433 0.648755238582686 0.6221447000000001 0.9599365656250001
2 0.856150246844472 0.8096031094259647 0.7195773968749999 0.6209159593750002 0.6128827250305277 0.6981421796365356 0.7494555749999998 0.8868293296875003
0 0.46888855625000003 0.39192086250000013 0.44935477031250004 0.3717890609375001 0.3963784768331239 0.42319169240968335 0.4159122627706238 0.4433234939721834
4 0.45562833305548367 0.34377020441597006 0.429946936351302 0.293966273609759 0.41604222985450096 0.3011362354545183 0.44172362655868264 0.3509401662607293
4 0.4523158109375 0.33282042968750003 0.43926571338464504 0.28021938077920955 0.4223649734375 0.28441238281250003 0.435415070990355 0.33701343172079057
4 0.43758986406249994 0.3480733265625 0.3977932662452341 0.319155535350269 0.38740322564579305 0.3334542853483716 0.42719982346305896 0.3623720765606026
0 0.440782728125 0.38704924375000005 0.4214127353636673 0.36959977087357665 0.37542319161366733 0.4206510052485767 0.394793184375 0.43810047812499997
0 0.31488640312500005 0.25760793437500007 0.21931979651991282 0.21661890306849735 0.20828415857509244 0.24234867604660398 0.30385076518017967 0.2833377073531067
0 0.30702370156250003 0.34547163750000004 0.27408720573656503 0.3450584897214255 0.2730586283324597 0.4270575639845224 0.3059951241583947 0.42747071176309703
0 0.20064085701230158 0.3992972892768172 0.1715989039732379 0.30997065069285823 0.1384170671875 0.3207587578125001 0.16745902022656367 0.41008539639645897
0 0.4097399945991051 0.3284203896226787 0.3932251302992623 0.3082417544317348 0.32971276107482766 0.36022238390333505 0.34622762537467044 0.3804010190942789
0 0.7190595640624999 0.8767696171875002 0.7078022473569091 0.8138313889240626 0.6811721067319092 0.8185945342365626 0.6924294234375 0.8815327625000002
0 0.595737653125 0.7879976359375 0.5723479828125001 0.78564835 0.5649043024382321 0.8597582006089188 0.588293972750732 0.8621074865464188
0 0.7823112562500001 0.7618120968750002 0.7634776518434723 0.7546954530500527 0.7421245245161227 0.8112047238267859 0.7609581289226506 0.8183213676517335
0 0.7514795203125002 0.7055630500000001 0.7102492391002195 0.6763807171050973 0.7012517875000001 0.6890927734375 0.7424820687122806 0.7182751063324029
0 0.8048287921874999 0.772718021875 0.7763383531122026 0.7311479461944377 0.7579340702997026 0.7437614930694376 0.786424509375 0.78533156875
0 0.729424084375 0.680521603125 0.709507559375 0.6473653421875001 0.6948305082469609 0.6561816516099916 0.714747033246961 0.6893379125474915
3 0.6867813578125002 0.8473354546874999 0.659662415823557 0.8403526688420413 0.6535020656250004 0.8642775296875002 0.6806210076139434 0.8712603155329587
3 0.340625 0.228125 0.3046875 0.228125 0.3046875 0.259375 0.340625 0.259375
3 0.403125 0.2921875000000001 0.3671875 0.2921875000000001 0.3671875 0.3234375000000001 0.403125 0.3234375000000001
3 0.3890625000000001 0.3765625 0.3531250000000001 0.3765625 0.3531250000000001 0.4078125 0.3890625000000001 0.4078125
3 0.3750000000000001 0.36875 0.34062500000000007 0.36875 0.34062500000000007 0.3921875 0.3750000000000001 0.3921875000000001
3 0.3375000000000001 0.365625 0.3000000000000001 0.365625 0.3000000000000001 0.4 0.3375000000000001 0.4
3 0.31875 0.20625 0.2828125 0.20625 0.2828125 0.2375 0.31875 0.2375
3 0.328125 0.33125 0.2890625 0.33125 0.2890625 0.3625 0.328125 0.3625
4 0.3687500000000001 0.4046875 0.2953125000000001 0.4046875 0.2953125000000001 0.4328125 0.3687500000000001 0.4328125
4 0.32208661421759566 0.33900688641785476 0.32067760312499993 0.3176080953124999 0.2408907778828877 0.32286168750168664 0.24229978897548338 0.34426047860704145
4 0.5913249799788961 0.852310804710255 0.5785603468750001 0.8476402812500001 0.5619253788215695 0.8931039783503442 0.5746900119254652 0.8977745018105988
4 0.6834904640625 0.7884198062500001 0.6788103278465433 0.74205641860955 0.6604900012840432 0.7439057576720499 0.6651701375 0.7902691453124999
4 0.67402024375 0.7414430203125 0.6555374749737988 0.7004369109159916 0.6433379848266393 0.7059356124240331 0.6618207536028405 0.7469417218205414
4 0.5729520625000002 0.7997589 0.5593359172625068 0.799408271507119 0.5578729005206715 0.8562223891449339 0.571489045758165 0.856573017637815