1 0.48125000000000007 0.5421875 0.015625000000000066 0.5421875 0.015625000000000094 0.9890625 0.4812500000000002 0.9890625
2 0.8723116390625 0.5232794484375 0.8562203171875 0.3321594390625 0.5775538345649364 0.3556217237406857 0.5936451564399364 0.5467417331156856
2 0.8380633265625 0.33661788125000003 0.8164463527173537 0.22035293784762597 0.5607337761524344 0.2678972097297211 0.5823507499975807 0.3841621531320951
2 0.7561478328125 0.23441658906250007 0.7083135984371279 0.1520005665157867 0.518491242277199 0.26217340419541213 0.5663254766525712 0.3445894267421255
3 0.2890625000000001 0.74375 0.2515625000000001 0.74375 0.2515625000000001 0.7859375 0.2890625000000001 0.7859375
3 0.2453125000000001 0.721875 0.2140625000000001 0.721875 0.2140625000000001 0.7625 0.2453125000000001 0.7625
3 0.2171875000000001 0.7109375 0.1843750000000001 0.7109375 0.1843750000000001 0.746875 0.2171875000000001 0.746875
3 0.2140625000000001 0.7390625 0.1859375000000001 0.7390625 0.1859375000000001 0.7703125 0.2140625000000001 0.7703125
3 0.2562500000000001 0.75625 0.22656250000000008 0.75625 0.22656250000000008 0.7890625 0.2562500000000001 0.7890625
3 0.3468750000000001 0.721875 0.31718750000000007 0.721875 0.31718750000000007 0.75625 0.3468750000000001 0.75625
3 0.25468750000000007 0.7796875 0.2218750000000001 0.7796875 0.2218750000000001 0.81875 0.25468750000000007 0.81875
3 0.3281250000000001 0.840625 0.2921875000000001 0.840625 0.2921875000000001 0.8859375 0.3281250000000001 0.8859375
3 0.3531250000000001 0.85625 0.3156250000000001 0.85625 0.3156250000000001 0.8984375 0.3531250000000001 0.8984375
4 0.7078934447576145 0.3058942561205556 0.702464259375 0.2956164046875001 0.6656155349298853 0.31508142200444467 0.6710447203125 0.32535927343750015
4 0.650642833809958 0.33101143474267153 0.644679434375 0.3256260734375 0.6134001927525418 0.3602626746323286 0.6193635921874999 0.3656480359375001
4 0.7300241101630214 0.302624225120406 0.7226524033845219 0.29660002984404593 0.7015094088465001 0.3224723578486399 0.7088811156249998 0.32849655312500003
4 0.7359490796875001 0.31343010937500015 0.7265253243041517 0.30856779901817494 0.7090746407247648 0.3423893696823177 0.7184983961081132 0.34725168003914286
4 0.724967653125 0.3163416875 0.7174620946167211 0.3124943134903244 0.6986088776591702 0.3492736654816594 0.7061144361674492 0.353121039491335
4 0.7096065921875001 0.32194417187500013 0.7000573899581768 0.31854279414440645 0.6871247182280686 0.35485063981690185 0.696673920457392 0.35825201754749547
4 0.696684359375 0.3197339468750001 0.6870968314928015 0.31199222699899226 0.6658442736803014 0.33831189418649227 0.6754318015624998 0.34605361406250007
4 0.7139730302144695 0.31592648724488853 0.7082897555162375 0.30955070230595505 0.6844902890625001 0.33076517343750017 0.690173563760732 0.33714095837643365
4 0.220452827823903 0.8540621043336303 0.21828640156250004 0.7769870468749999 0.198477465494641 0.7775438365904133 0.20064389175604397 0.8546188940490437
4 0.22978544679656618 0.8370232755380226 0.229584728125 0.759739628125 0.2133149801431821 0.7597818834055274 0.21351569881474827 0.8370655308185502
0 0.6096038453124999 0.31357990312500006 0.5661812203125 0.30612246406250004 0.5637021137212218 0.3205576226934861 0.6071247387212217 0.3280150617559861
0 0.654230693859858 0.2912878057577375 0.614361249143496 0.28328138509769163 0.611180181846138 0.29912209496495423 0.6510496265625 0.30712851562500004
0 0.60674908125 0.28165081718749996 0.5956245243784128 0.2721803745115454 0.5695906384409128 0.3027613573240454 0.5807151953125 0.31223179999999995
0 0.6377107765625 0.2484700015625001 0.6295966999999999 0.24056224062500017 0.5953805034812854 0.275671146979745 0.6034945800437853 0.28357890791724494
0 0.670434646365196 0.2753035752912292 0.6671007562499999 0.2639075296875001 0.6160691152714717 0.2788367331442567 0.6194030053866678 0.2902327787479858
0 0.6576898068979032 0.27725088668901376 0.6542587608886767 0.26124110154061564 0.6064954696157735 0.2714772195391019 0.609926515625 0.28748700468750005
0 0.7057550359375 0.23160737656250005 0.6640876515625 0.2133900875000001 0.6569137160972714 0.22979862806196802 0.6985811004722714 0.24801591712446797
0 0.6710540855235976 0.2157708956374722 0.6633238578124999 0.20765801562500014 0.6325617472889024 0.23696919967502791 0.640291975 0.2450820796875
0 0.675192847766818 0.24204653461403777 0.6546334078125 0.22629785781250006 0.6435167763617924 0.24081029715488275 0.6640762163161105 0.25655897395642047
0 0.6792898590235319 0.23688914135423414 0.668352409375 0.22149550312500005 0.6564173475363531 0.22997557365598142 0.667354797184885 0.2453692118852155
0 0.6695947343750001 0.26103896875 0.6666773101804669 0.2478556482669501 0.6149147554929669 0.25931052639195007 0.6178321796875 0.27249384687499995
0 0.6790430889737331 0.2513724811326011 0.6747728765625 0.23622298749999998 0.6227198141512668 0.250895268867399 0.6269900265624999 0.2660447625000001
0 0.3575809744209908 0.8017757470046387 0.31560003593749997 0.7195982390625001 0.2881975921228815 0.7335969637365166 0.3301785306063723 0.8157744716786552