1 0.9921875 0.3031250000000001 0.65625 0.3031250000000001 0.65625 0.6890625000000001 0.9921875 0.6890625000000001
3 0.825 0.4625000000000002 0.796875 0.4625000000000002 0.796875 0.4984375000000002 0.825 0.4984375000000002
3 0.8546875 0.3906250000000001 0.8265625 0.3906250000000001 0.8265625 0.42500000000000016 0.8546875 0.42500000000000016
3 0.8421875 0.3656250000000001 0.8140625 0.3656250000000001 0.8140625 0.3937500000000001 0.8421875 0.3937500000000001
3 0.8578125 0.3578125000000001 0.8375 0.3578125000000001 0.8375 0.3843750000000001 0.8578125 0.3843750000000001
3 0.9078125 0.3781250000000001 0.88125 0.3781250000000001 0.88125 0.40625000000000017 0.9078125 0.40625000000000017
3 0.9453125 0.3734375000000001 0.921875 0.3734375000000001 0.921875 0.40625000000000017 0.9453125 0.40625000000000017
3 0.95 0.4515625000000002 0.9203125 0.4515625000000002 0.9203125 0.4828125000000002 0.95 0.4828125000000002
3 0.1531250000000001 0.6578125 0.12343750000000009 0.6578125 0.12343750000000009 0.690625 0.1531250000000001 0.690625
3 0.2843750000000001 0.671875 0.2609375000000001 0.671875 0.2609375000000001 0.703125 0.2843750000000001 0.703125
2 0.610461342386349 0.5510563690026945 0.34017089079174506 0.4467533714649206 0.1685635405928963 0.8914561055872264 0.4388539921875002 0.9957591031250004
2 0.36782786515156196 0.41424369393835025 0.25177904882982594 0.25577904568993565 -0.08786324132173595 0.5045101423765856 0.028185575000000053 0.6629747906250002
2 0.5017137614639982 0.582172591175836 0.3289403360683117 0.39285082575122965 0.009827590229313588 0.6840703908253939 0.18260101562500006 0.8733921562500002
0 0.7714223824833257 0.35020750608790696 0.7543160057109568 0.331203083324462 0.7032579435401312 0.3771617772365552 0.7203643203125001 0.39616620000000013
0 0.7820312766715937 0.36477460419759933 0.7673412109375001 0.34469070937500007 0.7107174967659062 0.38610728173990083 0.7254075624999998 0.4061911765625002
0 0.8984169471334242 0.5140963503797682 0.8299187671875 0.45422712343750027 0.8137232406110483 0.4727569116177043 0.8822214205569725 0.5326261385599722
0 0.8079049511860367 0.50960611670935 0.744085784375 0.44574159687500015 0.7253879057386721 0.46442619731980794 0.7892070725497087 0.5282907171541578
0 0.16480259580670492 0.6256780731249941 0.14217742022507124 0.6022346551710178 0.06459996504336632 0.6771044351710238 0.08722514062500002 0.700547853125
0 0.26489145269764436 0.6597949593161634 0.23900551801266 0.6575160151468544 0.22892113875251577 0.7720618589556911 0.2548070734375001 0.7743408031250001
0 0.20305723965183428 0.5412052299785893 0.1956296146754143 0.5119435866151234 0.10920308124999997 0.5338816531249999 0.11663070622641998 0.5631432964884658
0 0.2310493176038139 0.4651126859575462 0.2063263197582371 0.43531379866158443 0.1363557834044232 0.49336567832903827 0.16107878125000002 0.523164565625
0 0.09446046009850503 0.4822064989221907 0.06754639375000007 0.4694535484375 0.02546347379786105 0.558266133500882 0.05237754014636602 0.5710190839855727
0 0.11034294849413832 0.4751423700242066 0.10482964324968291 0.4480993034702374 0.022211309374999988 0.4649428109374999 0.02772461461945539 0.4919858774914691
0 0.25285050965427597 0.4468496687591877 0.25284051093750004 0.42547992500000004 0.17123418660977432 0.42551810788760375 0.17124418532655025 0.4468878516467914
0 0.29813746658991197 0.41592736234297184 0.2932685578125 0.3919404765625 0.21792013601166066 0.4072348584855138 0.22278904478907266 0.4312217442659856
0 0.3212465858709746 0.4130197569760826 0.302883928125 0.40018230624999995 0.25573574607583094 0.4676229491616623 0.27409840382180545 0.4804603998877449
4 0.20221076112581918 0.5420484201061354 0.18892351382229267 0.5168581393131421 0.11392581363397351 0.5564175629570066 0.1272130609375 0.58160784375
4 0.8664174111913725 0.30523045283750483 0.8498301828124999 0.2985305781250001 0.8273251384953794 0.3542474871394341 0.843912366874252 0.3609473618519388
4 0.804510357843586 0.40609575473413406 0.7809047625 0.35164752499999996 0.7668602830096323 0.35773639696663206 0.7904658783532182 0.4121846267007661
4 0.8286302515624999 0.44632376250000005 0.7870006816784801 0.39990960400481673 0.7754372784667793 0.41028099751286773 0.8170668483507992 0.4566951560080511
4 0.94576645625 0.4925333796875 0.9081787913674804 0.43535545707058426 0.8927987611390545 0.44546599266982734 0.930386426021574 0.502643915286743
4 0.869423658701751 0.36046899336662896 0.8550805328125 0.35714215625 0.8438065584857488 0.40574809257087113 0.8581496843749999 0.4090749296875001
4 0.894850987481291 0.37725395279751306 0.8578277312499999 0.3351640984375 0.8441232198740561 0.347218918866583 0.8811464761053471 0.38930877322659607
4 0.33341404180784723 0.515618382580673 0.32106199775420724 0.4949531932076282 0.26258493094636004 0.5299062387519553 0.27493697500000003 0.5505714281250002
4 0.2598026953125001 0.5496715687500001 0.2487298232663883 0.5355412750735906 0.19484659514138827 0.5777655985110906 0.20591946718750007 0.5918958921875002
4 0.25717938406910806 0.5708030140433153 0.24412640000000002 0.5545760968750002 0.19225303780589204 0.5963031953316849 0.20530602187500002 0.6125301125000001
4 0.39543610000000007 0.4983265640625002 0.35013830468750007 0.47294911250000016 0.34245619479941214 0.4866613893384259 0.38775399011191214 0.512038840900926
4 0.25254131718750006 0.64409850625 0.2315766812500001 0.64409850625 0.2315766812500001 0.7266253500000001 0.25254131718750006 0.7266253500000001
4 0.3625985640625 0.5479220359375001 0.3510678839113308 0.5439666858019138 0.3314898916350861 0.6010406638824864 0.3430205717862553 0.6049960140180728
4 0.3076665949555745 0.6167975958940886 0.29276666444873717 0.6158216926319773 0.2881399851181628 0.6864610717378887 0.30303991562500016 0.687436975