1 0.6937500000000001 0.17656250000000004 2.1622670047445454e-17 0.1765625 5.740531871003217e-17 0.7609375 0.6937500000000002 0.7609375
3 0.5957276622356186 0.5111030318723564 0.5652682442220534 0.5007407828804595 0.5538303500000001 0.5343620171875001 0.5842897680135654 0.5447242661793971
3 0.5234710008541146 0.46913874726436494 0.4924657598043396 0.4686514356450745 0.49198769393464375 0.4990684151317823 0.5229929349844187 0.49955572675107274
3 0.4727822906695104 0.5273084069991874 0.43120900619015917 0.5093796495696538 0.41754398571279994 0.5410661613624674 0.45911727019215115 0.5589949187920011
3 0.4382253893478153 0.4902264740431376 0.39241374211989954 0.47988394268069506 0.3855797372673233 0.5101547737266598 0.431391384495239 0.5204973050891024
3 0.36415784050179256 0.5905430146252746 0.3233783465726394 0.5851202063852208 0.31905456786820163 0.617635003077879 0.35983406179735483 0.6230578113179328
3 0.29437669010751166 0.5149946682349403 0.25033283744649804 0.5149528850524288 0.2502992348530884 0.5503735395885863 0.29434308751410204 0.5504153227710978
0 0.5836684820912204 0.37619364315373877 0.5423080774331664 0.37261226091575367 0.5338884223768836 0.46984855602984565 0.5752488270349375 0.47342993826783075
0 0.6295896478313865 0.4747510150284925 0.621209647238036 0.44312903633240214 0.5182454022405405 0.470415135107732 0.526625402833891 0.5020371138038223
4 0.5429222245377123 0.3547068219108633 0.46303057679376425 0.32304377420345515 0.45708933462885926 0.33803461243817834 0.5369809823728073 0.36969766014558647
4 0.4398321992417902 0.3959209431071163 0.4390560545955882 0.3812883183823529 0.3438178528426378 0.3863399493641381 0.3445939974888397 0.4009725740889015
4 0.4310602938271895 0.42174222991833765 0.34222319377856014 0.39687918219921886 0.3378896495512302 0.412363185063133 0.42672674959985957 0.43722623278225187
4 0.3474348062175049 0.4400155738086431 0.2596386005591283 0.3969018753021617 0.25070101444211934 0.4151022658045077 0.338497220100496 0.458215964310989
0 0.4996849357270777 0.42103091885878763 0.4654611307368457 0.4182413779125868 0.4579195577297236 0.5107660365905163 0.49214336271995557 0.5135555775367171
0 0.5778836231416381 0.5813448848846521 0.5655552740216787 0.5577131902711934 0.47065043263283346 0.6072238172894402 0.48297878175279296 0.6308555119028989
4 0.4618592605489596 0.664975333591125 0.4452525760459455 0.5968083331479963 0.4231203639592013 0.6022001306612959 0.4397270484622154 0.6703671311044246
0 0.39846756276952344 0.5499257765275517 0.3884451239834294 0.5231690883155683 0.27226327895918095 0.5666881300065909 0.282285717745275 0.5934448182185743