1 0.821875 6.429395695523604e-17 0.228125 2.7937255105548996e-17 0.22812500000000005 0.6812500000000001 0.821875 0.6812500000000001
4 0.671875 0.5421875 0.603125 0.5421875 0.603125 0.5765625 0.671875 0.5765625
3 0.703125 0.4578125 0.665625 0.4578125 0.665625 0.503125 0.703125 0.503125
3 0.4078125 0.34062500000000007 0.3671875 0.34062500000000007 0.36718750000000006 0.3859375000000001 0.4078125 0.3859375000000001
3 0.5140625 0.4765625 0.4796875 0.4765625 0.4796875 0.525 0.5140625 0.525
3 0.6625 0.34062500000000007 0.6234375 0.34062500000000007 0.6234375 0.3906250000000001 0.6625 0.3906250000000001
3 0.60625 0.490625 0.571875 0.490625 0.571875 0.5328125 0.60625 0.5328125
3 0.61875 0.3921875000000001 0.58125 0.3921875000000001 0.58125 0.440625 0.61875 0.440625
4 0.3894541704058506 0.521953147406945 0.34871303648213237 0.4535740944600793 0.33059928170128183 0.4643665064281343 0.3713404156250001 0.5327455593750001
4 0.5858628606633833 0.36096809543485986 0.569185289751063 0.3435096423192531 0.5022453400251796 0.4074555000093933 0.5189229109375 0.4249139531250001
4 0.5718424614847484 0.3441361497773222 0.5228315515624999 0.2728956828125001 0.49858294577314116 0.28957786198279123 0.5475938556953895 0.3608183289476134
4 0.5083705609576631 0.3210800269894148 0.47891366562500004 0.22431893125000002 0.45730137029233686 0.23089834332308526 0.48675826562499996 0.3276594390625
0 0.48261389259191567 0.528392274743809 0.45889088659747135 0.5068008681992443 0.3829964471305557 0.5901879434554355 0.40671945312500013 0.6117793500000002
0 0.42171945761751006 0.5726711065836094 0.399413446875 0.468420228125 0.36783793642438856 0.47517627359651343 0.39014394716689865 0.5794271520551229
0 0.4328308526416379 0.3353461305973779 0.4026724022382293 0.323951325086934 0.35594146053409154 0.4476333648020562 0.3860999109375 0.4590281703125001
0 0.655210613284552 0.39455829199941383 0.6327309177840044 0.38103461470723177 0.5695890826244524 0.4859919570828179 0.592068778125 0.49951563437499996
0 0.5517111049371495 0.4926341615133992 0.5256591156377359 0.48493690633948033 0.4942238153880865 0.5913322495135811 0.5202758046875001 0.5990295046874999