1 0.7625 5.673558999174847e-17 0.1640625 2.0091861548511263e-17 0.16406250000000006 0.6875000000000001 0.7625 0.6875000000000002
4 0.5265625 0.25468750000000007 0.4828125 0.25468750000000007 0.4828125 0.3546875000000001 0.5265625 0.3546875000000001
3 0.453125 0.3859375000000001 0.4140625 0.3859375000000001 0.4140625 0.4375 0.453125 0.4375
4 0.4640625 0.5046875 0.3859375000000001 0.5046875 0.3859375000000001 0.5578125 0.4640625 0.5578125
3 0.6015625 0.34062500000000007 0.559375 0.34062500000000007 0.559375 0.3937500000000001 0.6015625 0.3937500000000001
0 0.5015625 0.2984375000000001 0.4421875 0.2984375000000001 0.4421875 0.434375 0.5015625 0.434375
3 0.4109375 0.29375000000000007 0.36875 0.29375000000000007 0.36875 0.3468750000000001 0.4109375 0.3468750000000001
3 0.409375 0.3390625000000001 0.3703125 0.3390625000000001 0.37031250000000004 0.38750000000000007 0.409375 0.38750000000000007
3 0.659375 0.4703125 0.625 0.4703125 0.625 0.5140625 0.659375 0.5140625
0 0.6109375 0.4703125 0.515625 0.4703125 0.515625 0.525 0.6109375 0.525
3 0.5750345752286352 0.5530378738758728 0.5704928749999999 0.5239731109375001 0.5445425778392161 0.5280281404176368 0.5490842780678515 0.5570929033560095
4 0.5223815566344628 0.5247497610632123 0.5133954453125 0.4939941000000001 0.4421275577101723 0.5148169712873183 0.4511136690321352 0.5455726323505304
0 0.35032794687500013 0.3808021062500001 0.32121031708292513 0.37767858079403094 0.30623489520792513 0.5172800651690309 0.33535252500000007 0.5204035906250001
0 0.4294482107064743 0.5506292326929085 0.33409277187500014 0.5022372796875001 0.3154791112211109 0.5389151500704827 0.410834550052585 0.5873071030758912
4 0.417548395116307 0.18018591237069487 0.3896817677739509 0.17336405207912792 0.36203470078264394 0.28629959752093315 0.389901328125 0.2931214578125001
4 0.47445571870947745 0.2044871321970533 0.4495205778249926 0.2004732602780009 0.43190936849051526 0.3098783421434476 0.4568445093750001 0.31389221406250006
4 0.5334400151523593 0.5841138461289449 0.4774386276432601 0.5248932171138383 0.46153533749090075 0.5399320022348936 0.517536725 0.5991526312500002
4 0.6154953203125001 0.5187846640625 0.5516398246773293 0.5062675878869822 0.5470340124999999 0.5297640031250002 0.6108895081351708 0.5422810793005179
0 0.5121342399999905 0.570865922832613 0.4176931203125 0.5637533031250002 0.4147384178125096 0.6029857412298874 0.5091795375000001 0.6100983609375001