1 0.6828125 0.23125000000000004 2.8319957230282545e-17 0.23125 6.438963248641943e-17 0.8203125 0.6828125000000002 0.8203125
4 0.3687500000000001 0.553125 0.2687500000000001 0.553125 0.2687500000000001 0.5953125 0.3687500000000001 0.5953125
3 0.41875 0.45 0.3671875000000001 0.45 0.3671875000000001 0.4890625 0.41875 0.4890625
4 0.5296875 0.37968750000000007 0.4765625 0.37968750000000007 0.4765625 0.4578125 0.5296875 0.4578125
3 0.43125 0.6015625 0.37968750000000007 0.6015625 0.37968750000000007 0.64375 0.43125 0.64375
0 0.4328125 0.4953125 0.2968750000000001 0.4953125 0.2968750000000001 0.5515625 0.4328125 0.5515625
3 0.3187500000000001 0.4421875 0.2671875000000001 0.4421875 0.2671875000000001 0.484375 0.3187500000000001 0.484375
3 0.35625000000000007 0.4265625 0.3078125000000001 0.4265625 0.3078125000000001 0.465625 0.35625000000000007 0.465625
3 0.565625 0.61875 0.521875 0.61875 0.521875 0.653125 0.565625 0.653125
0 0.546875 0.5140625 0.4921875 0.5140625 0.4921875 0.6078125 0.546875 0.6078125
3 0.5764051078832021 0.5510437391748443 0.5708910514554926 0.5253638568893975 0.5421291591972905 0.531539691152053 0.5476432156250001 0.5572195734374998
4 0.5311267254261557 0.5120254608879036 0.5250264228481082 0.43802890742725537 0.49309320523445244 0.44066149341435185 0.49919350781249994 0.5146580468749999
0 0.460044015625 0.3389763484375 0.4466931280850126 0.31291207008000715 0.3217306249600126 0.37692152789250716 0.33508151249999996 0.40298580624999997
0 0.5391768765625 0.3969565453124999 0.47490784791232776 0.31802948071976916 0.44263284687500015 0.344310490625 0.5069018755251723 0.42323755521773077
4 0.2674064078125 0.47135267343750015 0.2510511460289043 0.4477816707632001 0.15552455330582088 0.5140649109320382 0.17187981508941658 0.5376359136063382
4 0.31078787031249994 0.5264059453125001 0.29810464213616894 0.5045654270175703 0.20227749065407896 0.5602141809217913 0.21496071883040999 0.5820546992167211
4 0.59885155625 0.48083881875 0.5191198143434952 0.4574670789206121 0.5132231250526574 0.47758339512436965 0.5929548669591622 0.5009551349537575
4 0.5780463467161361 0.5897997889330882 0.5446425734375 0.5332435687500001 0.5240485354917442 0.5454070155327708 0.5574523087703802 0.6019632357158589
0 0.6060753265625 0.46911411093750005 0.5530184118960679 0.3856880545201536 0.52038710247826 0.4064407626497756 0.573444017144692 0.4898668190671221