1 1 0.23281250000000003 0.34375 0.2328125 0.34375000000000006 0.7593750000000001 1 0.7593750000000001
4 0.534375 0.3656250000000001 0.4546875 0.3656250000000001 0.4546875 0.4015625 0.534375 0.4015625
4 0.76875 0.4609375000000001 0.7015625 0.4609375 0.7015625 0.5421875 0.76875 0.5421875000000002
0 0.4640625 0.528125 0.4109375 0.528125 0.4109375 0.6234375 0.4640625 0.6234375
4 0.553125 0.6328125 0.484375 0.6328125 0.484375 0.7015625 0.553125 0.7015625
3 0.846875 0.47968750000000016 0.7953125 0.47968750000000016 0.7953125 0.5187500000000002 0.846875 0.5187500000000002
3 0.4546875 0.434375 0.421875 0.434375 0.421875 0.465625 0.4546875 0.465625
4 0.7234375 0.509375 0.63125 0.509375 0.63125 0.5421875 0.7234375 0.5421875
3 0.678125 0.4875 0.6328125 0.4875 0.6328125 0.5203125 0.678125 0.5203125
4 0.5703125 0.615625 0.5171875 0.615625 0.5171875 0.69375 0.5703125 0.69375
0 0.4671875 0.37187500000000007 0.4296875 0.37187500000000007 0.4296875 0.471875 0.4671875 0.471875
3 0.6953125 0.3734375000000001 0.646875 0.3734375000000001 0.646875 0.4109375 0.6953125 0.4109375
3 0.603125 0.571875 0.55625 0.571875 0.55625 0.603125 0.603125 0.603125
4 0.6140625 0.5265625 0.5328125 0.5265625 0.5328125 0.578125 0.6140625 0.578125
0 0.4921875 0.39531250000000007 0.45 0.39531250000000007 0.45 0.49375 0.4921875 0.49375
0 0.665625 0.4765625 0.53125 0.4765625 0.53125 0.50625 0.665625 0.50625
4 0.6704074812499999 0.4699654 0.6685227483065312 0.4508784118426636 0.5706435350575659 0.4605434347457251 0.5725282680010346 0.4796304229030615
3 0.46329236093750004 0.4957199515625 0.4569263766533023 0.46605487142617286 0.4253708574615767 0.4728265348880972 0.4317368417457745 0.5024916150244244
0 0.6776735859375 0.44723365625 0.6703884967993102 0.41536017341497844 0.5394432725434426 0.4452893667780609 0.5467283616816323 0.47716284961308253