1 0.7671875000000001 0.34062500000000007 0.2390625 0.340625 0.23906250000000004 0.9875 0.7671875000000001 0.9875
3 0.4125 0.44375 0.3765625000000001 0.44375 0.3765625000000001 0.4875 0.4125 0.4875
3 0.5546875 0.4859375 0.51875 0.4859375 0.51875 0.5296875 0.5546875 0.5296875
3 0.6171875 0.5375 0.578125 0.5375 0.578125 0.5796875 0.6171875 0.5796875
3 0.5437500000000001 0.721875 0.5078125 0.721875 0.5078125000000001 0.76875 0.5437500000000002 0.76875
3 0.5843750000000001 0.721875 0.5484375 0.721875 0.5484375000000001 0.7671875 0.5843750000000002 0.7671875
3 0.5890625 0.6859375 0.55625 0.6859375 0.55625 0.725 0.5890625 0.725
4 0.5187500000000002 0.7390625 0.48437500000000017 0.7390625 0.48437500000000017 0.853125 0.5187500000000002 0.853125
4 0.54375 0.475 0.4671875 0.475 0.4671875 0.4984375 0.54375 0.4984375
4 0.4734375 0.4625 0.4 0.4625 0.4 0.5109375 0.4734375 0.5109375
4 0.49149676310657603 0.4595717480111938 0.415984709375 0.4363159937500001 0.4090769124300899 0.4587457944871571 0.48458896616166597 0.4820015487483508
0 0.5546875 0.4171875 0.45 0.4171875 0.45 0.465625 0.5546875 0.465625
0 0.44439237139151205 0.7173372958014074 0.37738177942738965 0.5894702368650122 0.33747512504578897 0.610383899505434 0.40448571700991137 0.7382509584418292
0 0.531482380433788 0.6888954687838684 0.5055607953125001 0.5626072718749999 0.47334234456621216 0.5692203468411314 0.49926392968750005 0.69550854375
0 0.6371137734375 0.6337677609375001 0.5352552687500001 0.5638736687500001 0.5120640177273854 0.5976708907621124 0.6139225224148854 0.6675649829496123
0 0.6332276548492197 0.6152502323073514 0.5505332171874999 0.5188665687499999 0.5197908547862088 0.5452426399361181 0.6024852924479286 0.6416263034934697
4 0.49601087323871623 0.5830832961466977 0.46117107187500006 0.5004640343750001 0.4391279178170441 0.509759434652615 0.4739677191807602 0.5923786964243126
4 0.6445663832761486 0.4564015282436696 0.5757586171875 0.4226770484375 0.5658296876077339 0.44293495806166056 0.6346374536963826 0.47665943786783005
4 0.6345836503013633 0.6407700234838867 0.6146155714485689 0.6328581693623383 0.5819324633347056 0.7153443818159518 0.6019005421875001 0.7232562359375001