1 1 0.20468750000000005 0.334375 0.2046875 0.33437500000000003 0.7515625000000001 1 0.7515625000000001
4 0.5515625 0.596875 0.4703125 0.596875 0.4703125 0.634375 0.5515625 0.634375
4 0.7671875 0.4250000000000001 0.6984375 0.425 0.6984375 0.5078125000000001 0.7671875 0.5078125000000002
0 0.45625 0.3859375000000001 0.4 0.3859375000000001 0.4 0.48125 0.45625 0.48125
4 0.53125 0.2968750000000001 0.459375 0.2968750000000001 0.459375 0.3687500000000001 0.53125 0.3687500000000001
3 0.8453125 0.4359375000000002 0.7921875 0.4359375000000002 0.7921875 0.47656250000000017 0.8453125 0.47656250000000017
3 0.4625 0.5421875 0.428125 0.5421875 0.428125 0.575 0.4625 0.575
4 0.7171875 0.4328125 0.625 0.4328125 0.625 0.46875 0.7171875 0.46875
3 0.6765625 0.4578125 0.6296875 0.4578125 0.6296875 0.4921875 0.6765625 0.4921875
4 0.55 0.30156250000000007 0.49375 0.30156250000000007 0.49375 0.3812500000000001 0.55 0.3812500000000001
0 0.4796875 0.534375 0.4390625 0.534375 0.4390625 0.6359375 0.4796875 0.6359375
3 0.709375 0.5640625 0.659375 0.5640625 0.659375 0.603125 0.709375 0.603125
3 0.5921875 0.38750000000000007 0.54375 0.38750000000000007 0.54375 0.4203125 0.5921875 0.4203125
4 0.6046875 0.4125 0.5234375 0.4125 0.5234375 0.465625 0.6046875 0.465625
0 0.5015625 0.509375 0.45625 0.509375 0.45625 0.609375 0.5015625 0.609375
0 0.665625 0.478125 0.53125 0.478125 0.53125 0.5125 0.665625 0.5125
4 0.6729290953124999 0.5060261671875 0.5759081553449538 0.5020265416870255 0.5751101262611916 0.521384737052782 0.6721310662287378 0.5253843625532564
3 0.4642452640625 0.5093471109375001 0.4320446808466003 0.5070781225385765 0.4299151220636436 0.5372999759584898 0.4621157052795432 0.5395689643574133
0 0.683288134375 0.5275254421875001 0.5494519220018083 0.5161115695573553 0.5466736620067512 0.5486887505699041 0.6805098743799429 0.560102623200049