1 0.8296875 6.496368567351975e-17 0.23125 2.8319957230282545e-17 0.23125000000000004 0.6984375 0.8296875 0.6984375000000002
4 0.4921875 0.2390625000000001 0.446875 0.2390625000000001 0.446875 0.3421875000000001 0.4921875 0.3421875000000001
4 0.565625 0.571875 0.496875 0.571875 0.496875 0.6203125 0.565625 0.6203125
3 0.3984375000000001 0.5078125 0.36406250000000007 0.5078125 0.36406250000000007 0.5453125 0.3984375000000001 0.5453125
0 0.5671875 0.4375 0.515625 0.4375 0.515625 0.553125 0.5671875 0.553125
3 0.5703125 0.5734375 0.5359375 0.5734375 0.5359375 0.6078125 0.5703125 0.6078125
3 0.578125 0.3390625000000001 0.5390625 0.3390625000000001 0.5390625 0.38750000000000007 0.578125 0.38750000000000007
3 0.5484375 0.32500000000000007 0.5171875 0.32500000000000007 0.5171875 0.3625000000000001 0.5484375 0.3625000000000001
3 0.4484375 0.25468750000000007 0.4078125 0.25468750000000007 0.4078125 0.3046875000000001 0.4484375 0.3046875000000001
3 0.540625 0.3578125000000001 0.50625 0.3578125000000001 0.50625 0.4 0.540625 0.4
0 0.6993776767043967 0.5121962580258698 0.6819764625 0.49117943750000015 0.5969585045456034 0.5615714216616304 0.6143597187500001 0.5825882421875
0 0.6227244687499999 0.5633029015625 0.5729555426805231 0.4614309807689382 0.545415075493023 0.4748857135814382 0.5951840015625 0.576757634375
0 0.6015476235372722 0.46711158556051613 0.5450578968750001 0.38584595312500003 0.5126015951599446 0.4084071214492181 0.5690913218222168 0.4896727538847342
0 0.42601924999999985 0.4924725906250001 0.4088812296608377 0.46632972245727766 0.33066760468749995 0.517602853125 0.3478056250266622 0.5437457212927225
4 0.5179360188083176 0.38923856012955615 0.4775787328125 0.3071367109375 0.4570544124416823 0.31722547112044386 0.4974116984375 0.3993273203125
4 0.6055149333359507 0.2691259507849518 0.5672961359375 0.17707219843750005 0.5372817222770541 0.1895335567794409 0.575500519675505 0.28158730912689267
4 0.6579005834996112 0.4623628231657738 0.6378009371466314 0.369110823869251 0.6154150458345201 0.3739359053909772 0.6355146921874999 0.46718790468750004