1 0.7546875000000001 0.3375 0.228125 0.3375 0.22812500000000005 1 0.7546875000000002 1
4 0.47135613413063326 0.6613721771818879 0.4653997828125 0.6317447156249999 0.38648270956176073 0.6476103277489984 0.3924390608798939 0.6772377893058864
4 0.6912796027430205 0.5530918531029644 0.635653028125 0.4935824031250001 0.6192144190818303 0.5089484250407621 0.6748409936998507 0.5684578750187264
4 0.6806421426793342 0.5254679724356073 0.6349178026499457 0.4628531288487765 0.6165118997038725 0.4762939955290085 0.6622362397332611 0.5389088391158393
4 0.6137127654943724 0.5575664741358622 0.6008951774764932 0.5372776410148196 0.5318155151071208 0.5809191184414574 0.544633103125 0.6012079515625001
4 0.3396242563388814 0.4416318467537227 0.3220985345367877 0.4349573044058209 0.2941754347597848 0.5082765603241978 0.31170115656187847 0.5149511026720995
4 0.44405907030318287 0.45927482345905124 0.44083217892899107 0.4412188176346872 0.3706075773758082 0.45376905511313587 0.37383446875000004 0.4718250609375
4 0.6160447026822147 0.5362408934554184 0.6036775464047348 0.5186750331352048 0.5370277733925523 0.565599473138392 0.5493949296700322 0.5831653334586056
0 0.6047574507396176 0.5179423993367032 0.5810293825256395 0.49743045298715705 0.5046494733662925 0.5857861684237157 0.5283775415802706 0.6062981147732617
0 0.6038418844183171 0.4692659122021274 0.6033501815122582 0.43106642030433384 0.50367215 0.4323494734375 0.504163852906059 0.47054896533529356
0 0.5003841883008533 0.4926487474588053 0.4736121957939101 0.4805014808008998 0.4280890309305569 0.5808323505295947 0.4548610234375001 0.5929796171875001
0 0.4995576645091937 0.629671703860371 0.48935752812499994 0.5914120437499999 0.3824305308033063 0.619919091452129 0.3926306671875 0.6581787515624999
0 0.6286544396701551 0.4186438210092939 0.5398704359375001 0.38293455625 0.5252776747065833 0.4192165625116454 0.6140616784392383 0.4549258272709394
3 0.4203125 0.4203125 0.3906250000000001 0.4203125 0.3906250000000001 0.453125 0.4203125 0.453125
3 0.453125 0.453125 0.4234375 0.453125 0.4234375 0.4890625 0.453125 0.4890625
3 0.5234375 0.5453125 0.4921875 0.5453125 0.4921875 0.5828125 0.5234375 0.5828125
3 0.5234375 0.5765625 0.4875 0.5765625 0.4875 0.6125 0.5234375 0.6125
3 0.428125 0.5796875 0.4015625 0.5796875 0.4015625 0.61875 0.428125 0.61875
3 0.3750000000000001 0.5828125 0.3390625000000001 0.5828125 0.3390625000000001 0.628125 0.3750000000000001 0.628125