1 0.8078125 0.009375000000000064 0.2359375 0.009375000000000027 0.23593750000000005 0.6875000000000001 0.8078125 0.6875000000000002
4 0.6171875 0.2609375000000001 0.5765625 0.2609375000000001 0.5765625 0.36406250000000007 0.6171875 0.36406250000000007
4 0.4734375 0.5578125 0.40625 0.5578125 0.40625 0.603125 0.4734375 0.603125
3 0.6203125 0.5453125 0.5875 0.5453125 0.5875 0.58125 0.6203125 0.58125
0 0.4859375 0.425 0.4390625 0.425 0.4390625 0.540625 0.4859375 0.540625
3 0.4375 0.5515625 0.4046875 0.5515625 0.4046875 0.584375 0.4375 0.584375
3 0.5078125 0.3281250000000001 0.4703125 0.3281250000000001 0.4703125 0.3765625000000001 0.5078125 0.3765625000000001
3 0.5359375 0.3234375000000001 0.50625 0.3234375000000001 0.50625 0.3593750000000001 0.5359375 0.3593750000000001
3 0.6609375 0.2906250000000001 0.621875 0.2906250000000001 0.621875 0.34062500000000007 0.6609375 0.34062500000000007
3 0.534375 0.3578125000000001 0.5015625 0.3578125000000001 0.5015625 0.3984375000000001 0.534375 0.3984375000000001
0 0.38672842598495494 0.5281560209376144 0.33080956875 0.432414253125 0.3073526882854145 0.4461144592089713 0.36327154552036944 0.5418562270215858
0 0.46514872057330825 0.4613449773810186 0.4434607392045905 0.43968540536289547 0.36332393581878236 0.5199273186068771 0.3850119171875001 0.5415868906250002
0 0.5164673171875 0.4103463874999999 0.4977705326863358 0.37566595611752557 0.41140873112383575 0.4222250076800256 0.43010551562499993 0.4569054390624999
0 0.654375996875 0.571773059375 0.5911879202405436 0.5003479970296187 0.5679137509519003 0.5209381084600109 0.6311018275863567 0.592363170805392
4 0.5998109783253709 0.3406677667194124 0.5836030046903743 0.3245593401288226 0.5190151326150033 0.38954635309691016 0.5352231062499999 0.40565477968749997
4 0.5647556374999999 0.19551989687500004 0.545309997912341 0.16987166089027766 0.46563191822484107 0.23028093120277765 0.4850775578124999 0.25592916718750003
4 0.42662378714137583 0.3396596528786443 0.4063944367544151 0.32919485444633173 0.3623215636755393 0.4143914875051875 0.3825509140625 0.42485628593750013