1 0.69375 0.59453125 0.053125 0.040625
1 0.76171875 0.546875 0.0453125 0.034375
1 0.640625 0.41875 0.0453125 0.034375
1 0.52578125 0.50078125 0.0453125 0.0328125
1 0.521875 0.6015625 0.0453125 0.034375
1 0.58359375 0.5734375 0.0359375 0.0296875
2 0.784080240625 0.439771225 0.781844821875 0.44824154375 0.8529762078124999 0.482464596875 0.8586003718749999 0.496382740625 0.8785850734375 0.4920907234375 0.8865881437500001 0.477728721875 0.883224371875 0.4697940390625 0.8612415140625 0.47319671249999995 0.79005610625 0.4398138484375 0.784080240625 0.439771225
2 0.7204043890625 0.4861541390625 0.6966715906250001 0.47528317500000006 0.67053355 0.4598814546875 0.6680193125 0.4537920046875 0.6636448078125 0.45096526875 0.653253515625 0.45169189843749996 0.645376459375 0.458507978125 0.648108684375 0.46771481562500006 0.6800455234375 0.4764457828125 0.7212763437499999 0.498623690625 0.7276201140625 0.49974640625 0.7315586421875 0.49633836562500006 0.7291534015625001 0.4918076109375 0.7204043890625 0.4861541390625
2 0.612460390625 0.5552365890625001 0.612763565625 0.5297063750000001 0.6105763109375 0.52829300625 0.5939502453125 0.5294556140625 0.5899027218749999 0.5313049609375 0.598862359375 0.569836328125 0.6010496125 0.5712496953125 0.6048717828125 0.5960434718750001 0.6070590359375 0.5974568390624999 0.6132938109375 0.5970208609375 0.615263075 0.595316840625 0.612460390625 0.5552365890625001
0 0.7460121828124999 0.43424137343749997 0.7456851999999999 0.429565290625 0.739123440625 0.42532518750000003 0.6997455265625 0.429645075 0.6977762609375 0.4313490953125 0.6228499625 0.4350221375 0.6167241812500001 0.43701680937500004 0.61289465 0.44198354218749997 0.6136576109375 0.4528943984375 0.6159538578125 0.45586646093749994 0.6244848796875 0.45840254375 0.7420736546875 0.4376494125 0.7460121828124999 0.43424137343749997
0 0.5528063265625 0.5981179265625001 0.5589321078125 0.5961232546875 0.560792378125 0.5928605421875 0.558169146875 0.5852123984375 0.53280143125 0.5509610265625 0.513668490625 0.5162736765625 0.5114812375 0.5148603078125 0.4990116875 0.5157322640625 0.49288590625 0.5177269359375 0.48479086093749996 0.521425628125 0.480961328125 0.5263923609375001 0.485662815625 0.533895178125 0.503160840625 0.5452021203124999 0.512127840625 0.5539729796875 0.5464625578125 0.5969952109375 0.5528063265625 0.5981179265625001
0 0.4565966515625 0.4168877078125 0.46447370625 0.41007162812500003 0.4766162734375 0.40452359062500004 0.5004654296875 0.38719274062500003 0.508560475 0.3834940484375 0.522236328125 0.370007215625 0.517752828125 0.36562178749999996 0.5114090578125 0.3644990703125 0.49904850156249997 0.36692972031250004 0.4246598125 0.40815674062499996 0.4234535109375 0.4207716171875 0.4279370109375 0.425157046875 0.436468034375 0.42769312968750006 0.44882859062499997 0.4252624796875 0.4548453765625 0.42170911406249995 0.4565966515625 0.4168877078125
0 0.511525415625 0.33629725625 0.5196204609375 0.3325985640625 0.5254192578125 0.3259278109375 0.5226870328125 0.3167209734375 0.503328740625 0.3086767453125 0.49917222343749995 0.308967396875 0.489325903125 0.317487496875 0.44523177187499996 0.373825584375 0.4411889484375 0.380550540625 0.4470990546875 0.3877464265625 0.455332146875 0.38799302812500003 0.4662323453125 0.37548971249999996 0.4838467265625 0.3585948390625 0.511525415625 0.33629725625
0 0.4156936078125 0.5013889875 0.4239429875 0.50255544375 0.4486607375 0.4971383375 0.43567888750000006 0.48238139531249996 0.4143588375 0.413430334375 0.39996116718749997 0.41593764687499996 0.4156936078125 0.5013889875
2 0.4216579953125 0.5000728515625 0.4061524796875 0.43378517656250004 0.4002386140625 0.4316127265625 0.3869365109375 0.4367061671875 0.411988184375 0.49899162500000005 0.4216579953125 0.5000728515625
2 0.44233625937500004 0.3977044828125 0.4417540625 0.40243004375 0.4455583390625 0.40361286406249997 0.506841190625 0.3651192203125 0.5050947406249999 0.356181775 0.492705753125 0.3532779765625 0.44233625937500004 0.3977044828125