2 0.61640625 0.50078125 0.03125 0.078125
2 0.48671875 0.734375 0.078125 0.06328125
0 0.42734375 0.43359375 0.0921875 0.0484375
2 0.33203125 0.509375 0.06640625 0.06640625
1 0.484375 0.82109375 0.0359375 0.05078125
1 0.55390625 0.440625 0.0296875 0.03046875
2 0.465625 0.675 0.02890625 0.09140625
1 0.48828125 0.6546875 0.03203125 0.04296875
2 0.34375 0.53515625 0.075 0.05
0 0.58046875 0.45234375 0.0984375 0.0328125
1 0.5984375 0.67578125 0.034375 0.04609375
1 0.409375 0.575 0.0296875 0.0453125
2 0.44453125 0.56953125 0.04765625 0.07734375
0 0.55703125 0.47421875 0.09765625 0.0375
0 0.50390625 0.5984375 0.0234375 0.1328125
2 0.5276890625 0.57298125 0.516665625 0.57609375 0.521075 0.6717458328125 0.5400890625 0.6677083328125 0.5276890625 0.57298125
1 0.5312703125 0.42831875 0.5056437500000001 0.43096875 0.5061953124999999 0.46356666718749995 0.5359546875000001 0.45879375 0.5312703125 0.42831875
0 0.5737062500000001 0.66366875 0.5428437500000001 0.5439458328125 0.5221765625 0.55829375 0.5433953125000001 0.6801916671875 0.5737062500000001 0.66366875