1 0.55546875 0.403125 0.046875 0.040625
1 0.48515625 0.53359375 0.046875 0.040625
1 0.4234375 0.5828125 0.0453125 0.04375
1 0.2546875 0.475 0.05 0.040625
1 0.24765625 0.5140625 0.0484375 0.040625
1 0.28515625 0.52734375 0.0421875 0.0375
2 0.53046875 0.61640625 0.0609375 0.078125
2 0.209375 0.43984375 0.115625 0.0453125
2 0.29921875 0.56875 0.084375 0.0578125
2 0.46328125 0.4546875 0.0921875 0.05625
2 0.51328125 0.5078125 0.03125 0.0765625
2 0.52578125 0.440625 0.05625 0.078125
2 0.5260745671875 0.49160054999999997 0.5448597093750001 0.49371997500000003 0.57976011875 0.43106129375 0.5696415171875 0.42774696562500003 0.5261601375 0.4790611171875 0.5260745671875 0.49160054999999997
0 0.5578125 0.51484375 0.059375 0.109375
0 0.2932429859375 0.37997524843749997 0.3070919328125 0.3981450890625 0.4254578828125 0.3649687734375 0.4321423796875 0.340636765625 0.39878380468749997 0.32565418749999997 0.2932429859375 0.37997524843749997
0 0.4339914484375 0.46817118437499994 0.308916825 0.458631503125 0.31510344687499997 0.4915657171875 0.43760469375 0.49242249375 0.4339914484375 0.46817118437499994
0 0.33171729375000003 0.595476825 0.3406478296875 0.6063056265625 0.4301921421875 0.5212047734375 0.3892266125 0.503590428125 0.33171729375000003 0.595476825
0 0.3531469234375 0.594590115625 0.366726671875 0.602447128125 0.47103926406249996 0.5455063640625 0.44338812499999997 0.5144515625 0.3531469234375 0.594590115625