1 0.526535871875 0.5580887453125001 0.49179679531250003 0.5655065968749999 0.4974254953125 0.595046246875 0.5275134796875001 0.590655128125 0.526535871875 0.5580887453125001
1 0.496868784375 0.5186227296875 0.49656079843749995 0.49542998125000004 0.47882528906250005 0.48927475 0.46917517656249996 0.4948395078125 0.46669735 0.5147339515625 0.47868618281249997 0.52050608125 0.496868784375 0.5186227296875
1 0.55072335 0.43194374375000005 0.5342295734375 0.4289716375 0.5229802625 0.4482075765625 0.5291339703125 0.47065795 0.5467212531250001 0.4724921 0.560294609375 0.45380403124999996 0.55072335 0.43194374375000005
1 0.516319696875 0.43602905625000005 0.527897103125 0.425441965625 0.52791755625 0.41156145625 0.52142956875 0.392226596875 0.505969884375 0.389759396875 0.49626227500000003 0.4053033390625 0.4979102765625 0.42525484843749994 0.5063745515625 0.4343222046875 0.516319696875 0.43602905625000005
1 0.6165023093750001 0.378139903125 0.6291245125 0.37823360156249997 0.6382601328125 0.372136709375 0.6415184328125 0.357998890625 0.633551453125 0.33931315781250004 0.6174070703125001 0.3370070125 0.608775221875 0.350089196875 0.6086902937499999 0.36671017031250003 0.6165023093750001 0.378139903125
1 0.548132759375 0.28825949375 0.5552722578125 0.3001125015625 0.56750809375 0.3018203015625 0.5769994578125 0.2950476125 0.5820611343750001 0.2781804234375 0.5766118203125 0.26078135625 0.560072415625 0.25631166875 0.547592303125 0.26890083124999997 0.548132759375 0.28825949375
0 0.3673940828125 0.5348565765625 0.3723498140625 0.565975278125 0.3912361953125 0.566981971875 0.4146995515625 0.558531996875 0.46418206875 0.5526926125 0.464923575 0.5359412640625 0.46226680781249996 0.5291939796875 0.389995409375 0.53061790625 0.377754284375 0.52501755 0.3673940828125 0.5348565765625
0 0.43522169218749995 0.5921540281250001 0.435320315625 0.6057988171875001 0.443757878125 0.61925275 0.4588742015625 0.6202734390625 0.46486265156249995 0.6037144171875 0.469931471875 0.58414731875 0.49772402031249996 0.52804505 0.486269828125 0.5215773203125 0.4487537265625 0.5864108625 0.43522169218749995 0.5921540281250001
2 0.3421444640625 0.4436008953125 0.3371362875 0.43760478437500006 0.3340155703125 0.437768334375 0.332673278125 0.44201106562500003 0.33321844375 0.45241345624999996 0.338662753125 0.466731478125 0.338989853125 0.47297291250000006 0.3424376703125 0.4790507984375 0.34276476875 0.48529223281249995 0.3462125859375 0.4913701171875 0.3465396859375 0.4976115515625 0.348209078125 0.49961025625 0.349190378125 0.5183345593750001 0.35085976875 0.5203332625 0.360221921875 0.5198426125 0.36312457187499997 0.5155181062499999 0.36257940624999996 0.505115715625 0.3519088546875 0.480640628125 0.3515817546875 0.4743991921875 0.3421444640625 0.4436008953125
2 0.41054093125 0.375344421875 0.4198279421875 0.34356482499999996 0.4192827765625 0.3331624359375 0.41761338437499995 0.33116373125 0.4114809828125 0.333571309375 0.40734507343750004 0.344219025 0.3923279 0.4159365828125 0.3942153578125 0.42209624375 0.39588475 0.4240949453125 0.40368654375 0.423686071875 0.40658919375 0.41936156406249997 0.407822453125 0.41303835468749994 0.40716825312499993 0.40055548593749996 0.4109770640625 0.3836663359375 0.41054093125 0.375344421875
2 0.4303143203125 0.33467048906249997 0.42853589531249997 0.33059130625 0.42530614375000003 0.328674378125 0.420843134375 0.3330806609375 0.421170234375 0.3393220953125 0.4228396265625 0.341320796875 0.43144590000000005 0.41597268749999994 0.43634504218750003 0.4198883203125 0.44102611718749996 0.41964299531249993 0.4454891265625 0.41523671406249996 0.4467223859375 0.4089135046875 0.43452537031249994 0.35531172031249997 0.432855978125 0.35331301718749997 0.4303143203125 0.33467048906249997
2 0.4574533703125 0.285265765625 0.45414847968750005 0.252059890625 0.44747091250000004 0.2440650765625 0.4412294765625 0.24439217656249998 0.43676646718749995 0.24879845781249998 0.43542417499999997 0.2530411890625 0.4358603078125 0.26136310156250003 0.4499786765625 0.291916075 0.4503057765625 0.298157509375 0.45585911718750005 0.31455601093749996 0.4600701671875 0.3351972421875 0.4634089515625 0.33919465 0.46652966874999996 0.33903110000000003 0.46798099375 0.33686884687499996 0.4651122359375 0.3119848828125 0.46166442031250005 0.3059069984375 0.4591227625 0.2872644703125 0.4574533703125 0.285265765625
0 0.5149493875 0.48669938124999995 0.5128438625 0.476378765625 0.5096141109375 0.4744618375 0.50181231875 0.4748707125 0.4953528171875 0.4710368546875 0.48755102343749995 0.4714457296875 0.4590284359375 0.46459576562500005 0.44632750000000004 0.4610890078125 0.43819860625 0.4552564484375 0.4258247703125 0.4579911265625 0.42314018593749997 0.46647658906249995 0.42579087812500005 0.4871995953125 0.42902062812499997 0.489116525 0.480621496875 0.4884984296875 0.48864135624999994 0.49225051249999996 0.5026845843750001 0.49151453749999996 0.5043539765625 0.493513240625 0.51215576875 0.493104365625 0.5149493875 0.48669938124999995
0 0.618696290625 0.4958655828125 0.6096612390625 0.5025976671875 0.5964902765625 0.5199774671874999 0.5622375265625 0.5530654640625 0.5565412578125 0.5637949546875001 0.558755815625 0.57619605 0.563873025 0.5842726375 0.5701144593749999 0.5839455375 0.576137828125 0.57945748125 0.6036039765625001 0.53629419375 0.6257009578125 0.51010183125 0.6266071171875 0.49753718750000003 0.618696290625 0.4958655828125
2 0.663401525 0.4830917203125 0.669642959375 0.4827646203125 0.67232754375 0.47427915625 0.6718914109375 0.46595724374999997 0.6701129859375 0.4618780625 0.6668832359375 0.459961134375 0.654400365625 0.460615334375 0.652730975 0.45861663124999996 0.6480498984375 0.45886195625 0.6368002875000001 0.4531929453125 0.6257687437499999 0.451684890625 0.61930924375 0.4478510359375 0.613067809375 0.4481781359375 0.6113984171875 0.44617943125000004 0.6069354078125 0.4505857125 0.607371540625 0.458907625 0.6090409328125 0.4609063296875 0.6170607921875 0.46465840937499997 0.6217418671875 0.464413084375 0.623411259375 0.46641178906249997 0.6280923359374999 0.4661664640625 0.6345518359375 0.4700003203125 0.64558338125 0.471508375 0.663401525 0.4830917203125
0 0.61113175 0.2918151703125 0.5993030796875 0.3049522390625 0.581996209375 0.3329797546875 0.5496309171875 0.3722274109375 0.5453859734375001 0.3807946484375 0.54760053125 0.3931957421875 0.55750785 0.403107484375 0.5667609687499999 0.40053635625000006 0.6021718375 0.329836203125 0.6181364171875 0.3060514171875 0.6194787093749999 0.3018086859375 0.615921859375 0.29365032343749997 0.61113175 0.2918151703125