2 0.38828125 0.453125 0.0875 0.0734375
2 0.4953125 0.6390625 0.078125 0.071875
2 0.56171875 0.3640625 0.0359375 0.06875
0 0.5578125 0.5640625 0.0984375 0.084375
0 0.5390625 0.475 0.115625 0.0609375
2 0.2765625 0.5078125 0.0984375 0.06875
1 0.48359375 0.31640625 0.0453125 0.0390625
1 0.3609375 0.6109375 0.046875 0.0421875
2 0.3140625 0.46015625 0.08125 0.084375
1 0.50078125 0.50390625 0.0484375 0.034375
1 0.3671875 0.3546875 0.05 0.0390625
0 0.44375 0.38515625 0.1296875 0.0875
1 0.51328125 0.4109375 0.0421875 0.034375
0 0.52890625 0.60234375 0.121875 0.0734375
1 0.41796875 0.39921875 0.0484375 0.0375
0 0.390625 0.6046875 0.1328125 0.0734375