2 0.37890625 0.60625 0.04140625 0.0828125
0 0.35234375 0.48984375 0.078125 0.09296875
2 0.47890625 0.7875 0.06640625 0.08515625
0 0.4125 0.49296875 0.07109375 0.0953125
2 0.56953125 0.7 0.0265625 0.09921875
2 0.4515625 0.4125 0.0625 0.0375
2 0.53671875 0.64296875 0.05703125 0.08046875
1 0.61171875 0.4515625 0.02890625 0.0328125
0 0.45625 0.578125 0.07890625 0.0828125
0 0.62265625 0.46953125 0.075 0.07421875
0 0.46015625 0.5125 0.03046875 0.11328125
1 0.43125 0.421875 0.0296875 0.0296875
1 0.46875 0.6453125 0.03125 0.04296875
1 0.49765625 0.66015625 0.02578125 0.0328125
1 0.61328125 0.70234375 0.0328125 0.0453125
1 0.50078125 0.62421875 0.028125 0.0375