2 0.525 0.61875 0.06015625 0.078125
2 0.3625 0.478125 0.05859375 0.06875
2 0.6453125 0.465625 0.065625 0.0234375
0 0.4484375 0.43125 0.06796875 0.0875
0 0.53203125 0.46640625 0.04140625 0.11015625
2 0.45 0.71796875 0.05234375 0.090625
1 0.67734375 0.5515625 0.03125 0.040625
1 0.36484375 0.615625 0.03359375 0.04140625
2 0.50390625 0.68984375 0.071875 0.06875
1 0.49609375 0.4984375 0.0265625 0.04296875
1 0.6171875 0.6578125 0.03203125 0.0453125
0 0.6015625 0.57734375 0.06640625 0.11875
1 0.58984375 0.50390625 0.02890625 0.03671875
0 0.4046875 0.45234375 0.05234375 0.1140625
1 0.58359375 0.6 0.0296875 0.04375
0 0.3765625 0.5875 0.05 0.125