1 0.4883796875 0.4350125 0.5234593750000001 0.4406020828125 0.52273125 0.4080291671875 0.4924546875 0.40521874999999996 0.4883796875 0.4350125
1 0.49680468749999995 0.50474375 0.4958984375 0.4815666671875 0.4776421875 0.4806375 0.465971875 0.4870291671875 0.46948749999999995 0.5067666671875 0.479415625 0.51181875 0.49680468749999995 0.50474375
1 0.5378999999999999 0.5691395828125 0.554215625 0.5653083328124999 0.5626296875000001 0.5429770828125 0.5480968749999999 0.5250250000000001 0.5306296875000001 0.5277770828125 0.525659375 0.55051875 0.5378999999999999 0.5691395828125
1 0.5012234375 0.5947625000000001 0.51173125 0.6097770828125 0.5270406249999999 0.6065041671875 0.5325078125 0.5868562500000001 0.5317609375 0.5729958328125 0.5196453125 0.5630291671875 0.509803125 0.5652541671875 0.501825 0.5747520828125 0.5012234375 0.5947625000000001
1 0.6257765625 0.656625 0.641778125 0.6534770828124999 0.64875625 0.6344000000000001 0.6447625 0.6204520828125 0.6353203125 0.6148416671875 0.6227203125 0.6155958328125 0.6155171875 0.62741875 0.616471875 0.6440125 0.6257765625 0.656625
1 0.5890265625 0.73488125 0.5935578125000001 0.7172208328125 0.5876203125 0.7006416671875 0.5777875 0.694375 0.5656578125 0.6967208328125001 0.5591484375 0.70893125 0.559621875 0.7282916671875 0.57274375 0.7402104171875 0.5890265625 0.73488125
0 0.38854375 0.47518125 0.460790625 0.4728208328125 0.463090625 0.46594375 0.4614734375 0.4492541671875 0.411753125 0.4460125 0.3878796875 0.4388020828125 0.369071875 0.4407958328125 0.36575156249999996 0.47213125 0.3766125 0.48141458281249994 0.38854375 0.47518125
0 0.485159375 0.4791708328125 0.496259375 0.4721125 0.46556875 0.4175416671875 0.4594828125 0.39826666718750003 0.45263593750000003 0.38204375 0.43759375 0.3838541671875 0.429871875 0.39773125 0.4304875 0.41136249999999996 0.4443015625 0.4163895828125 0.485159375 0.4791708328125
2 0.34375 0.5229166671875001 0.34375 0.5291666671875 0.340625 0.5354166671875 0.340625 0.5416666671875 0.3359375 0.55625 0.3359375 0.5666666671875 0.3375 0.5708333328124999 0.340625 0.5708333328124999 0.3453125 0.5645833328125 0.353125 0.5333333328125 0.353125 0.5270833328125 0.3625 0.5020833328125 0.3625 0.4916666671875 0.359375 0.4875 0.35 0.4875 0.3484375 0.4895833328125 0.3484375 0.5083333328124999 0.346875 0.5104166671875 0.346875 0.5166666671875 0.34375 0.5229166671875001
2 0.4265625 0.6729166671875 0.428125 0.6708333328125 0.428125 0.6604166671875 0.4171875 0.6291666671875 0.4171875 0.6208333328125 0.4125 0.6041666671875 0.4125 0.5916666671875 0.4109375 0.5854166671875001 0.4078125 0.58125 0.4 0.58125 0.3984375 0.5833333328125 0.396875 0.5895833328125 0.415625 0.6604166671875 0.4203125 0.6708333328125 0.4265625 0.6729166671875
2 0.434375 0.675 0.4375 0.6729166671875 0.4390625 0.66875 0.440625 0.65 0.4421875 0.6479166671875001 0.4515625 0.59375 0.45 0.5875 0.4453125 0.5833333328125 0.440625 0.5833333328125 0.4359375 0.5875 0.43125 0.6625 0.4296875 0.6645833328124999 0.4296875 0.6708333328125 0.434375 0.675
2 0.4484375 0.7416666671875001 0.4484375 0.75 0.45 0.7541666671875 0.4546875 0.7583333328124999 0.4609375 0.7583333328124999 0.4671875 0.75 0.46875 0.7166666671875 0.4703125 0.7145833328125 0.471875 0.6958333328124999 0.475 0.6895833328125 0.4765625 0.6645833328124999 0.475 0.6625 0.471875 0.6625 0.46875 0.6666666671875 0.465625 0.6875 0.4609375 0.7041666671875 0.4609375 0.7104166671875001 0.4484375 0.7416666671875001
0 0.4484375 0.5416666671875 0.4609375 0.5375 0.4890625 0.5291666671875 0.496875 0.5291666671875 0.503125 0.525 0.5109375 0.525 0.5140625 0.5229166671875001 0.515625 0.5125 0.5125 0.50625 0.5046875 0.50625 0.503125 0.5083333328124999 0.4890625 0.5083333328124999 0.48125 0.5125 0.4296875 0.5145833328125 0.4265625 0.5166666671875 0.425 0.5375 0.428125 0.5458333328125 0.440625 0.5479166671875 0.4484375 0.5416666671875
0 0.609375 0.4916666671875 0.61875 0.49791666718750005 0.6265625 0.49583333281249997 0.625 0.48333333281249996 0.6015625 0.4583333328125 0.571875 0.4166666671875 0.565625 0.4125 0.559375 0.4125 0.5546875 0.42083333281249996 0.553125 0.43333333281249997 0.559375 0.44375 0.5953125 0.475 0.609375 0.4916666671875
2 0.615625 0.5458333328125 0.621875 0.5458333328125 0.628125 0.5416666671875 0.6390625 0.5395833328124999 0.65 0.5333333328125 0.6546875 0.5333333328125 0.65625 0.53125 0.66875 0.53125 0.671875 0.5291666671875 0.6734375 0.525 0.6734375 0.5166666671875 0.6703125 0.5083333328124999 0.6640625 0.5083333328124999 0.646875 0.5208333328125 0.6359375 0.5229166671875001 0.6296875 0.5270833328125 0.625 0.5270833328125 0.6234375 0.5291666671875 0.61875 0.5291666671875 0.6109375 0.5333333328125 0.609375 0.5354166671875 0.609375 0.54375 0.6140625 0.5479166671875 0.615625 0.5458333328125
0 0.609375 0.6895833328125 0.621875 0.7020833328125 0.6265625 0.7 0.6296875 0.6916666671875 0.628125 0.6875 0.6109375 0.6645833328124999 0.571875 0.5958333328125 0.5625 0.59375 0.553125 0.6041666671875 0.5515625 0.6166666671875001 0.55625 0.625 0.590625 0.6625 0.609375 0.6895833328125