2 0.38203125 0.47109375 0.0796875 0.0625
2 0.5171875 0.63828125 0.0703125 0.0625
2 0.5390625 0.35625 0.025 0.065625
0 0.5671875 0.55390625 0.090625 0.071875
0 0.534375 0.46953125 0.1109375 0.04375
2 0.28046875 0.5421875 0.0921875 0.05625
1 0.4546875 0.32109375 0.0421875 0.0328125
1 0.3796875 0.63125 0.0421875 0.0359375
2 0.31015625 0.48984375 0.071875 0.075
1 0.5015625 0.50390625 0.0453125 0.028125
1 0.34609375 0.37734375 0.046875 0.0328125
0 0.4265625 0.39609375 0.1203125 0.0703125
1 0.49921875 0.41015625 0.0390625 0.0296875
0 0.54453125 0.596875 0.115625 0.0578125
1 0.403125 0.41328125 0.0453125 0.03125
0 0.40859375 0.6203125 0.1265625 0.0546875