2 0.734375 0.37187500000000007 0.63125 0.37187500000000007 0.63125 0.4171875000000001 0.734375 0.41718750000000016
2 0.4484375 0.5296875 0.4 0.5296875 0.4 0.5984375 0.4484375 0.5984375
1 0.45 0.3828125000000001 0.4125 0.3828125000000001 0.4125 0.4171875 0.45 0.4171875
0 0.578125 0.5109375 0.4625 0.5109375 0.4625 0.5625 0.578125 0.5625
1 0.4546875 0.565625 0.4203125 0.565625 0.4203125 0.6 0.4546875 0.6
1 0.6734375 0.484375 0.625 0.484375 0.625 0.5234375 0.6734375 0.5234375
1 0.6765625 0.45625 0.6390625 0.45625 0.6390625 0.4875 0.6765625 0.4875
1 0.703125 0.3296875000000001 0.653125 0.3296875000000001 0.653125 0.3703125000000001 0.703125 0.3703125000000001
1 0.64375 0.459375 0.6015625 0.459375 0.6015625 0.49375 0.64375 0.49375
0 0.5763478656250001 0.665421396875 0.47781074278251384 0.6145899113285034 0.46535695044785363 0.6387316583567839 0.5638940732903398 0.6895631439032804
0 0.5549557406249999 0.5458803390625 0.5304148822117916 0.5277533515953701 0.46273910721179157 0.61937484222037 0.48727996562499987 0.6375018296875
0 0.6227207734375 0.49901409531249996 0.5886689125 0.47886314218750003 0.5389145743501715 0.5629399495328258 0.5729664352876715 0.5830909026578257
0 0.4948800728835273 0.40895526196963444 0.42024588749999997 0.3495918812500001 0.4009020696424024 0.37391175775480334 0.4755362550259298 0.43327513847443766
2 0.6704205734375 0.4069635046875001 0.6533778916548834 0.39171300153111543 0.5923724874999999 0.4598875187500001 0.6094151692826166 0.4751380219063847
2 0.8246230203125 0.44142500781250005 0.8006737765624999 0.41939785000000007 0.7337182346546705 0.4921959207821498 0.7576674784046705 0.5142230785946498
2 0.672979470327182 0.5787348544786395 0.6601198306589391 0.5597865257363958 0.5811875421874999 0.6133554078125002 0.594047181855743 0.6323037365547439