1 0.5671875 0.37968750000000007 0.5234375 0.37968750000000007 0.5234375 0.415625 0.5671875 0.415625
1 0.5109375 0.5171875 0.4671875 0.5171875 0.4671875 0.553125 0.5109375 0.553125
1 0.4546875 0.571875 0.4125 0.571875 0.4125 0.6109375 0.4546875 0.6109375
1 0.27812500000000007 0.4828125 0.2312500000000001 0.4828125 0.2312500000000001 0.51875 0.27812500000000007 0.51875
1 0.2734375000000001 0.521875 0.22812500000000008 0.521875 0.22812500000000008 0.5578125 0.2734375000000001 0.5578125
1 0.30937500000000007 0.534375 0.27031250000000007 0.534375 0.27031250000000007 0.5671875 0.30937500000000007 0.5671875
2 0.26250000000000007 0.453125 0.14843750000000006 0.453125 0.14843750000000006 0.4875 0.26250000000000007 0.4875
2 0.5265625 0.46875 0.503125 0.46875 0.503125 0.5453125 0.5265625 0.5453125
2 0.54375 0.4015625 0.4953125 0.4015625 0.4953125 0.475 0.54375 0.475
2 0.5721171281249999 0.4231017453125 0.5505322611572735 0.4138872371255008 0.5195107453338985 0.48655473913385644 0.541095612301625 0.49576924732085564
0 0.584375 0.45625 0.5359375 0.45625 0.5359375 0.5609375 0.584375 0.5609375
0 0.4238369857249518 0.3687013082503584 0.40720927169258775 0.3268271933689827 0.27303816713694273 0.380104946565145 0.2896658811693068 0.42197906144652075
0 0.43715443593750003 0.49898609062500004 0.43394533320283807 0.4662528816236426 0.30563941250000004 0.47883175468750006 0.30884851523466195 0.5115649636888575
0 0.4327910593750001 0.5283855203125001 0.4016031272894394 0.50178854079863 0.3214448085394393 0.5957831314236299 0.352632740625 0.6223801109375001
0 0.4759546250000001 0.5482842968750001 0.44509175046883376 0.5201833265260152 0.3638387593750001 0.60942226875 0.39470163390616636 0.6375232390989849
2 0.5035972359375 0.46133527656249995 0.49665689416276493 0.4384412432143455 0.41084847850557304 0.4644541227604238 0.41778882028030806 0.48734815610857823
2 0.5689804359374999 0.5834260515625 0.5498713573487415 0.5714339861069923 0.5091392541251818 0.6363396493117357 0.5282483327139402 0.6483317147672435
2 0.35320383125 0.6052333765625001 0.2785873245835447 0.559581782089829 0.26731527812500006 0.5780056890624999 0.3419317847914554 0.623657283535171