1 0.5264509006181589 0.5916255568245551 0.5234593750000001 0.5593979171875001 0.4881649480709256 0.5626741168572754 0.4911564736890844 0.5949017564943304
1 0.49705436012993615 0.4888709443778828 0.46696021860832815 0.4876942296043028 0.4657401506253057 0.5188971169746663 0.49583429214691377 0.5200738317482464
1 0.5702195188458461 0.447647355447229 0.5424856495724005 0.4251958590799186 0.5147936985866564 0.45940315359608797 0.5425275678601019 0.48185464996339833
1 0.5336791832267508 0.39140559173524114 0.5020605854082087 0.38970180894672446 0.49957175860030745 0.4358891600629703 0.5311903564188495 0.4375929428514871
1 0.6521093715757001 0.3485553380004018 0.6192073130931688 0.34208266038524443 0.611322687828631 0.38216196249032275 0.6442247463111623 0.3886346401054801
1 0.5983402007014509 0.26816699090429214 0.5644149016418858 0.2570636516885173 0.5508728496745411 0.29844022804490156 0.5847981487341062 0.30954356726067633
0 0.4638474999401502 0.5274912437396555 0.36680155195845277 0.5175838168936939 0.36261233175784013 0.5586183712732951 0.45965827973953743 0.5685257981192566
0 0.49691932050118404 0.5265249190167894 0.4674773056945984 0.5122651242179368 0.42104602483020337 0.6081311922772222 0.45048803963678896 0.622390987076075
2 0.3660087399404416 0.5106757215163785 0.34316531086577573 0.42760870669941176 0.32689570017431724 0.43208284963956284 0.3497391292489831 0.5151498644565297
2 0.4324448529411765 0.3285539210477942 0.41822916691176476 0.32499999954044123 0.3950980393382354 0.4175245098345589 0.40931372536764715 0.42107843134191186
2 0.4530827703547297 0.4153716221283784 0.43792229729729726 0.3244087837837838 0.42170608108108104 0.32711148648648647 0.4368665541385135 0.41807432483108115
2 0.4784445580513751 0.3370545830144378 0.46592205895583894 0.24021392250745827 0.4464205605972099 0.24273566796312798 0.45894305969274607 0.33957632847010755
0 0.5193412170448315 0.46520270887965703 0.4271114877807709 0.4498310796498358 0.4214104712541089 0.48403716170676586 0.5136402005181695 0.4994087909365872
0 0.631699128373897 0.5082599179869063 0.6108539741276778 0.4916489354374038 0.5441442996333015 0.5753630354556472 0.5649894538795206 0.5919740180051496
2 0.677654109092935 0.4720890404924707 0.612585615220961 0.4476883583405658 0.6044734583517078 0.4693207793626266 0.6695419522236818 0.4937214615145315
0 0.63326981706236 0.30411585362851723 0.6089170963780765 0.2891721387480689 0.5440290806971567 0.39491557231038277 0.5683818013814401 0.4098592871908311