1 0.4125 0.4390625 0.3781250000000001 0.4390625 0.3781250000000001 0.48125 0.4125 0.48125
1 0.5515625 0.4890625 0.51875 0.4890625 0.51875 0.53125 0.5515625 0.53125
1 0.6125 0.5421875 0.575 0.5421875 0.575 0.5828125 0.6125 0.5828125
1 0.5312500000000001 0.7234375 0.496875 0.7234375 0.49687500000000007 0.76875 0.5312500000000002 0.76875
1 0.5703125000000001 0.725 0.5359375 0.725 0.5359375000000001 0.76875 0.5703125000000002 0.76875
1 0.5765625000000001 0.6890625 0.5453125 0.6890625 0.5453125000000001 0.7265625 0.5765625000000002 0.7265625
2 0.5000000000000002 0.7390625 0.47187500000000016 0.7390625 0.47187500000000016 0.853125 0.5000000000000002 0.853125
2 0.54375 0.4765625 0.46875 0.4765625 0.46875 0.496875 0.54375 0.496875
2 0.4734375 0.4609375 0.4015625 0.4609375 0.4015625 0.50625 0.4734375 0.50625
2 0.49362426755412087 0.45918212797305136 0.4194328125000001 0.43200625000000004 0.41136059730732527 0.4540437860548942 0.48555205236144605 0.48121966402794564
0 0.55625 0.41875 0.4546875 0.41875 0.4546875 0.4625 0.55625 0.4625
0 0.4330940236870681 0.7141291641369658 0.3728673129899328 0.5829302787903939 0.33192081234075493 0.6017267269625243 0.39214752303789024 0.732925612309096
0 0.52155320957083 0.6902842543889183 0.5022765625 0.5628125 0.4697561654291699 0.5677303284235817 0.48903281249999997 0.6952020828125
0 0.6299250000000001 0.6407604171875002 0.5318640624999998 0.5656312500000003 0.5069357840996547 0.5981684182092276 0.6049967215996548 0.6732975853967276
0 0.6270133390872833 0.6220648825068531 0.5494765625 0.5214854171875002 0.5173959151700513 0.5462164095118255 0.5949326917573347 0.6467958748311784
2 0.49166809629568464 0.5827606578857052 0.4612 0.49843125000000005 0.4387005724123799 0.5065602614981775 0.46916866870806456 0.5908896693838825
2 0.6466500278140902 0.46402729854924846 0.5797015625 0.42674791718750027 0.5687260238555032 0.44645842314022294 0.6356744891695933 0.48373780450197107
2 0.6270318738945637 0.6476206674480872 0.6075052347057666 0.6386746076017974 0.570549923311203 0.7193372729662103 0.5900765625000001 0.7282833328125001