2 0.3546875000000001 0.4875 0.25468750000000007 0.4875 0.25468750000000007 0.5296875 0.3546875000000001 0.5296875
1 0.4359375 0.415625 0.3843750000000001 0.415625 0.3843750000000001 0.4546875 0.4359375 0.4546875
2 0.55625 0.3859375000000001 0.503125 0.3859375000000001 0.503125 0.4640625 0.55625 0.4640625
1 0.39531250000000007 0.5625 0.3437500000000001 0.5625 0.3437500000000001 0.6046875 0.39531250000000007 0.6046875
0 0.4328125 0.446875 0.2968750000000001 0.446875 0.2968750000000001 0.503125 0.4328125 0.503125
1 0.3437500000000001 0.371875 0.2921875000000001 0.371875 0.2921875000000001 0.4140625 0.3437500000000001 0.4140625
1 0.3843750000000001 0.37343750000000003 0.3359375000000001 0.3734375 0.3359375000000001 0.4125 0.3843750000000001 0.4125
1 0.5171875 0.625 0.4734375 0.625 0.4734375 0.659375 0.5171875 0.659375
0 0.525 0.5171875 0.4703125 0.5171875 0.4703125 0.6109375 0.525 0.6109375
1 0.5579408466345188 0.5480803950876438 0.5288012491509233 0.5440466356029698 0.5251997312500001 0.5700637500000001 0.5543393287335956 0.5740975094846741
2 0.5447125074549699 0.4503257625644446 0.5138047020911879 0.44187778030310926 0.49422879843749995 0.513498221875 0.5251366038012819 0.5219462041363354
0 0.5175269890624998 0.3350215109375 0.5138957667403145 0.3059628280861625 0.3745769011153146 0.32337234996116243 0.3782081234375 0.3524310328125
0 0.572057159375 0.41657010625 0.5386586726668742 0.32042162441443345 0.4993414578125 0.33407899531249996 0.5327399445206258 0.4302274771480666
2 0.2912314796875 0.39352862499999997 0.2839243187397608 0.3657852991344237 0.17148848211262502 0.39539915143565774 0.17879564306036416 0.423142477301234
2 0.3131673921875 0.4600991109375 0.308718953524344 0.4352378184509343 0.1996378925004209 0.45475572603917047 0.20408633116357694 0.47961701852573624
2 0.5994435874999999 0.5158036031250002 0.5325138645065188 0.4665714909124463 0.5200926038741895 0.4834578582850744 0.5870223268676705 0.5326899704976282
2 0.5426262398372771 0.6110776220167656 0.5305803265625 0.5465073953124999 0.5070681170146091 0.5508937208927007 0.5191140302893861 0.6154639475969663
0 0.6102417984375 0.5072566578125001 0.5889179978380918 0.4107152719701356 0.5511567523878256 0.41905587389273025 0.5724805529872338 0.5155972597350947