2 0.5953125 0.2531250000000001 0.5640625 0.2531250000000001 0.5640625 0.3546875000000001 0.5953125 0.3546875000000001
2 0.4796875 0.565625 0.415625 0.565625 0.415625 0.60625 0.4796875 0.60625
1 0.625 0.5375 0.5953125 0.5375 0.5953125 0.571875 0.625 0.571875
0 0.4796875 0.428125 0.4421875 0.428125 0.4421875 0.5421875 0.4796875 0.5421875
1 0.44375 0.559375 0.4125 0.559375 0.4125 0.590625 0.44375 0.590625
1 0.49375 0.3312500000000001 0.4609375 0.3312500000000001 0.4609375 0.3765625000000001 0.49375 0.3765625000000001
1 0.5203125 0.3234375000000001 0.49375 0.3234375000000001 0.49375 0.3578125000000001 0.5203125 0.3578125000000001
1 0.640625 0.2812500000000001 0.60625 0.2812500000000001 0.60625 0.3281250000000001 0.640625 0.3281250000000001
1 0.521875 0.35625000000000007 0.4921875 0.35625000000000007 0.4921875 0.39531250000000007 0.521875 0.39531250000000007
0 0.3896134173610577 0.5379211468626388 0.3255629031250001 0.4474173546875001 0.30338933452753825 0.4631098294112947 0.36743984876359587 0.5536136215864335
0 0.4671758808743248 0.47183809672609744 0.44536038673646383 0.4504365259760271 0.36560661406249995 0.5317327999999999 0.38742210820036094 0.5531343707500702
0 0.5085908265624999 0.40925232500000003 0.48389687812500004 0.3783363250000001 0.4075627662680765 0.439307686826149 0.43225671470557653 0.47022368682614896
0 0.660043984375 0.5580451859375001 0.5908712534163025 0.4923991211797327 0.5694801956910035 0.5149393585330921 0.638652926649701 0.5805854232908596
2 0.5828987074232531 0.32931319042396495 0.5648417180480968 0.31557196961704986 0.5088093543748438 0.389202676068085 0.5268663437500001 0.4029438968750001
2 0.5379720328125 0.19103470937500006 0.5128261515625 0.17038412500000005 0.45005495503724785 0.2468195916716014 0.47520083628724785 0.2674701760466014
2 0.41292842593001683 0.3466649560867655 0.3918639860400496 0.338003082395665 0.3553841976100328 0.4267167184963996 0.37644863750000007 0.4353785921875001