2 0.8179860859374999 0.7326948375000001 0.6330879084306091 0.551408609001259 0.5265054683680696 0.660114598888063 0.7114036458749602 0.8414008273868042
2 0.710328871875 0.8319042671875 0.5323761949469887 0.642853376983346 0.4390675513293897 0.7306843461702275 0.617020228257401 0.9197352363743814
2 0.5718741625 0.8766168984375 0.5092369835014651 0.6630037507362202 0.4187876974778978 0.6895259389999808 0.48142487647643273 0.9031390867012608
4 0.6191232774111398 0.7573223966248667 0.6154623499999999 0.7473088984374999 0.5729394489001229 0.7628552391193342 0.5766003763112628 0.7728687373067009
4 0.6185828921875001 0.8076027875000001 0.6065610621157046 0.8035018713110791 0.59396460625 0.8404283640625 0.6059864363217955 0.8445292802514208
4 0.6483213947760158 0.8091113573532288 0.6430080546874999 0.8012185296875 0.6132613564162137 0.8212435867544488 0.6185746965047296 0.8291364144201776
4 0.65948721875 0.81349098125 0.6547045664718386 0.8048054346090472 0.6221008418306286 0.8227585104922163 0.62688349410879 0.831444057133169
4 0.6693559382877924 0.8069223624156374 0.657371022488349 0.8040497056803829 0.6518539265625002 0.8270673984375001 0.6638388423619436 0.8299400551727546
4 0.6784615078125001 0.8203374796875004 0.6703867959609011 0.8141576578660586 0.6522066878433997 0.8379122480017165 0.6602813996949988 0.8440920698231581
0 0.7456337223296954 0.7452370564498711 0.7448045800444039 0.7300412416224815 0.6732107186522085 0.7339476789226105 0.6740398609375 0.74914349375
0 0.69638480595583 0.71046697735746 0.6957317884223355 0.6932614339527114 0.6287482512165057 0.6958037206577513 0.62940126875 0.7130092640624999
0 0.6814472515625 0.6805714140625001 0.6742473977674438 0.6701182857057597 0.640964828317374 0.693042488469403 0.6481646821124303 0.7034956168261434
0 0.7318493656249999 0.7514370109375001 0.6627846036116619 0.7409973193490605 0.6599087390625 0.7600228718750002 0.728973501075838 0.7704625634634394
0 0.7243377359375 0.7822215390625 0.6662142193072809 0.7516894388469835 0.6579760997471373 0.7673722276455212 0.7160996163773564 0.7979043278610378
0 0.7292897796875 0.798935034375 0.6755753390876608 0.7666905724400978 0.6642709054924409 0.7855220644368056 0.71798534609228 0.8177665263717078
3 0.5468750000000002 0.8046875 0.5296875000000002 0.8046875 0.5296875000000002 0.821875 0.5468750000000002 0.821875
3 0.5250000000000001 0.7921875 0.5046875000000002 0.7921875 0.5046875000000002 0.8109375 0.5250000000000001 0.8109375
3 0.5203125000000002 0.78125 0.5000000000000002 0.78125 0.5000000000000002 0.8 0.5203125000000002 0.8
3 0.5234375000000002 0.76875 0.5031250000000002 0.76875 0.5031250000000002 0.7875 0.5234375000000002 0.7875
3 0.5484375000000001 0.778125 0.5296875000000002 0.778125 0.5296875000000002 0.7984375 0.5484375000000001 0.7984375
3 0.5515625000000002 0.7953125 0.5343750000000002 0.7953125 0.5343750000000002 0.809375 0.5515625000000002 0.809375
1 0.8390625 0.2468750000000001 0.5078125 0.2468750000000001 0.5078125 0.5546875000000001 0.8390625 0.5546875000000002