2 0.4938602362506079 0.6544063371317426 0.36595240466170403 0.5711892869929734 0.22725187031250002 0.7843773843750002 0.3551597019014039 0.8675944345137694
2 0.5297329234602872 0.6659002554941679 0.3891568848259356 0.6414187061795563 0.3505010671875001 0.8633851203124999 0.49107710582185177 0.8878666696271116
2 0.5977205521557705 0.8653676405762413 0.5630743640624999 0.6670071546874999 0.45997041815672934 0.6850155734862586 0.49461660625 0.883376059375
4 0.47350037187500005 0.7732858890625 0.42923652187499994 0.763601546875 0.4269818795361745 0.7739067538118463 0.4712457295361746 0.7835910959993463
4 0.46657769218749995 0.851573275 0.4446454416948528 0.8182482737099482 0.43433966838242555 0.8250308331415684 0.4562719188750727 0.8583558344316202
4 0.44220890937500024 0.8406099812500003 0.41147060781250006 0.8214754312500002 0.4065026969605574 0.8294560287504709 0.43724099852305753 0.848590578750471
4 0.43398548125 0.8443775453125 0.40255619682055094 0.8270314242516387 0.3973728890625 0.8364230140625001 0.4288021734919491 0.8537691351233614
4 0.407247734375 0.8484676671875 0.39444799389183755 0.8270223421753364 0.38448799565476016 0.8329670127538907 0.3972877361379227 0.8544123377660544
4 0.40868764531250007 0.85931338125 0.38679633911235534 0.839001586540913 0.3798757437500001 0.8464603500000003 0.4017670499501449 0.8667721447090873
0 0.3718675093749999 0.7755801484375 0.37004532977097615 0.7604712132337902 0.2988607948033396 0.7690562661174702 0.30068297440736336 0.7841652013211801
0 0.409553296875 0.7322434687500001 0.40720868238406577 0.7151859217418689 0.3408013129174455 0.7243138274531669 0.3431459274083796 0.7413713744612981
0 0.3943098812500001 0.7154378734375001 0.35823595522766305 0.6978864583782757 0.3526652375000002 0.7093361140625001 0.3887391635223372 0.7268875291217246
0 0.38767313281249993 0.7838404015625 0.38257450440872 0.7654338234700073 0.31435229848330326 0.7843313977585019 0.3194509268870832 0.8027379758509946
0 0.38700935468750003 0.7857722062500001 0.37457998575020496 0.7726941375168228 0.3280777140625001 0.8168897984375001 0.34050708299979515 0.8299678671706774
0 0.3789977062500002 0.7995693875000002 0.35994283608526206 0.7861518840787087 0.3261031703125001 0.8342092921875002 0.3451580404772382 0.8476267956087916
3 0.5250000000000001 0.8078125 0.5093750000000001 0.8078125 0.5093750000000001 0.8234375 0.5250000000000001 0.8234375
3 0.5484375000000001 0.7921875 0.5296875000000002 0.7921875 0.5296875000000002 0.8078125 0.5484375000000001 0.8078125
3 0.5500000000000002 0.7796875 0.5312500000000002 0.7796875 0.5312500000000002 0.7953125 0.5500000000000002 0.7953125
3 0.5453125000000002 0.7671875 0.5265625000000002 0.7671875 0.5265625000000002 0.7828125 0.5453125000000002 0.7828125
3 0.5203125000000002 0.78125 0.5046875000000002 0.78125 0.5046875000000002 0.8 0.5203125000000002 0.8
3 0.5187500000000002 0.7984375 0.5031250000000002 0.7984375 0.5031250000000002 0.8109375 0.5187500000000002 0.8109375
1 0.4609375 0.29687500000000006 0.16250000000000003 0.296875 0.16250000000000006 0.5671875 0.4609375 0.5671875