2 0.4290942483262855 0.6291856799338862 0.34071545832343436 0.5049847788651435 0.1320472490596488 0.6534687567437574 0.22042603906249997 0.7776696578125001
2 0.3633743494761261 0.5910520215369937 0.32410216738483627 0.45516763358874524 0.10000715853371014 0.5199337198642516 0.139279340625 0.6558181078125
2 0.33755811285096693 0.4836238563658866 0.32551184231592856 0.39013916667006054 0.1047300138399617 0.41858871967917394 0.11677628437500003 0.512073409375
4 0.23767359375000002 0.5753531812500001 0.22721821562500005 0.5312650890625 0.21695392776721625 0.5336992386346923 0.22740930589221625 0.5777873308221924
4 0.18276626755477077 0.560900325552107 0.14906357031250006 0.5395530171875002 0.14246190435441203 0.5499755934336432 0.17616460159668273 0.5713229017982503
4 0.18011858125000005 0.5941264281249999 0.16045048906250003 0.563726753125 0.15255780951877862 0.5688331876139315 0.17222590170627863 0.5992328626139315
4 0.1747190132959337 0.6031364480871539 0.15682701718750006 0.57201468125 0.14752731951656634 0.577361105037846 0.16541931562499998 0.6084828718749999
4 0.1748696013631977 0.6112432575524845 0.15320415625000003 0.5988197390625001 0.1474342171669878 0.6088819689058631 0.16909966228018547 0.6213054873958477
4 0.16302572128175835 0.6191028134705963 0.14233496406249996 0.59756933125 0.13499811778074164 0.6046190459044037 0.155688875 0.626152528125
0 0.2418354717004783 0.6349312506948598 0.22669804375000008 0.6329225125 0.21732100798702186 0.7035858789926401 0.23245843593750007 0.7055946171875
0 0.2864970889352495 0.5969380787966798 0.2693704156250001 0.5944861343750001 0.25992467200225067 0.6604640430783204 0.2770513453125001 0.6629159875000001
0 0.3046178041091024 0.6451960496809049 0.2864394859375 0.60943393125 0.27508879745339765 0.615203623756595 0.293267115625 0.6509657421874999
0 0.23650463529783608 0.6230801679003306 0.21816320312500004 0.6172634578125 0.19704793188966407 0.6838447914746695 0.21538936406250012 0.6896615015625001
0 0.22799348252539947 0.6278826383434992 0.214292696019493 0.6163137921728223 0.17245813693159354 0.6658577444543231 0.1861589234375 0.6774265906250001
0 0.20912679685323474 0.6316941193915925 0.19229555471270293 0.6175829674654099 0.15204528598446818 0.6655919480738175 0.16887652812499998 0.6797031
3 0.19218750000000004 0.48125 0.17812500000000003 0.48125 0.17812500000000003 0.496875 0.19218750000000004 0.496875
3 0.2078125000000001 0.4578125 0.19218750000000004 0.4578125 0.19218750000000004 0.4765625 0.2078125000000001 0.4765625
3 0.22031250000000008 0.45625 0.20468750000000008 0.45625 0.20468750000000008 0.4734375 0.22031250000000008 0.4734375
3 0.2312500000000001 0.459375 0.2171875000000001 0.459375 0.2171875000000001 0.478125 0.2312500000000001 0.478125
3 0.21875000000000008 0.484375 0.2000000000000001 0.484375 0.2000000000000001 0.5015625 0.21875000000000008 0.5015625
3 0.2015625000000001 0.4875 0.18906250000000005 0.4875 0.18906250000000005 0.503125 0.2015625000000001 0.503125
1 0.7031250000000001 0.540625 0.4390625 0.540625 0.4390625000000001 0.8328125 0.7031250000000002 0.8328125