2 0.5299268640625 0.7120099937500001 0.48830648566304263 0.44992531105743394 0.23888754816304267 0.489534304807434 0.2805079265625 0.7516189875000001
2 0.68861538125 0.6354788421875 0.5889000908486901 0.38942198597900357 0.41066628047687975 0.46165178048429223 0.5103815708781896 0.7077086366927887
2 0.7909059984375001 0.5111746921875001 0.5839953358544754 0.3325907076351673 0.4862731280419753 0.44581344044766735 0.6931837906250001 0.6243974250000003
2 0.8332082249999999 0.40091962343750004 0.5667439796830843 0.31227024193271335 0.5287575812455844 0.42645058724521334 0.7952218265625 0.5150999687500001
0 0.5747963968750002 0.6495180203125003 0.500580348695915 0.6272637296745196 0.4933658275048364 0.65132350587751 0.5675818756839217 0.6735777965154905
0 0.533562740625 0.6362349984375 0.5333340104171971 0.5772763922688434 0.5090219526046971 0.5773707110188434 0.5092506828125 0.6363293171875
0 0.5613917578125 0.6365724921875001 0.5386617421875 0.5774976875000002 0.5154819205795669 0.5864165101710215 0.538211936204567 0.6454913148585215
0 0.44271066250000013 0.5488597781250002 0.36156696840591634 0.5061379954303946 0.35081780305355925 0.5265544417981284 0.43196149714764304 0.5692762244927339
0 0.43356095625 0.6261187296874999 0.42179409080442437 0.5649972725901623 0.3857868328125 0.57192925 0.3975536982580756 0.6330507070973375
0 0.585986746875 0.45163258281250007 0.5631745477434773 0.43894255323004705 0.5383226322041581 0.4836175354591384 0.561134831335681 0.49630756504159146
0 0.66913073125 0.5169014609375001 0.6430677290599668 0.5046250260677324 0.6179300703124999 0.5579925437500002 0.6439930725025331 0.5702689786197679
0 0.7137540765625001 0.51447543125 0.6839992091289139 0.5046704942822405 0.665398509375 0.5611177062500001 0.6951533768085862 0.5709226432177597
0 0.6924952249999999 0.5131987546875001 0.6609726640625 0.50880698125 0.6538741278188638 0.5597577063936103 0.6853966887563638 0.5641494798311104
0 0.6500047933525441 0.5045701683176903 0.6014539261132911 0.46648457976544966 0.590813415625 0.4800489234375 0.6393642828642531 0.5181345119897406
4 0.6061776078125 0.6224468437499999 0.5585030502908273 0.5928832309903667 0.5515104126055257 0.6041596237055127 0.5991849701271985 0.633723236465146
4 0.5896777546874999 0.5792432265625 0.5485822550677559 0.537776835598365 0.5346969671874999 0.551537928125 0.575792466807244 0.5930043190891351
4 0.599789253125 0.610245853125 0.5685776530473821 0.5737271838607481 0.5491013734375 0.5903730765625002 0.5803129735151178 0.626891745826752
4 0.5978314078125001 0.6268756796875001 0.5477393982310569 0.6078883869267272 0.5429266 0.6205854437500001 0.5930186095814433 0.6395727365107732
4 0.6007103734375001 0.6446175125000001 0.5955180598671888 0.6332365318845736 0.5519637723671889 0.6531071850095735 0.5571560859375001 0.6644881656250001
4 0.6570069468749999 0.48349358750000004 0.6109539254473391 0.45878031169788536 0.6048452546874998 0.47016377812500004 0.6508982761151607 0.49487705392711473
4 0.6329199156249999 0.5031007000000001 0.57365103125 0.49858877187500006 0.5728992230811193 0.5084645567277498 0.6321681074561193 0.5129764848527498
4 0.6222114468750001 0.5002896609375002 0.584940192722421 0.4790657502903569 0.578307628125 0.4907131796875001 0.6155788822775791 0.5119370903346434
4 0.38888973593750004 0.5811089953125 0.370012055101773 0.5351517803374964 0.353321903125 0.5420075343749999 0.37219958396072705 0.5879647493500035
4 0.40426136718750005 0.5920823937499999 0.3989223192926408 0.5811106453561721 0.3373394602251582 0.6110779597951917 0.34267850812001743 0.6220497081890197
4 0.40251701874999996 0.5472191296875 0.3501702555930746 0.5166996920913353 0.34357949973943586 0.5280041184788944 0.39592626289636124 0.5585235560750591
4 0.3992926904315523 0.4923643136410492 0.3924340573176076 0.48308073562593457 0.35096449375 0.5137181171875 0.35782312686394463 0.5230016952026146
3 0.59375 0.58125 0.571875 0.58125 0.571875 0.596875 0.59375 0.596875
3 0.6125 0.6265625 0.590625 0.6265625 0.590625 0.6421875 0.6125 0.6421875
3 0.6171875 0.6109375 0.5953125 0.6109375 0.5953125 0.625 0.6171875 0.625
3 0.61875 0.6 0.590625 0.6 0.590625 0.6125 0.61875 0.6125
3 0.5796875 0.6375 0.553125 0.6375 0.553125 0.6515625 0.5796875 0.6515625
3 0.6921875 0.496875 0.6671875 0.496875 0.6671875 0.5125 0.6921875 0.5125
3 0.671875 0.4890625 0.6515625 0.4890625 0.6515625 0.5015625 0.671875 0.5015625
3 0.6546875 0.4875 0.6328125 0.4875 0.6328125 0.503125 0.6546875 0.503125
3 0.6421875 0.478125 0.6203125 0.478125 0.6203125 0.49375 0.6421875 0.49375
3 0.409375 0.596875 0.3781250000000001 0.596875 0.3781250000000001 0.615625 0.409375 0.615625
3 0.41875 0.515625 0.3906250000000001 0.515625 0.3906250000000001 0.5328125 0.41875 0.5328125
3 0.4140625 0.4953125 0.3890625000000001 0.4953125 0.3890625000000001 0.5109375 0.4140625 0.5109375
3 0.3984375000000001 0.5046875 0.3671875000000001 0.5046875 0.3671875000000001 0.5234375 0.3984375000000001 0.5234375