2 0.9064344796875 0.363267203125 0.8097416265625 0.23484992343749994 0.5989186979725005 0.39359079163796096 0.6956115510975007 0.522008071325461
2 0.9354440271000076 0.4975960131888625 0.9089743609374998 0.3613799625 0.6631694302231553 0.4091450711212195 0.6896390963856631 0.545361121810082
2 0.9188169531250001 0.5068398921875001 0.691862868548485 0.47812297019539934 0.6761914699595295 0.601976352593709 0.9031455545360446 0.6306932745858097
1 0.6546875 0.12656250000000008 0.3421875 0.12656250000000005 0.34218750000000003 0.434375 0.6546875 0.434375
4 0.5738023031250001 0.27624647968750005 0.5628827404161761 0.2741285967904976 0.5529042953124998 0.325576321875 0.5638238580213238 0.32769420477200245
4 0.5642338064217787 0.2942166365004293 0.5552899355102281 0.29149741497380244 0.5409264375000001 0.33874081562500014 0.5498703084115506 0.3414600371516269
4 0.5105312661338648 0.3306757690899926 0.5038313774006173 0.318083259716445 0.4624048112667527 0.34012440937645244 0.46910470000000004 0.35271691875
4 0.47493284542827474 0.33145048743496697 0.4357158778559776 0.32431148180843905 0.43334029999999996 0.33736133281249997 0.47255726757229716 0.3445003384390279
4 0.43430810167818856 0.3320145390036949 0.41564777656249985 0.28584727812500005 0.4030257905093113 0.29094895318380526 0.421686115625 0.33711621406250003
4 0.5497918939393581 0.32539674991127054 0.5099348249623442 0.3053943090897029 0.5048071044604863 0.3156118576159324 0.5446641734375002 0.33561429843750007
0 0.5574634562499999 0.34856183749999997 0.5507587454385366 0.33162129845275895 0.4934467876260367 0.35430417189025903 0.5001514984375 0.37124471093750006
0 0.5429053534041735 0.34993920630111425 0.5389900007766634 0.3287191678577318 0.48530245674748984 0.33862516624411754 0.4892178093749999 0.3598452046875
0 0.44570890456497175 0.2623871994352408 0.4290879478850811 0.26067636014366646 0.4219257401951094 0.33025784820842574 0.43854669687500014 0.3319686875
0 0.4559695002280685 0.27089298670472395 0.45309803750000005 0.19407226562500002 0.43478253051862453 0.1947568764292662 0.43765399324669296 0.27157759750899013
0 0.5475923542562522 0.2002180882143858 0.5306357203125 0.19522526875000007 0.5105193035562479 0.26354472584811434 0.5274759375000001 0.2685375453125001
0 0.5514625855889126 0.17403610193571234 0.53330086875 0.16294649843750006 0.49565244151993737 0.22460425517271876 0.5138141583588498 0.23569385867093104
3 0.5578125 0.2890625000000001 0.5390625 0.2890625000000001 0.5390625 0.3125000000000001 0.5578125 0.3125000000000001
3 0.546875 0.27812500000000007 0.521875 0.27812500000000007 0.521875 0.3046875000000001 0.546875 0.3046875000000001
3 0.5265625 0.28593750000000007 0.5078125 0.28593750000000007 0.5078125 0.30937500000000007 0.5265625 0.30937500000000007
3 0.521875 0.2671875000000001 0.5 0.2671875000000001 0.5 0.2906250000000001 0.521875 0.2906250000000001
3 0.61875 0.2687500000000001 0.59375 0.2687500000000001 0.59375 0.2968750000000001 0.61875 0.2968750000000001
3 0.621875 0.2296875000000001 0.5984375 0.2296875000000001 0.5984375 0.26250000000000007 0.621875 0.26250000000000007