1 0.609375 0.059375000000000046 0.146875 0.059375000000000025 0.14687500000000003 0.4390625 0.609375 0.4390625
2 0.5762274450962284 0.6899755932194263 0.3728573468606914 0.5354763843711388 0.14960079863946296 0.8293530099017126 0.35297089687500005 0.9838522187500001
2 0.6405523109375002 0.7080168703125003 0.46245497866287144 0.656128241426297 0.3699471812500001 0.9736427390625002 0.5480445135246288 1.0255313679487033
2 0.7409187676247981 0.9810155040664252 0.7119304485485451 0.6998895843556043 0.539295987173747 0.7176907990391791 0.56828430625 0.9988167187499999
0 0.47515306718750006 0.35350378281250006 0.36317619524690553 0.3143182742422105 0.35463181954941186 0.3387347613110041 0.46660869149000633 0.3779202698812936
0 0.4134590046875 0.2720512234375 0.3153872034555959 0.21404191307926998 0.3003589207424894 0.23944905455354437 0.39843072197439355 0.29745836491177435
0 0.5395339984375 0.2823632234375001 0.5169254100672414 0.27478830492318834 0.49101212881724143 0.3521307486731883 0.5136207171875001 0.3597056671875
0 0.5578870268371472 0.27997714546759556 0.532106281982222 0.2762381293397632 0.5219006754575748 0.3466064104346677 0.5476814203125 0.35034542656250006
0 0.5673438394969719 0.9035388086109991 0.5321775320672206 0.8987868894775858 0.5202226925702489 0.9872579996165868 0.5553890000000001 0.9920099187500002
0 0.6436685558205291 0.9104123542751331 0.6282946593750001 0.8399051406250002 0.604820970741971 0.8450235113498671 0.6201948671874999 0.915530725
0 0.7060387499999999 0.9172135125 0.686861108265169 0.8972343353191533 0.6322882511046611 0.9496178090526785 0.651465892839492 0.969596986233525
0 0.7192108953125 0.9506260078125001 0.7111344765625 0.8785894546874997 0.6883043640296419 0.8811490656200917 0.696380782779642 0.953185618745092
0 0.6695310290336824 0.7997585508986689 0.6458137444794858 0.7965632887636096 0.6353654982583035 0.8741168722399406 0.6590827828125001 0.8773121343750001
0 0.7070402999999998 0.8316936328125001 0.6796171609374999 0.7703802375000001 0.6580176429355014 0.7800408766284128 0.6854407819980013 0.841354271940913
0 0.696512474073727 0.7312248127774726 0.6690098937500002 0.7307447531250002 0.6679290415512734 0.7926666919100278 0.6954316218750003 0.7931467515625001
4 0.4865027593750001 0.2817108859375001 0.41828245937500014 0.2648885140625 0.4133135534200826 0.285039076506077 0.48153385342008254 0.30186144838107704
4 0.5361982736236407 0.2725149222277339 0.4728208093750001 0.26481214218750015 0.47137578418885945 0.2767016199597663 0.5347532484375 0.2844044
4 0.494595459375 0.18909081875 0.4855602040787634 0.1716293624321466 0.43456602904661923 0.1980157864307744 0.4436012843428558 0.21547724274862778
4 0.5492733484375 0.17112269843750005 0.5398814616963087 0.15608490799698632 0.486724397340679 0.18928427527751854 0.49611628408187036 0.20432206571803224
4 0.5151559577235012 0.1745720320985424 0.4518359652121687 0.1550745947860114 0.4477517934261674 0.16833837518746908 0.5110717859375 0.1878358125000001
4 0.3884271507343989 0.15941198020639144 0.31355601562499996 0.1571357609375 0.3129250124723589 0.17789119647111462 0.3877961475817578 0.18016741574000605
4 0.512241225 0.8671125140625001 0.5043425386648985 0.8481846321483818 0.44023939803989853 0.874935147773382 0.448138084375 0.8938630296875003
4 0.5764811562500001 0.8261722734375002 0.5568700171875001 0.8192482500000002 0.5408568448307041 0.864602884159687 0.5604679838932041 0.8715269075971868
4 0.5884458866582721 0.8069204351733988 0.5681703196559326 0.804034432929193 0.5598730704976604 0.8623266368182942 0.5801486375000001 0.8652126390625
4 0.5929397500000001 0.8001327203124999 0.5883853947889608 0.7437566799022959 0.5737310807264608 0.744940533027296 0.5782854359375001 0.8013165734375001
0 0.6829917451171161 0.7273443728905458 0.6693006921874999 0.71540908125 0.6251200517578838 0.7660889896094543 0.6388111046874999 0.77802428125
0 0.49551572456060367 0.8609261502965785 0.4875736080405961 0.8465844992564273 0.43273852254249245 0.8769510614598488 0.44068063906250005 0.8912927125
3 0.5390625000000002 0.921875 0.5078125000000002 0.921875 0.5078125000000002 0.953125 0.5390625000000002 0.953125
3 0.46875 0.2140625000000001 0.434375 0.2140625000000001 0.434375 0.24218750000000008 0.46875 0.24218750000000008
3 0.4609375 0.14687500000000003 0.4171875 0.14687500000000003 0.4171875 0.17500000000000004 0.4609375 0.17500000000000004
3 0.4453125 0.09687500000000004 0.4046875 0.09687500000000004 0.4046875 0.13125000000000003 0.4453125 0.13125000000000003
3 0.4140625 0.28593750000000007 0.3765625 0.28593750000000007 0.3765625 0.3140625000000001 0.4140625 0.3140625000000001
3 0.50625 0.21093750000000008 0.465625 0.21093750000000008 0.465625 0.2453125000000001 0.50625 0.2453125000000001
3 0.5015625 0.19218750000000004 0.46875 0.19218750000000004 0.46875 0.22031250000000008 0.5015625 0.22031250000000008