1 0.55833812684893 0.5785370263805041 0.1765719081916261 0.42661289575758676 0.03407548775307854 0.7846884653196717 0.41584170641038243 0.936612595942589
2 0.5954895477512762 0.3291927084515639 0.5131024779795907 -0.0065800985929435505 0.29163209687499997 0.047761096875 0.37401916664668533 0.3835339039195074
2 0.6656501956974197 0.03578746146250857 0.5238493562500001 0.024718842187500065 0.5018066683650804 0.3071092260374916 0.6436075078125 0.3181778453125001
2 0.783997403240222 0.12311466097276935 0.6635780328124998 0.06975908906250003 0.569219892072278 0.28271806402723076 0.6896392625000001 0.3360736359375001
0 0.4920393328124999 0.61218578125 0.4295334923858656 0.5729208093288077 0.4146122017608656 0.5966739858913076 0.4771180421874999 0.6359389578125
4 0.4890799615854086 0.6620411880607483 0.4739883875588564 0.6579188581114714 0.45922301021698886 0.7119739162767856 0.47431458424354106 0.7160962462260624
4 0.48811641250000004 0.6734403953125001 0.4707132202950424 0.6728528819083842 0.46888467187500016 0.7270177390625001 0.48628786407995783 0.727605252466616
4 0.4705410078125 0.6615825078125 0.4574051368050288 0.6497564300559664 0.4244905363485988 0.6863164759781444 0.43762640735607006 0.698142553734678
0 0.46556055 0.6227944734374999 0.409961840625 0.5824205953125 0.3946430778193064 0.6035160035510001 0.4502417871943064 0.643889881676
0 0.3693277234375 0.7755824984375 0.35318371981033275 0.7527094206009521 0.26822757147568793 0.8126721583079497 0.28437157510285516 0.8355452361444977
0 0.34336895 0.691273575 0.3124044205591719 0.6120164626431017 0.28220422593077055 0.6238152121544254 0.31316875537159866 0.7030723245113235
0 0.2281198425019094 0.6607423806211326 0.1934201332544466 0.6570889115834175 0.1835848703125001 0.7505017093750002 0.2182845795599629 0.7541551784127153
0 0.4473857989216473 0.6865962949425456 0.3744539473592659 0.648956530640431 0.36249534605998746 0.6721278482887639 0.4354271976223689 0.7097676125908785
0 0.635937778125 0.08591865937500008 0.6089561745737881 0.08504284905413902 0.6068625226702044 0.14954321436292012 0.6338441262214161 0.15041902468378116
0 0.5337674812500001 0.19839082500000005 0.5110781544536203 0.12744808201977517 0.4886880482036203 0.13460901795727517 0.511377375 0.20555176093750002
0 0.7217082828124999 0.18521331562500012 0.6890728335139155 0.13437847266508468 0.6721304221098412 0.14525532751854447 0.7047658714084257 0.1960901704784599
0 0.703245128125 0.24664346250000008 0.6918013065643124 0.23607987029614552 0.6575393546875 0.2731967578125 0.6689831762481876 0.2837603500163546
0 0.7414662859375001 0.1698640531250001 0.7208416781250001 0.16135260625000009 0.7016167234229168 0.20793777053131368 0.7222413312354168 0.21644921740631368
0 0.6868780656250001 0.2757232781250001 0.6706887306303054 0.2701511572404787 0.6581010040678054 0.30672375255297873 0.6742903390625001 0.31229587343750015
3 0.6104846359375001 0.1214206296875 0.599484646441647 0.09929939389246463 0.5744101203125 0.11176793437500003 0.5854101098083531 0.1338891701700354
3 0.39531250000000007 0.7765625 0.36406250000000007 0.7765625 0.36406250000000007 0.8015625 0.39531250000000007 0.8015625
3 0.4437500000000001 0.7015625 0.4125 0.7015625 0.4125000000000001 0.7265625 0.4437500000000002 0.7265625
3 0.4125 0.6203125 0.3812500000000001 0.6203125 0.3812500000000001 0.6453125 0.4125 0.6453125
3 0.4015625 0.6390625 0.3703125000000001 0.6390625 0.3703125000000001 0.65625 0.4015625 0.65625
3 0.36406250000000007 0.6390625 0.3312500000000001 0.6390625 0.3312500000000001 0.6671875 0.36406250000000007 0.6671875
3 0.37968750000000007 0.8015625 0.34843750000000007 0.8015625 0.34843750000000007 0.8265625 0.37968750000000007 0.8265625
3 0.3625000000000001 0.678125 0.3281250000000001 0.678125 0.3281250000000001 0.703125 0.3625000000000001 0.703125
4 0.3890625000000001 0.60625 0.31718750000000007 0.60625 0.31718750000000007 0.621875 0.3890625000000001 0.621875
4 0.36251763750000005 0.7156894265625 0.3612739294428234 0.6943703392877647 0.28115795444282327 0.6990441267877647 0.2824016625 0.7203632140625
4 0.5160797752828845 0.13640049922011385 0.4903558849681103 0.09538889855008162 0.4788412456227256 0.10261127745496786 0.5045651359375 0.1436228781250001
4 0.6223408223114938 0.22661292581331355 0.6195149078125 0.17973304531249998 0.6011565681946411 0.18083968418506835 0.603982482693635 0.22771956468588192
4 0.6200186578124999 0.22765224687500005 0.6069425110342226 0.2248101213768189 0.5973892839430631 0.2687629305438173 0.6104654307213404 0.2716050560419984
4 0.5090345046875 0.19162396562499995 0.4957911400879625 0.1363555491959964 0.48254544034709845 0.13952947098312776 0.49578880494663596 0.1947978874121313