1 0.4828125000000001 0.37812500000000004 0.03125000000000004 0.378125 0.031250000000000076 0.9109375 0.4828125000000002 0.9109375
2 0.9927257731543888 0.5656427215693108 0.7037938930903926 0.4327121857473477 0.6210039371235038 0.6126607391780368 0.9099358171875 0.745591275
2 0.975549521333735 0.40396015752448866 0.7143647718749999 0.3911446515625 0.7078741864787649 0.5234251815380113 0.9690589359374998 0.5362406875
2 0.9472364984374998 0.40973905937499994 0.9310221928076666 0.27531909373721125 0.7071916859190396 0.302318477576902 0.7234059915488729 0.4367384432146907
0 0.907627279925511 0.35348257089064633 0.8585435015625 0.3162611031249999 0.843999890386989 0.33543969629685344 0.8930836687499999 0.3726611640624999
0 0.882426110446044 0.319297353401032 0.8784714109375 0.302784328125 0.826827587991456 0.31515249191146816 0.8307822874999999 0.33166551718750015
0 0.837959478125 0.3530350546875001 0.7753896944309329 0.3421390394233238 0.7708527501431861 0.3681921988429582 0.8334225338372532 0.3790882141071345
0 0.7989907030208936 0.33840889831187815 0.7877197436411331 0.3234479549185904 0.7477200421827395 0.3535820847317124 0.7589910015625 0.36854302812500006
0 0.9456069840368304 0.42846077086695933 0.8740884468749999 0.41882440625 0.8709586315881694 0.44205306350804074 0.94247716875 0.451689428125
0 0.8807359953124999 0.6116018546875001 0.8763424028018777 0.591214012789593 0.8088401250000002 0.6057607953125 0.8132337175106225 0.6261486372104071
0 0.3041641578125 0.7104366640625 0.303362509375 0.6778518203125 0.21830919741187746 0.6799442917437751 0.21911084584937748 0.7125291354937751
0 0.40249307162193937 0.6144256001671011 0.3854430836557528 0.5360443126526734 0.3684414729713136 0.5397426093605722 0.3854914609375001 0.618123896875
0 0.4076714558697324 0.5851275413053972 0.3951930859375 0.506665775 0.37178515793774947 0.5103885153700171 0.3842635278699818 0.5888502816754143
0 0.32022843124999995 0.5868197203125001 0.31521744196534673 0.5596550845791837 0.23220450290284683 0.5749682642666836 0.23721549218750004 0.6021329
4 0.3031209483651335 0.5241311416541878 0.29165800156250005 0.5128988359375001 0.2465408860098667 0.5589423739708124 0.2580038328125001 0.5701746796875001
4 0.2732732754299812 0.5185004465024492 0.262251803125 0.5052462828125001 0.21245696519501886 0.546653076935051 0.22347843750000002 0.5599072406250001
4 0.33542652655792504 0.509163359369128 0.28110545000000003 0.4911084312500001 0.27573769969774686 0.507258148002603 0.3300587762556718 0.5253130761217311
4 0.401051739328633 0.6167347438412565 0.38844845534989475 0.6047025613272835 0.34051928164626183 0.6549066690485272 0.35312256562500005 0.6669388515625001
4 0.32124247423882785 0.6208608116953599 0.306948786942292 0.6152101131410707 0.28077758125000013 0.6814113140625 0.295071268546536 0.6870620126167895
4 0.2624282453125001 0.6717181953125 0.2000354044177946 0.6624661683305133 0.19722664988479693 0.6814075500440342 0.2596194907795024 0.690659577026021
4 0.8869297218750001 0.6179943203124999 0.8785248601355977 0.6012536275341166 0.8317440390624998 0.6247404890625 0.8401489008019022 0.6414811818408833
4 0.9006309249999997 0.5779422812500001 0.8615023953124998 0.5427140281250001 0.8476658186791752 0.5580825136882593 0.8867943483666754 0.5933107668132594
4 0.84226490625 0.42790796406250015 0.7908000046875 0.41463257812500015 0.7866451043829612 0.430739946768127 0.838110005945461 0.44401533270562704
4 0.7933155479857297 0.42549833094456213 0.7923231609375001 0.41541048906250005 0.7402154301392703 0.42053656436793785 0.7412078171874998 0.4306244062499999
3 0.2687500000000001 0.646875 0.23593750000000008 0.646875 0.23593750000000008 0.678125 0.2687500000000001 0.678125
3 0.1843750000000001 0.5859375 0.14843750000000008 0.5859375 0.14843750000000008 0.63125 0.1843750000000001 0.63125
3 0.3421875000000001 0.625 0.3000000000000001 0.625 0.3000000000000001 0.6625 0.3421875000000001 0.6625
3 0.3312500000000001 0.6515625 0.29375000000000007 0.6515625 0.29375000000000007 0.6953125 0.3312500000000001 0.6953125
3 0.925 0.5718750000000001 0.88125 0.5718750000000001 0.88125 0.6187500000000001 0.925 0.6187500000000001
3 0.81875 0.5765625000000002 0.790625 0.5765625000000002 0.790625 0.6109375000000001 0.81875 0.6109375000000001
3 0.91875 0.44062500000000016 0.8890625 0.44062500000000016 0.8890625 0.4781250000000002 0.91875 0.4781250000000002