1 0.3921875000000001 0.4671875 5.72139676476654e-17 0.4671875 8.390744084783037e-17 0.903125 0.3921875000000001 0.903125
2 0.7436709546875 0.19066549687500006 0.5610690984375 0.13199394687500005 0.4755218308779818 0.39824036193448664 0.6581236871279817 0.4569119119344867
2 0.8296071366947654 0.2965782839242114 0.7352423468749999 0.20735419375000014 0.5710118269343142 0.38104695392199384 0.6653766167540798 0.4702710440962051
2 0.8839147717891016 0.382233419759913 0.81639725 0.31016048750000014 0.6587704678410061 0.4578243796889028 0.726287989630108 0.5298973119488156
3 0.2093750000000001 0.6484375 0.1703125000000001 0.6484375 0.1703125000000001 0.6828125 0.2093750000000001 0.6828125
3 0.2234375000000001 0.6953125 0.1843750000000001 0.6953125 0.1843750000000001 0.7234375 0.2234375000000001 0.7234375
3 0.22656250000000008 0.7265625 0.1937500000000001 0.7265625 0.1937500000000001 0.75625 0.22656250000000008 0.75625
3 0.2000000000000001 0.7234375 0.1703125000000001 0.7234375 0.1703125000000001 0.7484375 0.2000000000000001 0.7484375
3 0.1921875000000001 0.678125 0.1609375000000001 0.678125 0.1609375000000001 0.7046875 0.1921875000000001 0.7046875
3 0.2468750000000001 0.5984375 0.2140625000000001 0.5984375 0.2140625000000001 0.625 0.2468750000000001 0.625
3 0.1687500000000001 0.6734375 0.13281250000000008 0.6734375 0.13281250000000008 0.703125 0.1687500000000001 0.703125
3 0.12656250000000008 0.5875 0.08437500000000006 0.5875 0.08437500000000006 0.6203125 0.12656250000000008 0.6203125
3 0.11562500000000009 0.559375 0.07656250000000006 0.559375 0.07656250000000006 0.59375 0.11562500000000009 0.59375
4 0.74468980625 0.3487011921875002 0.7366248555368486 0.34065940549134016 0.7066907536669306 0.3706797312404202 0.714755704380082 0.3787215179365802
4 0.7024505249999999 0.3982542890625001 0.698916287737388 0.39119779528510923 0.6569157698186056 0.41223370917667435 0.6604500070812174 0.41929020295406527
4 0.7460084312499999 0.3242188312500002 0.7401958348203962 0.3161801177363805 0.7140958515624999 0.33505237500000007 0.7199084479921036 0.3430910885136197
4 0.736218402576436 0.322782585629067 0.7348651109375 0.3120673734375 0.698149105236064 0.3167044690584331 0.699502396875 0.32741968125000004
4 0.7310435975501169 0.33054812941440304 0.7295578734374999 0.322112384375 0.6893595883873829 0.32919220496059703 0.6908453124999999 0.33762795000000007
4 0.720826293011227 0.34619521027829603 0.7206434937499999 0.33581945781249994 0.682815348436015 0.3364859113578966 0.6829981476972421 0.3468616638236927
4 0.7233879657047004 0.3534464595344625 0.7157030007345198 0.34347429243201566 0.6894643203124999 0.36369490625 0.6971492852826806 0.37366707335244687
4 0.7317262109374998 0.33890573906250004 0.7265506494929553 0.33214950572071894 0.7012230729304554 0.3515515041582189 0.706398634375 0.3583077375
4 0.16674034218750006 0.71218476875 0.09212805291255918 0.692735751522689 0.08712949268327548 0.7119117344233474 0.16174178195821637 0.7313607516506584
4 0.18608728125000007 0.7050558421875001 0.11082955956547558 0.6874752307497036 0.10712849044716707 0.7033184811751144 0.18238621213169157 0.7208990926129109
0 0.7062976625000001 0.4351406906250001 0.6916747983610428 0.43430905338883585 0.6891731374235428 0.4782963190138358 0.7037960015625001 0.47912795625000004
0 0.7368986312499999 0.43701393906249997 0.7365118678421835 0.39607044755195175 0.7205755559064452 0.3962209863087821 0.7209623193142616 0.4371644778193303
0 0.7420752945802471 0.4526320056004809 0.7336295527841129 0.44065756890745006 0.7005599035163659 0.46398206643196926 0.7090056453125001 0.4759565031250001
0 0.7819413015625001 0.43208565312499986 0.7767939002620563 0.4220259161350411 0.7330355596370564 0.44441633644754114 0.7381829609375 0.4544760734374999
0 0.7676309265624999 0.3902912765625 0.7580270325461896 0.38386854376838164 0.7283791450461896 0.42820094533088165 0.7379830390625 0.434623678125
0 0.767340181340321 0.4034039386516165 0.7525125398573733 0.3964594162962354 0.7317943859375 0.4406959156250001 0.7466220274204477 0.4476404379803812
0 0.816175809375 0.40459110625 0.80779855 0.35989365625 0.790196774709864 0.3631926059007281 0.798574034084864 0.407890055900728
0 0.8215891531249998 0.4066247593750001 0.8160021964325459 0.39697603664650205 0.7787323685755934 0.418556604358019 0.7843193252680472 0.428205327086517
0 0.8014721218749997 0.41089942187500006 0.7926171324756096 0.38714375603194684 0.7740443204326836 0.3940668225055844 0.7828993098320738 0.41782248834863756
0 0.809237496875 0.3986123328125001 0.7975748912642926 0.3839647368127155 0.7855664908050837 0.39352598075836026 0.7972290964157911 0.4081735767581449
0 0.7828125406249999 0.39507781250000007 0.7709869890625001 0.38850650468750014 0.7452863414441373 0.4347567097109911 0.7571118930066371 0.44132801752349105
0 0.7963317671875 0.38904345781250005 0.7843092389243117 0.3796938302633004 0.749996628610447 0.4238158367401804 0.7620191568736353 0.4331654642893801
0 0.244549084375 0.6302749484375 0.17392143594061457 0.570884061690493 0.15411728819225928 0.5944351561651675 0.2247449366266447 0.6538260429121745