1 0.915625 0.43437500000000007 0.5265625 0.434375 0.5265625 0.9203125 0.915625 0.9203125
2 0.36082009916208785 0.5613876990701989 0.28581567553165604 0.3804640996946015 -0.015130473630431806 0.5052255599994026 0.059873949999999974 0.686149159375
2 0.30287114843750007 0.36237021406250003 0.04244465656248812 0.3387111087683837 0.03046218437500005 0.470607609375 0.29088867625001197 0.4942667146691164
2 0.32199033868833693 0.2949726138573217 0.11814757952355373 0.21875046194699851 0.06967787187500005 0.34837418281250004 0.27352063103978325 0.42459633472282327
0 0.18208485822621867 0.288093691807533 0.17003145788289986 0.267311911625315 0.11641053559418121 0.29841196356778193 0.1284639359375 0.31919374375
0 0.2011189202277436 0.2771181087118599 0.15265896406249996 0.25203057812499996 0.14503405688411136 0.2667591169243626 0.19349401304935498 0.2918466475112226
0 0.25011064972351416 0.3317833633850642 0.24928261699601947 0.3054348893917114 0.18578308750000003 0.3074304390625 0.1866111202274947 0.33377891305585283
0 0.27449825 0.31996125156250005 0.23590143593750007 0.28887441718750007 0.2241652320605577 0.30344586159298836 0.26276204612305765 0.3345326959679884
0 0.14084961562500004 0.36755135312500004 0.06868596875429393 0.3671404797358816 0.06855252031250006 0.3905786640625001 0.14071616718320618 0.39098953745161846
0 0.17944642812500006 0.5617493 0.11465377401411345 0.5379122005896753 0.10743732500000007 0.55752754375 0.1722299791108867 0.5813646431603248
0 0.7543401979516144 0.722152946349832 0.6699716390625001 0.7034876281250002 0.6629408596969413 0.7352672482629725 0.7473094185860555 0.7539325664878044
0 0.6233073484211965 0.5570958981893831 0.6069085113443193 0.5513957497119913 0.5805556441731229 0.6272106827726084 0.5969544812500001 0.6329108312500001
0 0.6248156762771736 0.5314861998172237 0.6028592437500001 0.5211872078125002 0.5702454237228266 0.5907166470577765 0.5922018562500001 0.6010156390625001
0 0.7532139359375 0.6109941640625001 0.6718496709428478 0.5890644742660125 0.6646486896928477 0.6157817945785125 0.7460129546875 0.6377114843750002
4 0.7394578194330071 0.5971222904552185 0.7045192578124999 0.5417689078125001 0.6911534590838728 0.5502052808071117 0.7260920207043802 0.6055586634498301
4 0.7770320605784 0.5879806291378011 0.73470430625 0.5382833796875002 0.7216418356681351 0.5494088454190404 0.7639695899965352 0.5991060948693413
4 0.7205696259609993 0.5386573761229551 0.7180017500000001 0.5216591968750001 0.6619058631015009 0.5301334738770451 0.6644737390625001 0.547131653125
4 0.6362932280885322 0.6754787122877884 0.5954504546875001 0.6195270781250001 0.5813718625364681 0.6298039673997118 0.6222146359375001 0.6857556015625001
4 0.6918413859375 0.7101556953125 0.6717181375 0.6417819796875001 0.6570625482058812 0.6460953047959528 0.6771857966433812 0.7144690204209527
4 0.7745484937499999 0.7176633984375 0.7730290733606908 0.6982773085092133 0.7113611687499999 0.70311064375 0.7128805891393089 0.7224967336782868
4 0.1541239500000001 0.5773566765625 0.10592455269910528 0.5523674298187734 0.09741858678257768 0.5687737839135203 0.1456179840834725 0.593763030657247
4 0.14526379762575906 0.5107692275229179 0.136071078125 0.49198692812499994 0.08923184567731997 0.5149116998156327 0.09842456517807903 0.5336939992135505
4 0.22579926948095735 0.39144710574995223 0.22390217723495645 0.3749159151493932 0.17109926406249995 0.38097549062499997 0.1729963563085009 0.397506681225559
4 0.27317206723482446 0.3880669394804067 0.22229429218750005 0.3755501875 0.2198740554946151 0.38538790404296835 0.2707518305419395 0.3979046560233751
3 0.7390625 0.6812500000000001 0.709375 0.68125 0.709375 0.7093750000000001 0.7390625 0.7093750000000002
3 0.83125 0.6328125000000002 0.8015625 0.6328125000000002 0.8015625 0.6734375000000001 0.83125 0.6734375000000001
3 0.675 0.6515625 0.6390625 0.6515625 0.6390625 0.684375 0.675 0.684375
3 0.6796875 0.678125 0.646875 0.678125 0.646875 0.7171875 0.6796875 0.7171875
3 0.10625000000000007 0.5171875 0.06875000000000006 0.5171875 0.06875000000000006 0.559375 0.1062500000000001 0.559375
3 0.19687500000000008 0.534375 0.17343750000000005 0.534375 0.17343750000000008 0.5671875 0.19687500000000008 0.5671875
3 0.11875000000000005 0.3859375 0.09375000000000004 0.3859375 0.09375000000000004 0.4203125 0.11875000000000005 0.4203125