1 0.6640625000000001 0.628125 0.2375000000000001 0.628125 0.2375000000000001 1 0.6640625000000002 1
3 0.45625000000000016 0.7890625 0.4187500000000002 0.7890625 0.4187500000000002 0.821875 0.45625000000000016 0.821875
3 0.37968750000000007 0.8078125 0.3421875000000001 0.8078125 0.3421875000000001 0.840625 0.37968750000000007 0.840625
3 0.3515625000000001 0.7921875 0.3203125000000001 0.7921875 0.3203125000000001 0.8234375 0.3515625000000001 0.8234375
3 0.34062500000000007 0.8140625 0.30937500000000007 0.8140625 0.30937500000000007 0.8375 0.34062500000000007 0.8375
3 0.3546875000000001 0.8609375 0.3234375000000001 0.8609375 0.3234375000000001 0.890625 0.3546875000000001 0.890625
3 0.34843750000000007 0.9 0.3125000000000001 0.9 0.3125000000000001 0.9296875 0.34843750000000007 0.9296875
3 0.42500000000000016 0.909375 0.3906250000000001 0.909375 0.3906250000000001 0.94375 0.42500000000000016 0.94375
3 0.7421875 0.15000000000000008 0.7046875 0.15000000000000008 0.7046875 0.1828125000000001 0.7421875 0.1828125000000001
3 0.734375 0.2875000000000001 0.7 0.2875000000000001 0.7 0.3156250000000001 0.734375 0.3156250000000001
2 0.9994442890625003 0.5084453921875 0.9180832187500002 0.22992081562499994 0.4681181193863986 0.361362150315542 0.5494791896988986 0.639886726878042
2 0.7270526078125001 0.05545894687500019 0.5872231702989023 -0.08059775705533427 0.293643636794381 0.22112248053370182 0.43347307430797877 0.3571791844640363
2 0.9139317296874999 0.2376560656250001 0.7323001771017561 0.05424907360961897 0.43572383404537857 0.34795446105207023 0.6173553866311225 0.5313614530674513
0 0.3665079171875001 0.7037688781250002 0.3490519263887172 0.6847633902087477 0.29907962180138664 0.7306615062115712 0.3165356126001696 0.7496669941278238
0 0.3757334484375 0.7101582468750001 0.35788947184141884 0.6928160065181636 0.30899546406250006 0.7431245890625 0.32683944065858117 0.7604668294193366
0 0.469976153125 0.8890113812499999 0.43175767496086426 0.8093084624356411 0.4087567640625001 0.8203376671875002 0.44697524222663587 0.900040586001859
0 0.4792456328125 0.7967547984374999 0.43601130932480486 0.7206827935946594 0.4122994609375 0.7341590484375 0.4555337844251951 0.8102310532803404
0 0.7560432921875001 0.11915310312499998 0.7359768400799709 0.09348542211741973 0.6510389936203247 0.15988804055403683 0.6711054457278538 0.1855557215616171
0 0.8058682484374999 0.2693569421875001 0.691783978050508 0.2690366142232688 0.6917109264880079 0.2950538064107688 0.805795196875 0.29537413437500015
0 0.6154586640625 0.1301882453125001 0.5879403375000001 0.11772170468750012 0.551185241190215 0.19885397493900023 0.578703567752715 0.2113205155640002
0 0.570107846875 0.16760102343749997 0.5357026246011711 0.14639213352994568 0.4921572484375 0.21703177343749996 0.5265624707113289 0.23824066334505423
0 0.6326249365888129 0.066617716798124 0.6237418108036725 0.038190708549344365 0.529936734375 0.06750375781249995 0.5388198601601404 0.0959307660612796
0 0.5574094015625 0.03228417968750004 0.5317793187500001 0.02198209843750003 0.5003862076782117 0.10008360210327076 0.5260162904907116 0.11038568335327077
0 0.4931587022222673 0.1670518325037599 0.4719983188042495 0.16406783739784303 0.46060310156250006 0.2448746609375001 0.4817634849805179 0.24785865604341697
0 0.4704713972368257 0.21591476013644462 0.4473955723733103 0.20775490628642243 0.42176356093750006 0.2802414750000001 0.44483938580101545 0.28840132885002223
0 0.5120899835357772 0.2735774756793707 0.5019330543608856 0.2536068948582617 0.4285869796875 0.2909103109375001 0.4387439088623915 0.31088089175860906
4 0.6326955562500001 0.14219861406250006 0.6095996537145203 0.12553486836577382 0.5599875565044542 0.1942970892132477 0.5830834590399339 0.21096083490997394
4 0.3144372622908108 0.8212130489328692 0.31011108713444624 0.8038548055414964 0.2518043140625 0.8183865359375 0.25613048921886455 0.8357447793288728
4 0.3688649453125 0.7815504828125001 0.32374335862857573 0.7453694622721974 0.31399689375 0.7575243421875001 0.35911848043392436 0.7937053627278027
4 0.41161967188654724 0.8063151940422504 0.36609988374811153 0.765237477335289 0.3555898571740644 0.776884039543039 0.4011096453125001 0.8179617562500002
4 0.44046341066929173 0.9245125077307893 0.38337288128464747 0.8889273855314055 0.37347681436535574 0.9048040121756162 0.43056734375000005 0.940389134375
4 0.36011500468749996 0.842009871875 0.3588167212664711 0.8273433254135114 0.3091147796875 0.8317429437499999 0.3104130631085289 0.8464094902114885
4 0.3373406739264003 0.8620319453911032 0.3008130790083986 0.8195112202081752 0.2869682750000001 0.8314046531250001 0.32349586991800183 0.8739253783079282
4 0.5814019890625 0.28416545468750004 0.562656984080115 0.2690575820972866 0.5199056657204362 0.3221010315221127 0.5386506707028211 0.3372089041123262
4 0.6319296671875 0.22157087500000014 0.6194779346950366 0.20863920670289401 0.5701654393825367 0.256121556702894 0.5826171718750001 0.2690532250000001
4 0.6524484515625001 0.2238351281250001 0.6381960782388454 0.20865082480303512 0.5896556890625 0.25421206875000013 0.6039080623861547 0.2693963720719651
4 0.527255259375 0.389781484375 0.5060374805046342 0.34246508514589713 0.4916775539421342 0.34890441170839714 0.5128953328124999 0.3962208109375
4 0.7617433186743074 0.26703783093088723 0.6803870679877436 0.2542764230223431 0.6771357421875 0.2750042046875001 0.7584919928740639 0.2877656125960442
4 0.6258381833351121 0.3595002958724164 0.6235917980380562 0.3475127438424371 0.5643318600154441 0.35861765109502064 0.5665782453125 0.37060520312499995
4 0.7138901593750001 0.3161342000000001 0.6432738536652693 0.31203344429647417 0.6424080911652694 0.3269421474214742 0.7130243968750001 0.3310429031250001