1 0.45625 0.08125000000000003 9.950255243072244e-18 0.08125 4.5445877312108814e-17 0.6609375 0.45625 0.6609375
3 0.2609375000000001 0.3734375 0.22656250000000008 0.3734375 0.22656250000000008 0.4140625 0.2609375000000001 0.4140625
3 0.2218750000000001 0.4234375 0.18750000000000006 0.4234375 0.18750000000000006 0.4625 0.2218750000000001 0.4625
3 0.25781250000000006 0.346875 0.2265625 0.346875 0.22656250000000006 0.3859375 0.2578125000000001 0.3859375
3 0.12500000000000006 0.375 0.08906250000000004 0.375 0.08906250000000004 0.4203125 0.12500000000000006 0.4203125
3 0.15781250000000005 0.3046875 0.12187500000000004 0.3046875 0.12187500000000004 0.35 0.15781250000000005 0.35
3 0.9171875 0.4046875000000002 0.884375 0.4046875000000002 0.884375 0.43750000000000017 0.9171875 0.43750000000000017
3 0.8203125 0.4109375000000002 0.790625 0.4109375000000002 0.790625 0.4437500000000002 0.8203125 0.4437500000000002
3 0.9265625 0.5546875000000002 0.9015625 0.5546875000000002 0.9015625 0.5859375000000002 0.9265625 0.5859375000000002
3 0.8640625 0.5203125000000002 0.8421875 0.5203125000000002 0.8421875 0.5453125000000002 0.8640625 0.5453125000000002
2 0.9922235361063493 0.46325569018039914 0.9022111171875 0.26186243750000004 0.6029762411473367 0.39560502648336254 0.692988660066186 0.5969982791637617
2 0.9985701981750514 0.6389214682146594 0.9857856937499999 0.468700684375 0.6981275078546825 0.49030537486887693 0.710912012279734 0.6605261587085364
2 0.9719228328125002 0.642145965625 0.7131101749593985 0.6226295175978915 0.7028584243595412 0.7585806300498485 0.9616710822126429 0.7780970780769572
0 0.2942037791288433 0.5380799236965585 0.222576110363553 0.4700908719517514 0.20619159842220958 0.48735224513019304 0.27781926718749994 0.5553412968750001
0 0.2697433171895263 0.5429504740755875 0.18880902031250005 0.49758530781250004 0.1783638890604738 0.5162200759244127 0.25929818593750004 0.5615852421875001
0 0.19662333409242988 0.4057281365799693 0.173562346875 0.3948154890625 0.14090385809507014 0.46383054623253067 0.16396484531250002 0.47474319375
0 0.28453702797081953 0.38370412741031695 0.22509971640715992 0.29290427775242034 0.20023596187384043 0.3091800175296033 0.2596732734375 0.39997986718749995
0 0.8794240546875001 0.41069678750000005 0.8100840609375 0.38796525468750004 0.8022915626578924 0.4117353975310024 0.8716315564078924 0.4344669303435024
0 0.9524197656249997 0.6106818656249999 0.9512928656249999 0.5932916671874999 0.8831910996326489 0.5977047209184615 0.8843179996326487 0.6150949193559615
0 0.9251015792447811 0.6852907314109936 0.9079100226861361 0.6684135063275706 0.8596853840663551 0.7175363092915772 0.876876940625 0.7344135343750002
0 0.9042744562499999 0.7332137515625 0.8484793777822531 0.7160373630423649 0.8438248707752105 0.731156873373782 0.8996199492429573 0.748333261893917
0 0.8482747768653296 0.6867483946405628 0.8478117421874998 0.6709369828125 0.7869667452120485 0.6727188188609465 0.7874297798898782 0.6885302306890092
0 0.8876343453125 0.6619944328125001 0.8232076859875826 0.6456553404685492 0.8189771691688575 0.6623366872723239 0.8834038284937747 0.6786757796162748
0 0.8875466206670388 0.6474853115535825 0.8366953734375 0.6389037187500002 0.8343553230829611 0.6527699650089178 0.8852065703124999 0.6613515578125002
0 0.8070847621553761 0.7053237366151146 0.770596690625 0.6783596734375001 0.7588165926220745 0.6943006336605289 0.7953046641524505 0.7212646968381434
4 0.9000391328124999 0.4460842812500001 0.8870546463063864 0.43195456398057586 0.8503739041188864 0.46566228741807586 0.863358390625 0.4797920046875001
4 0.8833342815369429 0.4046047929352702 0.8385758140625 0.37385828906250007 0.8254481299951684 0.3929685925550152 0.8702065974696112 0.4237150964277854
4 0.8481126720179992 0.6102867312253343 0.8442183640624998 0.5929113031250001 0.7975660561070006 0.6033673593996658 0.8014603640625 0.6207427875
4 0.79684485 0.6088798359375002 0.7492903995593378 0.6071947954234969 0.7488536698718378 0.6195199829234967 0.7964081203125 0.6212050234375001
0 0.7630232383381822 0.6621947888497237 0.7559009822866155 0.6510291796614698 0.7116214296875001 0.679273971875 0.7187436857390667 0.690439581063254
4 0.2802082635624721 0.4585897015533195 0.21329214531250001 0.43385127812500013 0.2057151608614111 0.4543466176512389 0.27263127911138313 0.4790850410795583
4 0.21719145437730342 0.4101723760306579 0.19888923906249997 0.39120530937500003 0.15877803295066537 0.4299105000153392 0.1770802482654688 0.44887756667099704
4 0.16836782866385733 0.40559858190859543 0.1493736625 0.39374266249999995 0.11912854601571463 0.4421978474881203 0.13812271217957198 0.4540537668967158
4 0.1734769675861292 0.40398358514021515 0.15214683199399304 0.39724804564384925 0.13310362847036392 0.45755414487863416 0.1544337640625001 0.464289684375
4 0.1727444326899835 0.30621824685619914 0.15398475312500004 0.301597259375 0.1368941032475166 0.3709796406438009 0.15565378281250006 0.37560062812500006
4 0.13175993193243044 0.30156995956512683 0.1084258814116188 0.2978102535583579 0.0974109276041884 0.366172909618231 0.12074497812500003 0.369932615625