1 0.446875 0.321875 0.03750000000000005 0.321875 0.03750000000000007 0.7234375 0.446875 0.7234375
2 0.952845270615768 0.3539021527980211 0.7760402265624999 0.1641357906250001 0.513704769146848 0.4085533553292187 0.690509813200116 0.5983197175022397
2 1.0097045469291743 0.5390612916192573 0.9499092625 0.3685598671875 0.6576801699495978 0.47104535530449043 0.717475454378772 0.6415467797362477
2 1.0009404477998953 0.7106241757035502 0.9961577875000002 0.5557286140625 0.7122273754237896 0.5644954418229793 0.7170100357236848 0.7193910034640295
0 0.3365796043817738 0.5331617682567998 0.3193317952488426 0.5313778721418809 0.3104888299295689 0.6168771210725812 0.3277366390625001 0.6186610171875001
0 0.3426136546875 0.6392051124999999 0.34257988147139107 0.5571975118845236 0.32643521177447077 0.5572041607489531 0.32646898499057964 0.6392117613644295
0 0.19935444381987194 0.5152269012838743 0.1739435320061011 0.5147496002883387 0.17227576943622927 0.6035392068169644 0.19768668125000008 0.6040165078124999
0 0.21580603361292144 0.6472268695451892 0.16020148281249993 0.588603203125 0.14345504451207858 0.6044872007673108 0.19905959531250011 0.6631108671874999
0 0.25323387139788817 0.5879236405117079 0.22721029218750002 0.5018812734375 0.20618226141461182 0.5082412173007922 0.232205840625 0.5942835843750001
0 0.8084523765794309 0.25989618887490856 0.7872668879405087 0.2549226644022381 0.7617249301110778 0.36372254271482973 0.78291041875 0.3686960671875002
0 0.87286345 0.3382239703125 0.869651575 0.308005703125 0.7914947183285129 0.31631293174483216 0.7947065933285129 0.3465311989323322
0 0.8296218481408673 0.34352584775355244 0.8061903094914558 0.3331632926954707 0.7652583457255884 0.4257175793169183 0.7886898843749999 0.43608013437500004
0 0.8383689109375 0.34716907656250007 0.8220161131167687 0.3419996695354387 0.7912958240542688 0.4391796117229386 0.8076486218750001 0.4443490187500001
0 0.8880794693839389 0.3805266936319006 0.8703107281249999 0.358161034375 0.7998726965187408 0.41412160964909717 0.81764143777768 0.4364872689059977
0 0.9798657993096507 0.5259052498115674 0.9731484484375 0.5009524171875 0.8918768022528496 0.5228309017509326 0.8985941531250001 0.547783734375
4 0.7660658486566909 0.4700180628476646 0.7413761781249999 0.4142599093750001 0.7265323332918655 0.4208327532646979 0.7512220038235565 0.4765909067373624
4 0.7674312187893847 0.3548677367289705 0.7580682217768739 0.34758850243716044 0.7112649061124893 0.40778979383319003 0.720627903125 0.41506902812500013
4 0.778223270380974 0.31640394759849 0.7656332849831493 0.30874509790564064 0.7228463224146753 0.3790803643696508 0.7354363078125001 0.3867392140625002
4 0.7983084953125 0.5224419375000002 0.7835489553270365 0.5154213102943692 0.7554484173959112 0.574497373024894 0.7702079573813747 0.5815180002305251
4 0.8102221771134127 0.523843322840588 0.7989827579873464 0.5187181018702681 0.7737106187499999 0.5741389640625001 0.7849500378760662 0.5792641850328201
4 0.8414588071096109 0.5190175325298068 0.8253094475350983 0.5114571374813611 0.8016303576129873 0.5620367877640545 0.8177797171875 0.5695971828125002
4 0.8620824468749999 0.522217190625 0.8492630964477634 0.5147592583191889 0.8186690879217562 0.5673469327826802 0.8314884383489927 0.5748048650884914
4 0.8917717304472663 0.5520848707741173 0.8873351125 0.5354147421875001 0.8315819101777338 0.5502529995383829 0.8360185281250001 0.5669231281250001
4 0.2906076820258037 0.6546078977089878 0.27711765346015566 0.6392624924408368 0.23440201518435194 0.6768134837943491 0.24789204375 0.6921588890625001
4 0.22774330276398363 0.615526004524043 0.170510471875 0.5951797203125 0.16517642536101648 0.610184061100957 0.2224092562500001 0.6305303453125
4 0.357451796875 0.616991490625 0.3549843657959816 0.5557924833298022 0.33938843218388454 0.5564212826028881 0.341855863262903 0.6176202898980859
3 0.953125 0.4078125000000002 0.9203125 0.4078125000000002 0.9203125 0.4500000000000002 0.953125 0.4500000000000002
3 0.83125 0.4906250000000002 0.7984375 0.4906250000000002 0.7984375 0.5343750000000002 0.83125 0.5343750000000002
3 0.18281250000000004 0.4375 0.14218750000000005 0.4375 0.14218750000000005 0.4890625 0.18281250000000004 0.4890625
3 0.15000000000000005 0.4640625 0.11562500000000005 0.4640625 0.11562500000000005 0.50625 0.15000000000000005 0.50625
3 0.2234375000000001 0.5828125 0.1937500000000001 0.5828125 0.1937500000000001 0.6140625 0.2234375000000001 0.6140625
3 0.2718750000000001 0.509375 0.2468750000000001 0.509375 0.2468750000000001 0.540625 0.2718750000000001 0.540625
3 0.2609375000000001 0.534375 0.23593750000000008 0.534375 0.23593750000000008 0.565625 0.2609375000000001 0.565625