1 0.9328790734375 0.6196656671875 0.5055364661937406 0.5184454812362064 0.42518206028680394 0.8576946240931187 0.8525246675305634 0.9589148100444124
2 0.6599546046875 0.02845813125000003 0.4810484290919111 -0.07513518742326326 0.2894134375156279 0.25581939432288914 0.4683196131112168 0.35941271299615246
2 0.4266008843750001 0.029815418750000065 0.29983689631492827 0.014860111583570668 0.26320716302524055 0.32534059999511006 0.38997115108531233 0.34029590716153946
2 0.3426722386516463 0.3473569536711555 0.29234564375 0.089214553125 0.18366842410174938 0.11040190706880451 0.23399501900339575 0.36854430761495993
0 0.591318453125 0.582497684375 0.5723274516387102 0.5619786426558459 0.5179750969512102 0.6122834114058457 0.5369660984375001 0.632802453125
4 0.5580487828125 0.7083659640625001 0.5430486734756302 0.6556265432332874 0.5278875628798833 0.6599386557485355 0.542887672216753 0.7126780765777481
4 0.554674690625 0.7225216749999999 0.54035413405007 0.6684900398636706 0.523703367248132 0.6729031627943665 0.5380239238230621 0.7269347979306956
4 0.5904987578125002 0.6819252421875002 0.5599107323395764 0.6459499260212903 0.546187584375 0.6576180375 0.5767756098479238 0.6935933536662098
0 0.6147421765625001 0.5927082609375002 0.5981602203124999 0.5725575359375001 0.5451551977289687 0.6161751708121948 0.5617371539789688 0.6363258958121947
0 0.7569557375 0.7978733093750001 0.6759628406920927 0.7373836073904192 0.6587626546875 0.7604138562500001 0.7397555514954074 0.820903558234581
0 0.7180732320885423 0.5962698236815854 0.6853815367371696 0.5924103103231813 0.675766540625 0.6738533562500001 0.7084582359763726 0.6777128696084043
0 0.8408663328125 0.7160550484375 0.8058633637668213 0.6244777000984547 0.7741345997542229 0.6366051635458443 0.8091375687999014 0.7281825118848896
0 0.6510927974892493 0.6499580887848472 0.6340171165764136 0.6292617613715319 0.5706854984295111 0.6815140514311834 0.587761179342347 0.7022103788444987
0 0.35281517536427953 0.1643112993455822 0.34850575781250004 0.10044296249999998 0.3215146928227656 0.1022641429933829 0.3258241103745452 0.1661324798389651
0 0.47071330468749994 0.13494153125000005 0.44756761215020485 0.13090383981910972 0.4347610371502049 0.2043163460691097 0.4579067296875 0.20835403750000006
0 0.2905453729657109 0.16445557894317592 0.27228804694102254 0.1558182669398926 0.24660209062499994 0.210112575 0.2648594166496883 0.2187498870032833
0 0.3196162671874999 0.29090655625 0.280540128781409 0.258303746603254 0.27061836033122316 0.2701954946272267 0.3096944987373141 0.3027983042739727
0 0.26739216562499996 0.23146044375000002 0.2449698234375 0.18629199375000005 0.22499739548675804 0.19620662694699317 0.24741973767425804 0.24137507694699317
0 0.32229224062499995 0.32372942812500005 0.30466677489756855 0.28933076984848 0.28941855146006856 0.29714377922348 0.3070440171875 0.33154243750000006
3 0.38541620625000006 0.12167268593750005 0.3633245410413176 0.1102764614780535 0.35054829062500004 0.1350433171875 0.3726399558336824 0.14643954164694656
3 0.6671875000000002 0.7609375 0.6343750000000001 0.7609375 0.6343750000000001 0.7890625 0.6671875000000002 0.7890625
3 0.6109375 0.690625 0.578125 0.690625 0.578125 0.71875 0.6109375 0.71875
3 0.634375 0.6078125 0.6015625 0.6078125 0.6015625 0.6359375 0.634375 0.6359375
3 0.6453125 0.625 0.6125 0.625 0.6125 0.6453125 0.6453125 0.6453125
3 0.6859375 0.621875 0.6515625 0.621875 0.6515625 0.653125 0.6859375 0.653125
3 0.6859375000000002 0.784375 0.6531250000000002 0.784375 0.6531250000000002 0.8125 0.6859375000000002 0.8125
3 0.6921875 0.6578125 0.65625 0.6578125 0.65625 0.6859375 0.6921875 0.6859375
4 0.696875 0.5890625 0.6234375 0.5890625 0.6234375 0.609375 0.696875 0.609375
4 0.7394405390624998 0.696410821875 0.7384489825401878 0.6750785197139259 0.6582833481651879 0.6788047353389258 0.6592749046874999 0.7001370375
4 0.4783488875 0.10201050312500007 0.46599377961828337 0.09636044535458974 0.44585321086828344 0.14040227816708972 0.45820831875 0.14605233593750006
4 0.3660760703125 0.19405599843750004 0.34766279531250005 0.19398021093750004 0.3474709993282138 0.24057882156007065 0.3658842743282137 0.24065460906007066
4 0.37814548593749997 0.280482821875 0.3650228388139014 0.2377434617476733 0.352170725 0.24168956093749996 0.3652933721235986 0.28442892106482665
4 0.47820181562500014 0.13948577968750006 0.4645665009996399 0.13808147775998342 0.45878091406250004 0.19425764375000007 0.47241622868786026 0.19566194567751674