1 0.878125 7.462691432304184e-17 0.340625 4.171453159595672e-17 0.34062500000000007 0.41875000000000007 0.878125 0.4187500000000002
2 0.7889945437500001 0.8859763203125001 0.42602085346825297 0.5704779522409329 0.2704461304182891 0.7494631295182895 0.6334198207000361 1.0649614975898567
2 0.544021984375 0.9923653703124999 0.3542931362130962 0.6273794924585585 0.1864948169405019 0.7146052832926706 0.37622366510240585 1.079591161146612
2 0.39094433928481437 0.6939680841220599 0.2192635390625001 0.6447659468750001 0.13981803571518583 0.9219747908779402 0.3114988359375001 0.9711769281250001
3 0.7265625 0.1140625000000001 0.6859375 0.1140625000000001 0.6859375 0.1515625000000001 0.7265625 0.1515625000000001
3 0.6796875 0.08750000000000008 0.6328125 0.08750000000000006 0.6328125 0.1281250000000001 0.6796875 0.1281250000000001
3 0.54375 0.2640625000000001 0.5140625 0.2640625000000001 0.5140625 0.2968750000000001 0.54375 0.2968750000000001
3 0.49375 0.2578125000000001 0.4578125 0.2578125000000001 0.4578125 0.2906250000000001 0.49375 0.2906250000000001
3 0.5343750000000002 0.9453125 0.4968750000000002 0.9453125 0.4968750000000002 0.9765625 0.5343750000000002 0.9765625
3 0.4750000000000002 0.9453125 0.4343750000000002 0.9453125 0.4343750000000002 0.978125 0.4750000000000002 0.978125
0 0.3855224109375 0.9676694015624999 0.35656392862530356 0.8775089109442444 0.32964337497752083 0.8861554741039839 0.3586018572897173 0.9763159647222395
0 0.2986481484375 0.73923313125 0.25517938808002605 0.6649023448606923 0.23404191562499993 0.677263571875 0.2775106759824739 0.7515943582643076
0 0.6455643578125001 0.24922751718749997 0.5714153644934716 0.18459336114978822 0.5513043093750001 0.20766497812500004 0.6254533026940285 0.2722991341627118
0 0.6060003453125 0.12177944375000002 0.6043895253983707 0.08944560830515144 0.5059089266072262 0.09435175406564267 0.5075197465213557 0.12668558951049125
0 0.6610179609847782 0.12299516198648167 0.5884804313954515 0.05734039547996628 0.571681546875 0.0759003515625 0.6442190764643267 0.14155511806901538
4 0.45852869687500003 0.1950458968750001 0.44344041386353494 0.1798505231703269 0.3989755609375 0.22400200625000002 0.4140638439489651 0.23919737995467322
4 0.5335897546874999 0.2661670812500001 0.4644814304225303 0.2465331699634258 0.4607257140625001 0.25975270937500006 0.5298340383274698 0.2793866206615744
4 0.5902907640625 0.10545137812500001 0.5900023229983131 0.08931466560283648 0.5192745698733131 0.09057891247783648 0.5195630109375 0.10671562500000001
4 0.6265873203125 0.04988659531250007 0.6042153625 0.04601167968750007 0.5967848317363984 0.0889121030400161 0.6191567895488983 0.09278701866501608
4 0.5514072435264492 0.8326089453633874 0.526586088373311 0.831567049218004 0.5236788354718618 0.9008267116671167 0.5484999906250001 0.9018686078125
4 0.5300535296875 0.8493219453125 0.5180149399126991 0.7866915407435072 0.49727145625 0.7906787781250002 0.5093100460248009 0.853309182693993
4 0.5387506390624999 0.8761110171875 0.5115335631410431 0.8177618008031109 0.494942840625 0.8255005671875002 0.5221599165464567 0.8838497835718894
4 0.5022882628044387 0.9143829869462641 0.4930209112649693 0.9003653799835943 0.459647759375 0.9224291125000003 0.4689151109144694 0.93644671946267
4 0.41118131249999995 0.8624592421875 0.3950394356401045 0.8495942950436479 0.3611534840776045 0.8921115981686478 0.37729536093749994 0.9049765453124999
4 0.37037929218749993 0.8874990296874999 0.3604225216324129 0.8246936679397147 0.3409140211271066 0.8277864240038413 0.3508707916821937 0.8905917857516267
4 0.3900842250000001 0.8641998421875001 0.3478262810887596 0.8111658807948396 0.33860997343750004 0.8185095187500002 0.38086791734874054 0.8715434801426607
4 0.3953685125 0.8562069781250001 0.36095447471247716 0.8017055284893617 0.34655777031249996 0.8107960890625 0.3809718081000228 0.8652975386981382
4 0.3915654545227919 0.6995437064949104 0.3331135208808121 0.6938589773492296 0.33159989604552026 0.7094224802293192 0.3900518296875001 0.7151072093749999