1 0.5859375000000001 0.4828125 0.10937500000000004 0.4828125 0.10937500000000007 0.90625 0.5859375000000002 0.90625
2 0.6067144535109253 0.2834096721486724 0.5339601842054564 0.0015414335460174565 0.35105520312499994 0.048751854687500026 0.42380947243046896 0.330620093290155
2 0.6902272169908206 0.027058592899073385 0.5570564859375 0.011463912500000072 0.5264833814466794 0.2725428555384267 0.6596541125 0.2881375359375001
2 0.7957970202744198 0.10946966602078492 0.6855605375 0.06271181406250008 0.5996319004209101 0.26529748308872825 0.7098683831953299 0.3120553350470131
0 0.48550928281249994 0.5729885921875 0.4007204241657658 0.5709390760141331 0.40023179485745314 0.5911537597973383 0.4850206535041873 0.5932032759707051
0 0.4708069015625 0.5747938171875001 0.47072688860447964 0.5555532891133584 0.3872844383029668 0.5559002898426191 0.3873644512609872 0.5751408179167607
0 0.5054010135492406 0.6841385890672065 0.50040130625 0.6138109781250001 0.4782245485817665 0.6153875608597452 0.4832242558810071 0.6857151718019516
0 0.2907843937500001 0.6375458484375 0.2679045969949286 0.6214754481852047 0.20556001420103837 0.7102368580262695 0.22843981095610988 0.7263072582785648
0 0.54629418125 0.08528849687500006 0.5177974059918491 0.08482536798536233 0.5166404776499746 0.15601230468018543 0.5451372529081253 0.15647543356982316
0 0.65711415625 0.07238846406250007 0.6419059475475073 0.072002292198181 0.6403993944225073 0.13133332188568098 0.655607603125 0.13171949375000008
0 0.65268445 0.11558343593750009 0.6301339766557696 0.1120418184718182 0.6210479531249999 0.1698950828125001 0.6435984264692303 0.17343670027818198
0 0.747460203125 0.163799259375 0.7205347335036023 0.11554783239688597 0.6988785116286023 0.12763253083438597 0.7258039812499999 0.1758839578125
0 0.7671825140625002 0.15053828906250008 0.7518039823040554 0.14038424329503857 0.7213342453268325 0.1865313484496396 0.7367127770852773 0.1966853942171011
4 0.49525515625 0.7084601625000001 0.477739735371273 0.7024103542259941 0.45709076875 0.762193296875 0.47460618962872714 0.768243105149006
4 0.3464928484375 0.6141860421875001 0.3401661421749994 0.5952672902465904 0.2655591296749994 0.6202169621215904 0.2718858359375 0.6391357140625
4 0.34458539843749997 0.5941518734375 0.33844309088784913 0.5797930727039564 0.2607813535330159 0.6130146686105855 0.26692366108266674 0.6273734693441291
4 0.48044567500000007 0.6191267671875001 0.46579245282789117 0.6107687144403326 0.4373093562500001 0.6607048843750001 0.45196257842210896 0.6690629371221677
4 0.4864485382948233 0.5821488561395992 0.4618523188468543 0.5341845434215965 0.44521791093749996 0.542714709375 0.46981413038546904 0.5906790220930028
4 0.5339111765625 0.6179371796875002 0.4963983368095337 0.5876122240870016 0.48474049774703376 0.6020333053370015 0.5222533375 0.6323582609375
4 0.5236391707491791 0.6508229073372067 0.506011251680345 0.6109807601348158 0.4935444434311657 0.6164966246726089 0.5111723624999999 0.6563387718749999
4 0.39483175232304973 0.8271558168952856 0.37654600000000005 0.7616688421875001 0.3537355076659173 0.7680381547881976 0.372021259988967 0.8335251294959832
4 0.6508603234375 0.1624887000000001 0.6373346075509728 0.15795867160045546 0.6216895638009727 0.20467149503795548 0.6352152796875 0.20920152343750012
4 0.6493303140624999 0.2108278406250001 0.6348974733493762 0.2057284549471572 0.6204612489180636 0.24658744088763163 0.6348940896311873 0.2516868265654745
3 0.3109375000000001 0.6640625 0.2687500000000001 0.6640625 0.2687500000000001 0.6984375 0.3109375000000001 0.6984375
3 0.2515625000000001 0.6625 0.21093750000000008 0.6625 0.21093750000000008 0.69375 0.2515625000000001 0.69375
3 0.38750000000000007 0.58125 0.3453125000000001 0.58125 0.3453125000000001 0.6125 0.38750000000000007 0.6125
3 0.4125 0.625 0.3703125000000001 0.625 0.3703125000000001 0.653125 0.4125 0.653125
3 0.4156250000000002 0.79375 0.37968750000000007 0.79375 0.37968750000000007 0.81875 0.4156250000000002 0.81875
3 0.46875 0.046875000000000056 0.4375 0.046875000000000056 0.4375 0.07656250000000006 0.46875 0.07656250000000006
3 0.446875 0.037500000000000054 0.415625 0.037500000000000054 0.415625 0.07187500000000005 0.446875 0.07187500000000005
3 0.6359375 0.08437500000000007 0.6078125 0.08437500000000006 0.6078125 0.11250000000000009 0.6359375 0.11250000000000009