1 0.4750000000000001 0.40625 0.057812500000000044 0.40625 0.05781250000000008 0.8984375 0.4750000000000002 0.8984375
2 0.9981639984375 0.5869664187500001 0.6807119755950681 0.3998877952105522 0.5510410193450681 0.6199252670855521 0.8684930421875002 0.8070038906250001
2 1.015758983451064 0.3882674400725972 0.6893373265625 0.3351444656250001 0.6595400727989358 0.5182379208649028 0.9859617296875 0.5713608953125
2 0.9920238103917116 0.20893184269268356 0.6872559698135768 0.19909134116136054 0.6820090094218653 0.36159370784367706 0.98677685 0.3714342093750001
0 0.38344630660954754 0.5499718052140283 0.35762382343750004 0.5425151250000001 0.32513524651545245 0.6550230650984717 0.35095772968749994 0.6624797453125
0 0.3112961964294997 0.6265541224261874 0.28429701250000006 0.6136758984374999 0.2356416395080004 0.7156818400738126 0.26264082343750006 0.7285600640625001
0 0.35909145156250005 0.5035783875000001 0.2791674734375001 0.4872839328125001 0.27440431082644945 0.5106471512590475 0.3543282889514494 0.5269416059465475
0 0.345650025 0.4709122953125 0.2750712160648726 0.4677777526617269 0.27391510981487266 0.49380917453672685 0.34449391875000007 0.49694371718749997
0 0.9815923312500001 0.3850629359375002 0.8958334455846056 0.375689749059103 0.8919597971471056 0.411131245934103 0.9777186828125 0.42050443281250016
0 0.897785353125 0.33006059062500015 0.8927086912361452 0.3069660641560463 0.8199182822465344 0.32296692460618287 0.8249949441353893 0.34606145107513664
0 0.9429098383592607 0.30123292463863305 0.8889938593749998 0.24465149531250008 0.8694967017324654 0.26323017659056724 0.9234126807167262 0.3198116059167002
0 0.9250433070728443 0.2503885258150256 0.9205520218750001 0.2275055734375 0.8494782020094999 0.2414553815675768 0.853969487207344 0.26433833394510237
0 0.8551123921875 0.2961202140625001 0.7768635623456958 0.29520125158210975 0.7765825270372657 0.3191311556838935 0.85483135687907 0.3200501181642839
0 0.8135107351806787 0.2662464594767744 0.7989816361468447 0.24768056491586762 0.7447856150286661 0.29009270700159334 0.7593147140625002 0.3086586015625001
0 0.771407449852536 0.2830148414058546 0.7631774644587936 0.2584664629471985 0.7001977052312576 0.2795807902913439 0.708427690625 0.30412916875
4 0.30071368375433594 0.5407477031557819 0.2799298916394798 0.5397590123101433 0.2765992938226439 0.6097732669668614 0.29738308593750007 0.6107619578125
4 0.28177606093750013 0.49178029062500006 0.26981427711014366 0.49171254993966185 0.2694522705492534 0.555636382475997 0.2814140543766099 0.5557041231613351
4 0.22447130569681883 0.5906529302041238 0.19206693593750004 0.5432545546875 0.17583675584225897 0.5543504783628181 0.20824112560157776 0.601748853879442
4 0.20699931023167908 0.5398888428832714 0.1675691890625 0.4911739875 0.15378807083409882 0.5023285143341132 0.1932181920032779 0.5510433697173845
4 0.18881332500000003 0.5270539859375001 0.17528519856974809 0.5240921697500859 0.16110458450724807 0.588862272875086 0.17463271093750002 0.5918240890625002
4 0.20308822335200843 0.7248968607254057 0.19608432302683765 0.6503331039153604 0.17540932467482923 0.6522751416274546 0.18241322499999998 0.7268388984375
4 0.8972476125 0.503475515625 0.8628842828124998 0.44311025781250013 0.8450600944298913 0.45325679712996914 0.8794234241173913 0.5136220549424693
4 0.8611101585221299 0.4010433331662366 0.8144203265624999 0.38433852187500006 0.8074700963711017 0.40376436716349906 0.8541599283307317 0.4204691784547355
4 0.8527227375 0.3759405531250001 0.7942401283230176 0.3729270657808263 0.7931856892605176 0.39339051578082634 0.8516682984375 0.3964040031250001
4 0.7895300109375 0.38557683906249995 0.786724243962124 0.3711458613536597 0.7312009736496241 0.3819410660411597 0.7340067406249999 0.3963720437499999
0 0.7590351109375 0.3283409359375 0.7033486990987761 0.29066593806129987 0.6931708906249999 0.30570948593749997 0.7488573024637238 0.3433844838137001
0 0.8956052874999999 0.5111906171875 0.8587823561241361 0.4604650186421571 0.8455155059671366 0.4700957440927079 0.8823384373430005 0.5208213426380508
3 0.9484375 0.4078125000000002 0.9140625 0.4078125000000002 0.9140625 0.4421875000000002 0.9484375 0.4421875000000002
3 0.2515625000000001 0.5640625 0.22031250000000008 0.5640625 0.22031250000000008 0.6015625 0.2515625000000001 0.6015625
3 0.1859375000000001 0.5796875 0.1531250000000001 0.5796875 0.1531250000000001 0.6265625 0.1859375000000001 0.6265625
3 0.1468750000000001 0.6015625 0.10781250000000009 0.6015625 0.10781250000000009 0.6453125 0.1468750000000001 0.6453125
3 0.3296875000000001 0.609375 0.2984375000000001 0.609375 0.2984375000000001 0.65 0.3296875000000001 0.65
3 0.2500000000000001 0.525 0.21093750000000008 0.525 0.21093750000000008 0.56875 0.2500000000000001 0.56875
3 0.2250000000000001 0.5328125 0.19375000000000003 0.5328125 0.19375000000000006 0.56875 0.2250000000000001 0.56875