1 0.9109375 0.1390625000000001 0.4578125 0.13906250000000003 0.4578125 0.534375 0.9109375 0.5343750000000002
2 0.5683235734375 0.9702566640625001 0.4375412830197207 0.662872502072525 0.277554281388422 0.7309419379698001 0.4083365718062013 1.0383260999597754
2 0.3589769296875 0.9712063718749999 0.34902127640226804 0.6794515025594123 0.2316446692650445 0.6834567855121746 0.24160032255027647 0.975211654827762
2 0.3075327264888844 0.6631439913036926 0.20821431957343384 0.6351953297540763 0.14200583995954955 0.8704738853253835 0.2413242468750001 0.8984225468749999
0 0.6131640328125001 0.43211049531250023 0.5322166767315121 0.41070279978036994 0.5269449078125001 0.43063655468750006 0.607892263893488 0.45204425021963024
0 0.623955084421213 0.4462617909797547 0.5417373984375 0.4314117968750001 0.5383214734657931 0.450324225033999 0.620539159449506 0.4651742191387537
0 0.545099040625 0.31963780625000004 0.5228464294597803 0.3185212553118203 0.519367859375 0.38784838125000004 0.5416204705402197 0.3889649321881798
0 0.8263124563125732 0.34386972701294566 0.8064783375452436 0.3240933941778069 0.7299217374999998 0.4008736906250002 0.7497558562673293 0.4206500234601389
0 0.4216853984375001 0.8354484109374999 0.3934769059417122 0.8309458384134469 0.382395234375 0.9003722046874998 0.4106037268707879 0.9048747772115527
0 0.2953400593044108 0.8376352990711882 0.28022789166178874 0.8352593102426014 0.2710187953125002 0.8938325687500001 0.2861309629551223 0.8962085575785869
0 0.32346891875000006 0.8040701265625 0.30258903000766174 0.7966450631165005 0.2828819343750001 0.8520630359375 0.3037618231173384 0.8594880993834995
0 0.23643488281249997 0.83323435625 0.2213443296875 0.779981540625 0.1975245643723446 0.7867314829462589 0.21261511749734457 0.8399842985712589
0 0.2231058328125001 0.7660215109375 0.20765581956439547 0.7547252176062678 0.17619320000000008 0.7977568453125002 0.19164321324810468 0.8090531386437325
4 0.58778673125 0.2492411187500001 0.5720248318936354 0.23966382959683044 0.5388318601400852 0.29429142533408126 0.55459375949645 0.30386871448725095
4 0.7516730111318609 0.42288014315995415 0.7488092609374999 0.40258967968750003 0.6709155127194685 0.4135834274104993 0.6737792629138295 0.4338738908829535
4 0.7538539203125 0.4244457984375002 0.7488717456064277 0.40886107693028667 0.66940280625 0.4342659671875002 0.6743849809560724 0.4498506886947137
4 0.5896443421875001 0.3526227000000001 0.5777702301769936 0.3409079506566316 0.5365290870283417 0.382710121478633 0.5484031990388482 0.3944248708220015
4 0.5613671578125 0.4674470343750001 0.5413019952852933 0.41613961756040724 0.5243512934917882 0.42276865109109474 0.5444164560189948 0.4740760679056876
4 0.5308092453125 0.40385268750000003 0.5010685109374999 0.3657883062500001 0.48647674077598174 0.3771892523887151 0.5162174751509817 0.41525363363871504
4 0.524030540625 0.38702527656249996 0.5161453140625001 0.34409630625 0.5027643493781314 0.3465541322214358 0.5106495759406313 0.38948310253393575
4 0.6905318976782319 0.2598718265616163 0.6797145296875 0.19418057031250008 0.6561994070092682 0.1980528015633838 0.667016775 0.2637440578125
4 0.32887591764288826 0.7697106293647562 0.31634231875 0.7629007062500002 0.29282336093750005 0.8061871249999999 0.3053569598303883 0.8129970481147561
4 0.3325174312500001 0.7259071578125 0.3180523604174258 0.7201740106004442 0.3027241296875001 0.7588480468750001 0.31718920052007443 0.7645811940870559
3 0.759375 0.3437500000000001 0.71875 0.3437500000000001 0.71875 0.3750000000000001 0.759375 0.3750000000000001
3 0.815625 0.3578125000000001 0.7765625 0.3578125000000001 0.7765625 0.3859375000000001 0.815625 0.3859375000000001
3 0.66875 0.415625 0.628125 0.415625 0.628125 0.44375 0.66875 0.44375
3 0.653125 0.3703125000000001 0.6125 0.3703125000000001 0.6125 0.39531250000000007 0.653125 0.39531250000000007
3 0.671875 0.2062500000000001 0.6375 0.2062500000000001 0.6375 0.2296875000000001 0.671875 0.2296875000000001
3 0.48437500000000017 0.9265625 0.4546875000000002 0.9265625 0.4546875000000002 0.9546875 0.48437500000000017 0.9546875
3 0.5062500000000002 0.9359375 0.47656250000000017 0.9359375 0.47656250000000017 0.96875 0.5062500000000002 0.96875
3 0.3234375000000001 0.8609375 0.2968750000000001 0.8609375 0.2968750000000001 0.8890625 0.3234375000000001 0.8890625