1 0.6734375000000001 0.5453125 0.2562500000000001 0.5453125 0.2562500000000001 0.9703125 0.6734375000000001 0.9703125
2 0.8498507484375001 0.24191585156250017 0.6586766946697272 0.0540417196415631 0.4101959447455726 0.3068869185018699 0.6013699985133453 0.49476105042280694
2 0.6548064296875001 0.0575863671875001 0.5424622965102233 -0.05584099845919934 0.29223621504774405 0.19199542143800313 0.404580348225021 0.30542278708470255
2 0.47031465156249996 0.001605570312500082 0.3411074040475948 -0.049138750690053 0.22904272950279628 0.23620486718707995 0.35824997701770145 0.286949188189633
0 0.4592075734375001 0.6787367500000001 0.4583193433215739 0.6614155222829388 0.3724860359375 0.6658170421874999 0.37337426605342616 0.6831382699045612
0 0.43464214344763263 0.6542108940176545 0.3527486984375 0.6498852203125001 0.3518971118895588 0.666007415579353 0.43379055689969137 0.6703330892845074
0 0.46856704374999997 0.8140936249999999 0.46605640038916124 0.78815507913405 0.3803041859375 0.79645520625 0.38281482929833877 0.8223937521159499
0 0.39373454531249996 0.8346957015625 0.33810133631195094 0.776099228056198 0.32136266562500004 0.7919914125 0.3769958746255491 0.8505878860063019
0 0.4838445937500001 0.7723174 0.3992821137966195 0.7418263758376703 0.3918303640625 0.7624927343750001 0.4763928440158806 0.7929837585373297
0 0.758770925 0.22037445937500016 0.7536982830913501 0.1988965939860224 0.6459303734374998 0.22434921718750003 0.6510030153461497 0.24582708257647776
0 0.7110772437499999 0.1409032250000001 0.6810684859375 0.13611425000000005 0.6686822288635546 0.21372922788887908 0.6986909866760544 0.21851820288887908
0 0.6802658343750001 0.19674845625 0.6692591038919848 0.1730691032267846 0.5789411265625 0.2150510625 0.5899478570455152 0.23873041552321536
0 0.674427653962699 0.18463133735131163 0.6697527394048485 0.16804396255414047 0.5716757984374998 0.195685546875 0.5763507129953505 0.21227292167217113
0 0.6610251453125 0.13762004843750003 0.644931249012726 0.11598956112811876 0.5711751771377261 0.1708668533156187 0.5872690734375001 0.19249734062499999
0 0.5238115640625 0.027450139062500066 0.5008142393575421 0.016976963647406862 0.4649531828997281 0.09572178810959076 0.48795050760468595 0.10619496352468397
4 0.598255240625 0.2634419078125002 0.5438656567602058 0.23586791903567797 0.5365249536913881 0.2503474268217848 0.5909145375561822 0.27792141559860706
4 0.6637205734375 0.2474079906250001 0.6563137384687995 0.23781750910497879 0.5963613484374999 0.28411940312500006 0.6037681834062004 0.29370988464502135
4 0.702241784574181 0.23962800003581514 0.6939533413424716 0.22674090273958947 0.62542735 0.27081396093750004 0.6337157932317095 0.2837010582337257
4 0.49844741734616554 0.21665717179303817 0.4932010796875 0.20092580468750004 0.43208997952883443 0.22130607195696186 0.4373363171875 0.2370374390625
4 0.4956302124999999 0.1970862062500001 0.4904743156388355 0.18598264235224854 0.4351316515763356 0.21168079391474848 0.44028754843750006 0.22278435781250003
4 0.503249034375 0.16878277968750008 0.4944490257653391 0.15286052044726242 0.44712950312500005 0.17901335468750004 0.45592951173466095 0.1949356139277377
4 0.5026153535476908 0.1509753652886136 0.49676318750000004 0.137251015625 0.44163849332730926 0.1607566003363864 0.447490659375 0.17448095
4 0.4849053453125 0.11134225312500005 0.4698452924717943 0.10376366586636968 0.44302929459057355 0.15705200725315488 0.4580893474312793 0.16463059451178527
4 0.34461038593749993 0.710744646875 0.32776635784300223 0.6980635237148141 0.294910146875 0.74170563125 0.3117541749694977 0.7543867544101859
4 0.387706571875 0.824056653125 0.37038350545780385 0.7658374140355096 0.35512056406250003 0.7703788843750001 0.3724436304796962 0.8285981234644904
4 0.4366944466166787 0.6418969434781611 0.37570844531250003 0.636229984375 0.3742642794835382 0.6517716351131162 0.4352502807877169 0.6574385942162773
3 0.6171875 0.05156250000000007 0.5734375 0.05156250000000007 0.5734375 0.08593750000000007 0.6171875 0.08593750000000007
3 0.5265625 0.16875000000000004 0.48125 0.16875000000000004 0.48125 0.20312500000000008 0.5265625 0.20312500000000008
3 0.5468750000000002 0.81875 0.4937500000000002 0.81875 0.4937500000000002 0.8609375 0.5468750000000002 0.8609375
3 0.5171875000000001 0.85 0.4734375000000002 0.85 0.4734375000000002 0.8859375 0.5171875000000001 0.8859375
3 0.4031250000000002 0.771875 0.3703125000000001 0.771875 0.3703125000000001 0.803125 0.4031250000000002 0.803125
3 0.4781250000000002 0.7265625 0.4468750000000002 0.7265625 0.4468750000000002 0.753125 0.4781250000000002 0.753125
3 0.45312500000000017 0.7359375 0.42187500000000017 0.7359375 0.42187500000000017 0.7625 0.45312500000000017 0.7625