1 0.9359375 0.4000000000000001 0.5640625 0.4 0.5640625000000001 0.8546875 0.9359375 0.8546875
2 0.459622916593605 0.6176104806231122 0.30389693023873654 0.41522991644010954 0.009890260520131689 0.6414595389419976 0.16561624687500015 0.843840103125
2 0.34321287229334524 0.5349239369664244 0.2944677875 0.3558387015625001 -0.024585420730845176 0.4426815708460756 0.02415966406250001 0.6217668062499999
2 0.3069613181379161 0.3478692311130343 0.26982871002990344 0.19740927371703512 -0.03468162842051261 0.2725605847915008 0.00245097968750001 0.42302054218749996
0 0.683265541471278 0.6400435582828058 0.6460402656250002 0.5273998593750001 0.6214783783469414 0.5355168072211397 0.6587036541932194 0.6481605061289454
0 0.7826925964559545 0.6895753368946822 0.7264037109375 0.5905060687500001 0.7007381579555007 0.6050886471885706 0.7570270434739551 0.7041579153332526
0 0.7254377358996769 0.4809647763541264 0.7151372405112653 0.456894530408219 0.6405106796875 0.48882983125 0.6508111750759115 0.5129000771959074
0 0.72345448125 0.4652528015625002 0.7177836019236921 0.43988726557008617 0.6486638550486921 0.4553401124450861 0.654334734375 0.4807056484375002
0 0.1008228296875 0.45224206406249995 0.09312249520035197 0.4174313167181395 0.008888426450351983 0.4360643698431395 0.016588760937500013 0.47087511718749997
0 0.1623856796875 0.3657927171875 0.09215751479372741 0.34919064238957154 0.08663025156250004 0.372571428125 0.15685841645627263 0.3891735029229285
0 0.10537662982455498 0.3071350293618874 0.08644590312500003 0.28671125156250005 0.03175712330044504 0.33740208626311274 0.05068785 0.35782586406250005
0 0.12515301093750003 0.2822903828125001 0.053268382812500036 0.27295798281250006 0.050310721228556066 0.29573994705336104 0.12219534935355607 0.30507234705336106
0 0.20551645624999998 0.34467156874999993 0.20134438498720778 0.32099541845489254 0.125521709375 0.3343564421875 0.12969378063779224 0.3580325924826074
0 0.23279569374999998 0.315691409375 0.1719702375 0.28720238125 0.1619341063990145 0.30863000772162985 0.2227595626490145 0.33711903584662983
0 0.2722400203125 0.2994820265625 0.2103086484375 0.2994820265625 0.2103086484375 0.3269887953125 0.2722400203125 0.3269887953125
4 0.733649509375 0.5858083562499999 0.722980208622199 0.5165408789301844 0.702415433622199 0.5197084804926844 0.713084734375 0.5889759578124999
4 0.7346776953124999 0.5312796453125 0.7280821781260401 0.4677774012521899 0.7161692921875 0.46901470625 0.7227648093739598 0.5325169503103101
4 0.8278363162764943 0.5223591287055501 0.8107675062500002 0.51082983125 0.7792741141543802 0.5574549381866993 0.7963429241808744 0.5689842356422494
4 0.8431042176896323 0.4685665436525882 0.8296871499999998 0.45647385625000003 0.7891244244978678 0.5014789750974119 0.8025414921875 0.5135716625000001
4 0.8440322923458791 0.5541764781167331 0.8256429109962149 0.4905258527230859 0.8123098734375 0.49437791718750007 0.8306992547871642 0.5580285425811473
4 0.8395581234374999 0.6923993937499999 0.8385706755609854 0.6174951677491334 0.8178075856870203 0.6177688835339502 0.8187950335635348 0.6926731095348169
4 0.1510987458979866 0.4921127113585132 0.13315703750000007 0.4813536421875 0.09772374831954767 0.5404418153326257 0.11566545671753418 0.5512008845036389
4 0.1817928921875 0.43756699374999997 0.17770823950323905 0.417334093658371 0.13020351294073906 0.42692442959587107 0.134288165625 0.44715732968750005
4 0.19698128882741325 0.4202326610402781 0.19231526064431279 0.400338264034084 0.1347634186918995 0.4138364623688059 0.139429446875 0.43373085937499994
4 0.2579881815439114 0.4087095898429121 0.2015350140625 0.4018363671875 0.19975862075742232 0.4164267615035408 0.2562117882388337 0.4232999841589529
0 0.28757843125 0.3269656859375001 0.27689692676061833 0.3123979796334212 0.2218192356499439 0.35278269034788157 0.2325007401393256 0.36735039665196045
0 0.15158946093750006 0.5054171328125001 0.13708141071275795 0.49765118083641935 0.10773161718750002 0.5524813265625 0.12223966741224213 0.5602472785385808
3 0.07968750000000006 0.4546875 0.04843750000000006 0.4546875 0.04843750000000006 0.4859375 0.07968750000000006 0.4859375
3 0.7859375 0.5359375000000002 0.75625 0.5359375000000002 0.75625 0.5718750000000001 0.7859375 0.5718750000000001
3 0.853125 0.5453125000000002 0.825 0.5453125000000002 0.825 0.5890625000000002 0.853125 0.5890625000000002
3 0.9015625 0.5625000000000002 0.8671875 0.5625000000000002 0.8671875 0.6031250000000001 0.9015625 0.6031250000000001
3 0.7125 0.590625 0.684375 0.590625 0.684375 0.628125 0.7125 0.628125
3 0.7890625 0.4984375000000002 0.75625 0.4984375000000002 0.75625 0.5390625000000002 0.7890625 0.5390625000000002
3 0.809375 0.5046875000000002 0.7796875 0.5046875000000002 0.7796875 0.5375000000000002 0.809375 0.5375000000000002