1 0.31093750000000003 0.18750000000000003 0.02031250000000002 0.1875 0.020312500000000046 0.5609375 0.3109375000000001 0.5609375
2 0.8217083328125 0.8463209609375001 0.6026144015892577 0.41059784235483326 0.34352721721425794 0.5408742204798331 0.5626211484375 0.9765973390625
2 0.9809024169125514 0.6311978693404238 0.6311691401598367 0.38246451789912406 0.47454263418478543 0.6026903173087006 0.8242759109375001 0.8514236687500002
2 1.0281156843047385 0.4118613230014274 0.6661761858430182 0.3124276623682508 0.6089220218507796 0.5208333799918236 0.9708615203125 0.6202670406250002
3 0.8359375 0.7625000000000002 0.8015625 0.7625000000000002 0.8015625 0.8 0.8359375 0.8
3 0.2703125 0.325 0.2453125 0.325 0.2453125 0.3546875 0.2703125 0.3546875
3 0.15000000000000005 0.421875 0.12187500000000004 0.421875 0.12187500000000004 0.45625 0.15000000000000005 0.45625
3 0.13125000000000003 0.3578125 0.10937500000000004 0.3578125 0.10937500000000004 0.3859375 0.13125000000000003 0.3859375
3 0.08125000000000004 0.3609375 0.051562500000000046 0.3609375 0.051562500000000046 0.3921875 0.08125000000000004 0.3921875
3 0.8796875 0.7156250000000002 0.8515625 0.7156250000000002 0.8515625 0.7546875000000002 0.8796875 0.7546875000000002
4 0.8270405696222649 0.7432299873546568 0.822711863289434 0.7083860904412614 0.7537443984375 0.7169540156249999 0.758073104770331 0.7517979125383952
4 0.7028672336024204 0.8240782170902357 0.6709921218750001 0.8101839406250001 0.6320736973453217 0.8994674044485806 0.663948809072742 0.9133616809138161
4 0.6592621972693968 0.8211806231481147 0.6417370453125001 0.8182091500000002 0.6246131527306034 0.9192024299768857 0.6421383046875 0.9221739031250001
4 0.6276097687500002 0.9253284312500002 0.6197983187500002 0.8292427640625002 0.6004418300801595 0.8308163831864114 0.6082532800801596 0.9269020503739114
4 0.7270824981070012 0.7370982228357422 0.6878343843749999 0.667379084375 0.6737467299502296 0.6753096738126745 0.7129948436822309 0.7450288122734167
4 0.6835662469296765 0.4500676250939707 0.668267577710252 0.44223572593964067 0.6367874651555756 0.50372832428317 0.6520861343750002 0.5115602234375002
4 0.8591283265625 0.61963141875 0.8557087763254572 0.5914590651056995 0.7933854006473768 0.599023854216474 0.7968049508844197 0.6271962078607746
4 0.817444853125 0.6054295046875 0.7918895312500001 0.5286386546874999 0.7793064511116496 0.5328261934777916 0.8048617729866496 0.6096170434777916
4 0.8044498976577875 0.5997302544018017 0.7732130609375 0.5250812328125 0.7540814752110718 0.5330868329772885 0.7853183119313594 0.6077358545665904
4 0.2708220294777487 0.28077126818794057 0.2636822484375 0.25933613437499997 0.2054839939597514 0.2787212614995594 0.21262377500000001 0.3001563953125
4 0.2422465588476836 0.3365567158044292 0.22760574218750002 0.3144974328125001 0.18159412708981643 0.345035488883071 0.19623494375000003 0.36709477187500006
4 0.16113598596325585 0.4142352015220661 0.1458384109375 0.3984654531249999 0.09425074372424418 0.4485084969154339 0.10954831875000001 0.4642782453125
0 0.939904747912961 0.6397021079653051 0.8508188483584025 0.5817693819738646 0.8332271254454415 0.6088210083835593 0.922313025 0.666753734375
0 0.75320238125 0.43436647968750003 0.7151822484375 0.35465056093749997 0.6939256525839712 0.36478879443170786 0.7319457853964713 0.44450471318170787
0 0.6264806425890026 0.8096356122993583 0.5846910015625001 0.7972742765625002 0.5490712042161313 0.9176931840518495 0.5908608452426336 0.9300545197887077
4 0.8623947923592261 0.5839629080338096 0.7967515749999998 0.53070238125 0.7803322732657735 0.5509390529036907 0.8459754906249998 0.6041995796875002
0 0.2064800421875 0.4270849671875 0.2051748685687543 0.3453283904777357 0.17601870606875433 0.3457938436027358 0.17732387968750002 0.4275504203125
0 0.15154972031250002 0.39879201718749996 0.13009051093750004 0.38386064375 0.07925351088376878 0.4569230336712157 0.10071272025876876 0.47185440710871573