1 0.9484375 0.01250000000000009 0.5203125 0.012500000000000061 0.5203125 0.5234375000000001 0.9484375 0.5234375000000002
3 0.7515625 0.2140625000000001 0.7171875 0.2140625000000001 0.7171875 0.2609375000000001 0.7515625 0.2609375000000001
3 0.7765625 0.2000000000000001 0.746875 0.2000000000000001 0.746875 0.2390625000000001 0.7765625 0.2390625000000001
3 0.85625 0.2296875000000001 0.825 0.2296875000000001 0.825 0.2656250000000001 0.85625 0.2656250000000001
3 0.86875 0.3140625000000001 0.8390625 0.3140625000000001 0.8390625 0.3437500000000001 0.86875 0.3437500000000001
3 0.66875 0.23437500000000008 0.6390625 0.23437500000000008 0.6390625 0.2734375000000001 0.66875 0.2734375000000001
3 0.09531250000000005 0.390625 0.07031250000000004 0.390625 0.07031250000000004 0.421875 0.09531250000000005 0.421875
3 0.08750000000000005 0.3609375 0.04687500000000004 0.3609375 0.04687500000000004 0.3984375 0.08750000000000005 0.3984375
3 0.1375000000000001 0.5796875 0.11093750000000009 0.5796875 0.11093750000000009 0.609375 0.1375000000000001 0.609375
2 0.3885018768857552 0.4177878610770075 0.05813591250000003 0.28298701249999997 -0.02805861681186772 0.49423003583025854 0.30230734757388744 0.6290308844072661
2 0.34323465624999994 0.6316178609375 0.3172551847847554 0.4686264338009286 0.028614667187499998 0.5146333203125001 0.054594138652744525 0.6776247474490715
2 0.3618195088043635 0.6805602030180544 0.295805018912467 0.5546462916272017 0.08161192500000007 0.6669440328125001 0.1476264148918965 0.7928579442033529
4 0.8776384979934247 0.28323006920568694 0.820008838546479 0.2795236718789374 0.8175724968750002 0.3174056171875001 0.875202156321946 0.32111201451424964
4 0.6853400579471127 0.2648473098180322 0.66876338454708 0.25203463963699174 0.6229269672249672 0.3113365110689596 0.639503640625 0.32414918125000003
4 0.6861838313624962 0.4637685215099118 0.6498637235236389 0.43042139924104567 0.6346902437236427 0.4469476355436339 0.6710103515624999 0.4802947578125001
4 0.6397559191731937 0.4233915706501105 0.5928856546874999 0.3868555859374999 0.5827429267648323 0.3998672056894039 0.6296131912505261 0.4364031904020145
4 0.6919993397186597 0.24352407286786684 0.680711965625 0.2322033234375001 0.6281343767648588 0.2846259053573098 0.6394217508585184 0.2959466547876765
4 0.20428416900831933 0.47282791198451674 0.1472958265625 0.46896172031249994 0.1455376700541807 0.49487725520298326 0.2025260125 0.498743446875
4 0.15211431406250003 0.49337040468750004 0.10528093505133251 0.46437731665055815 0.09560202411383252 0.48001194321305796 0.14243540312500003 0.50900503125
4 0.1421299878840279 0.4091125682736144 0.07528175558439579 0.40826194128845933 0.07504479738786797 0.42688377770234504 0.14189302968750006 0.4277344046875001
4 0.24247888219590216 0.6200417587899029 0.2406242779864808 0.5988435546036118 0.19184091093750003 0.60311155 0.19369551514692138 0.6243097541862911
4 0.29003890104417496 0.5993042611763632 0.2832394960532095 0.5840114209671013 0.24093547656249997 0.6028203640625 0.2477348815534654 0.6181132042717618
0 0.21753029820581213 0.48888731435001453 0.14283656250000004 0.4765016109374999 0.136929637731688 0.5121241559624853 0.2116233734375001 0.5245098593749999
0 0.16753861036020476 0.40290849668823003 0.16306457843642347 0.37078179761366575 0.09006249932621871 0.38094822123793576 0.09453653125000001 0.4130749203125001
0 0.2043617900566867 0.6041930073605883 0.19745004843181338 0.5850954635511496 0.13642454531249998 0.6071816812499999 0.14333628693737333 0.6262792250594387
0 0.16356658188206474 0.6350631810124285 0.16103397815200685 0.6061154011184786 0.095850021875 0.6118182609374999 0.09838262560505791 0.6407660408314497
0 0.20733354820488636 0.7070155129685496 0.15187624375000003 0.6825768265625001 0.14389727679511366 0.7006830370314503 0.19935458125 0.7251217234375
0 0.3061503765625 0.6679726703125001 0.28997905231173843 0.6483916732668027 0.25011907887423845 0.6813107607668025 0.266290403125 0.7008917578125
0 0.22900124687500006 0.7164167171875001 0.22013905568005435 0.702734514368508 0.1758261588050543 0.7314367174935079 0.18468834999999997 0.7451189203125
0 0.3356221515625 0.6652271546875002 0.3284593921875 0.65089305625 0.2859169495678707 0.672151545651186 0.2930797089428708 0.686485644088686
0 0.33930392491110734 0.6475837726733584 0.29460649504289055 0.6360561989462494 0.2909968326317832 0.650052434085391 0.3356942625 0.6615800078125
0 0.6771362246462064 0.43152525108007306 0.6163100953125 0.38943728125000004 0.6016383722287937 0.41064106298242714 0.6624645015625001 0.45272903281250015
0 0.7118186804472417 0.23511414962517252 0.6873751224567519 0.22195868246766617 0.6346840670095102 0.31986146721749376 0.659127625 0.33301693437500013