1 0.9 0.028125000000000094 0.603125 0.028125000000000077 0.603125 0.3656250000000001 0.9 0.3656250000000001
2 0.583529300063935 0.6202122216516746 0.47839193817107273 0.3813839768580452 0.04939933029463781 0.5702358067688709 0.1545366921875001 0.8090640515625
2 0.636595482798598 0.6838818503430673 0.4728693791812396 0.5152502863547539 0.15841279375000009 0.8205593890625 0.32213889736735857 0.9891909530508135
2 0.7036640916305338 0.7401696561224747 0.5497700255284019 0.6586797972759182 0.3782739796875 0.9825510640625001 0.5321680457896318 1.0640409229090566
0 0.8264762171875002 0.18910737187499996 0.793326520754967 0.11626216192948968 0.7631963406250002 0.12997351406249988 0.7963460370575334 0.20281872400801015
0 0.734556840625 0.25031263125000003 0.6820917971186249 0.17564900923741433 0.6602531678950739 0.19099469702282698 0.7127182114014491 0.26565831903541265
0 0.8195024570550407 0.29329011631206736 0.809643502203744 0.21882650064133466 0.7844576592112034 0.22216109682926727 0.7943166140625001 0.2966247125
0 0.7254466656249999 0.1911027578125 0.7077256634056958 0.10756800569936538 0.678829273272177 0.11369806511454679 0.6965502754914812 0.1972328172276814
0 0.7587713062500001 0.15335976093749987 0.7261709580481137 0.06938026589634996 0.7004574719463788 0.07936209062618635 0.7330578201482654 0.16334158566733628
0 0.35033165335668487 0.6752734093784705 0.34985603906249996 0.6488233609375 0.21881273726831513 0.6511797296840297 0.2192883515625 0.6776297781250001
0 0.3469827312500001 0.6799382203125001 0.2222824859375001 0.6747030078125001 0.22136695969125722 0.6965104029271244 0.34606720500375726 0.7017456154271244
0 0.32006935312499996 0.5761292171875 0.3092009078125 0.5487129015625001 0.1886744787146814 0.5964922939972029 0.1995429240271814 0.6239086096222028
0 0.22342147434117782 0.5813052318397917 0.22334436249999995 0.559784084375 0.07898642137668026 0.5603013294079088 0.07906353321785811 0.5818224768727005
0 0.28504077052448384 0.6113073613608853 0.14632479078503988 0.5981687696195063 0.14375019994805607 0.625351050446121 0.28246617968750004 0.6384896421875002
0 0.2494681296875 0.6383165953125001 0.2177414389259158 0.616653957489129 0.15014406250000012 0.7156558000000002 0.18187075326158433 0.7373184378233713
0 0.3353510984375 0.706653575 0.32204950542836014 0.6811761324001137 0.21492399136586 0.7371056074001137 0.22822558437499998 0.76258305
0 0.4069330390625 0.8631502953125001 0.3820883046350032 0.8435913187669659 0.31288730000000015 0.9314936984375002 0.3377320344274969 0.9510526749830344
4 0.513107978125 0.7264655000000001 0.5096741045832335 0.7085765238234092 0.4356773453124999 0.7227805515625001 0.4391112188542664 0.740669527739091
4 0.5087431015625001 0.7283848843750002 0.4333219492848938 0.7275257448679322 0.43313265641662857 0.7441431697739533 0.5085538086942349 0.7450023092810213
4 0.48226217812499994 0.7715821453125 0.48020618080921035 0.7545974030741148 0.40839737590508907 0.7632898346730632 0.4104533732208787 0.7802745769114484
4 0.481603425 0.7920020765625001 0.4782059017931134 0.7726629625177976 0.3948788142931134 0.7873019843927976 0.39827633749999997 0.8066410984375002
4 0.4739248984375 0.80005890625 0.45668199105467355 0.784691885604949 0.40352457500000005 0.844338346875 0.4207674823828265 0.859705367520051
4 0.36449519218750004 0.58848818125 0.35986686311246513 0.570966791505308 0.2682804671038495 0.5951596201393927 0.27290879617888447 0.6126810098840847
4 0.32506172357349267 0.5883046322313643 0.3210018015625 0.5724754531250001 0.22335374561195676 0.5975205605825854 0.22741366762294946 0.6133497396889496
4 0.26306997812500005 0.5704421593750002 0.2563102566613053 0.5520829907403376 0.1615344171875 0.5869788125000002 0.16829413865119475 0.6053379811346626
4 0.41138579999999997 0.6494176781250001 0.3821797313310574 0.5933281899856832 0.3550938875 0.6074319203125 0.3842999561689425 0.6635214084518168
4 0.29030545156250004 0.714455425 0.28187960960589464 0.6908825921635944 0.18965393593749996 0.7238476140625001 0.19807977789410539 0.7474204468989057
4 0.5761219203125001 0.686068396875 0.5622490468750001 0.636960040625 0.5432980786221717 0.6423135976194794 0.5571709520596717 0.6914219538694794
4 0.7967998301182141 0.22415776173157234 0.7749221652757148 0.22329889940370248 0.7725817390625 0.28291620781250015 0.7944594039049993 0.28377507014036996
4 0.6945378390625001 0.12809798750000007 0.6471428259761691 0.07212884769011448 0.6310040554767322 0.0857952581730391 0.6783990685630632 0.1417643979829247
4 0.8345534921875 0.2707781984375001 0.8217606261119965 0.26318637046226245 0.7916194854745205 0.3139767172398553 0.8044123515500241 0.321568545215093
3 0.27812500000000007 0.8390625 0.2312500000000001 0.8390625 0.2312500000000001 0.878125 0.27812500000000007 0.878125
3 0.4421875000000002 0.7265625 0.4031250000000002 0.7265625 0.4031250000000002 0.7578125 0.4421875000000002 0.7578125
3 0.69375 0.04375000000000008 0.6546875 0.04375000000000008 0.6546875 0.09375000000000008 0.69375 0.09375000000000008
3 0.753125 0.08750000000000009 0.721875 0.08750000000000009 0.721875 0.1140625000000001 0.753125 0.1140625000000001
3 0.784375 0.0750000000000001 0.7546875 0.0750000000000001 0.7546875 0.10468750000000009 0.784375 0.10468750000000009
3 0.728125 0.19687500000000008 0.703125 0.19687500000000008 0.703125 0.22656250000000008 0.728125 0.22656250000000008