1 0.6796875 0.00937500000000006 0.2984375 0.009375000000000036 0.2984375 0.35937500000000006 0.6796875 0.3593750000000001
3 0.3890625000000001 0.85 0.34843750000000007 0.85 0.34843750000000007 0.8828125 0.3890625000000001 0.8828125
4 0.48516417343749996 0.7452728140625 0.4620958355045593 0.7303545670930827 0.42580177500000005 0.7864766875000001 0.44887011293294066 0.8013949344694173
0 0.4326354250000001 0.8487997718750002 0.4038947375196134 0.8352556671753149 0.36135587500000005 0.9255234390625 0.3900965624803867 0.9390675437621854
2 0.6321787498131577 0.644272386072362 0.42771902646379945 0.6326204749606978 0.4088872281250001 0.9630679218750003 0.6133469514743584 0.9747198329866645
2 0.565378034049924 0.6260848251314034 0.343113201731898 0.5287106712087245 0.18519583750000007 0.8891705578125 0.40746066981802603 0.9865447117351789
0 0.3743887390624999 0.6917174109374999 0.35688561305104166 0.6614166015336735 0.2594715073368198 0.7176874207347683 0.27697463334827804 0.7479882301385947
0 0.2333463359375001 0.6391193156250001 0.2069310936346252 0.6172693491114079 0.13627508906250002 0.7026880375000001 0.16269033136537492 0.7245380040135925
0 0.214386959375 0.6422460812499999 0.20030199555441924 0.622699258395057 0.10485044994586241 0.6914793141868378 0.11893541376644316 0.7110261370417807
0 0.594809403125 0.6773895484375 0.5833535459716424 0.6637333349376257 0.5218173256591423 0.7153545365001257 0.5332731828124999 0.72901075
0 0.5903213781250001 0.7982036281250002 0.5810108296875001 0.73096579375 0.5565707672428147 0.734350054818518 0.5658813156803147 0.8015878891935181
0 0.6074767453125001 0.6862719390625001 0.5756656754716997 0.6862230174189077 0.5755614045590298 0.7540246904971534 0.6073724743998302 0.7540736121407459
0 0.5723913682645334 0.8973624103102656 0.5622828906249999 0.8762066343750001 0.48082904111046654 0.9151262381272348 0.49093751875 0.9362820140625002
0 0.5870461328125002 0.8590600718750002 0.557237004229599 0.8579803547504131 0.5543561406250002 0.9375160328125002 0.5841652692079013 0.9385957499370873
0 0.333657259375 0.7692598453125 0.3088356811879898 0.7567461181979499 0.26570366093750014 0.84230055 0.29052523912451034 0.8548142771145502
0 0.61084780625 0.22136777500000004 0.5537385827209497 0.17292241841944594 0.5391104108459498 0.1901666621694459 0.5962196343749999 0.23861201875000004
0 0.549377403125 0.1583854703125 0.4786278864694724 0.12002553333060742 0.46671832370357186 0.14199104932360476 0.5374678403590994 0.18035098630549734
0 0.5796644437500001 0.2567894171874999 0.5682360390625001 0.23889139062499995 0.5051532851399048 0.27917154319444054 0.5165816898274047 0.2970695697569405
0 0.5839223312499999 0.2215881328125 0.5286208278748379 0.1659197906349219 0.5138277894418962 0.18061534708276117 0.5691292928170583 0.23628368926033927
2 0.5147926052110148 0.5920338092379015 0.3342241438543911 0.3928351584315221 0.0009673605183764256 0.6949238741936208 0.1815358218750002 0.8941225250000002
3 0.37968750000000007 0.74375 0.3359375000000001 0.74375 0.3359375000000001 0.7734375 0.37968750000000007 0.7734375
3 0.1390625000000001 0.70625 0.09218750000000009 0.70625 0.09218750000000009 0.7453125 0.1390625000000001 0.7453125
3 0.1765625000000001 0.7234375 0.13281250000000008 0.7234375 0.13281250000000008 0.759375 0.1765625000000001 0.759375
3 0.4609375 0.16562500000000005 0.41875 0.16562500000000005 0.41875 0.19687500000000005 0.4609375 0.19687500000000005
3 0.634375 0.10937500000000008 0.596875 0.10937500000000008 0.596875 0.1390625000000001 0.634375 0.1390625000000001
3 0.5890625 0.07812500000000007 0.5546875 0.07812500000000007 0.5546875 0.10312500000000009 0.5890625 0.10312500000000009
3 0.5359375 0.15781250000000005 0.4984375 0.15781250000000005 0.4984375 0.18750000000000006 0.5359375 0.18750000000000006
3 0.4859375 0.10937500000000004 0.4484375 0.10937500000000004 0.4484375 0.13906250000000003 0.4859375 0.13906250000000003
4 0.5028638162600015 0.6801419769147004 0.48025746783478757 0.6753301795575646 0.4676328734375 0.7346419 0.49023922186271396 0.7394536973571357
4 0.532213603125 0.6531952109375002 0.48485045162302276 0.6156070885870498 0.47123596172427706 0.6327621127642208 0.5185991132262543 0.6703502351146711
4 0.4750776421875 0.6692787421875002 0.46715004307213553 0.6528732960304195 0.40113751428921224 0.6847725116794015 0.4090651134045767 0.7011779578364821
4 0.29987250625 0.7522530312500001 0.2949072958245015 0.7401329001141199 0.22382683181847626 0.7692521775357299 0.22879204224397479 0.7813723086716101
4 0.3354345578125 0.6864600328124999 0.32228698220792296 0.6691731221416638 0.25756911975123814 0.7183943511870222 0.27071669535581516 0.7356812618578583
4 0.2226423078125001 0.6922132953125001 0.2043386617752522 0.6747582010629131 0.14776053906250003 0.7340867796875 0.16606418509974796 0.7515418739370869
4 0.49048205468749995 0.20390457656250005 0.46173100798683864 0.15405375024335968 0.4425981353904448 0.16508847432225654 0.4713491820911061 0.21493930064139688
4 0.6245384578125 0.1173749640625 0.6223512043712498 0.10028509198776066 0.5761930199962497 0.10619266386276065 0.5783802734375 0.1232825359375
4 0.6097320640625 0.2779286718750001 0.5553826921875 0.2627699109375 0.5511560697763439 0.2779238060445112 0.6055054416513439 0.2930825669820113
4 0.5552848960733732 0.29696371234553676 0.5542772446523999 0.28149410886999293 0.49829972031249997 0.2851403453125 0.49930737173347317 0.3006099487880439
4 0.5647296828125 0.22302766875000005 0.5200566094820563 0.17723832095152264 0.5091532045259711 0.18787591752307536 0.5538262778564149 0.2336652653215528