1 0.6734375 0.04843750000000005 0.1515625 0.04843750000000002 0.15156250000000002 0.4875 0.6734375 0.4875
3 0.359375 0.25 0.3203125 0.25 0.3203125 0.2796875 0.359375 0.2796875
3 0.371875 0.22500000000000003 0.3296875 0.225 0.3296875 0.259375 0.371875 0.2593750000000001
3 0.4609375 0.2468750000000001 0.43125 0.2468750000000001 0.43125 0.27031250000000007 0.4609375 0.27031250000000007
3 0.4625 0.22656250000000008 0.428125 0.22656250000000008 0.428125 0.2515625000000001 0.4625 0.2515625000000001
3 0.490625 0.2312500000000001 0.459375 0.2312500000000001 0.459375 0.2562500000000001 0.490625 0.2562500000000001
3 0.50625 0.2500000000000001 0.478125 0.2500000000000001 0.478125 0.2734375000000001 0.50625 0.2734375000000001
3 0.54375 0.2515625000000001 0.509375 0.2515625000000001 0.509375 0.2796875000000001 0.54375 0.2796875000000001
3 0.5484375 0.2312500000000001 0.5171875 0.2312500000000001 0.5171875 0.2562500000000001 0.5484375 0.2562500000000001
3 0.5703125 0.24218750000000008 0.5390625 0.24218750000000008 0.5390625 0.2687500000000001 0.5703125 0.2687500000000001
0 0.600206771875 0.3602067203125001 0.5845812079636014 0.3433128116654919 0.5301788734375 0.39363077968750004 0.5458044373488986 0.41052468833450834
0 0.48167287031250006 0.3967256765625001 0.3972425269443275 0.3511438639426805 0.3831722305003161 0.3772060122378388 0.46760257386848875 0.42278782485765837
0 0.471074115625 0.3458279015625 0.46718479576310623 0.32031085927492703 0.37646265188786393 0.33413877209142956 0.38035197174975777 0.3596558143790025
0 0.5738235390624998 0.32283716874999996 0.5181274217312996 0.2668963639078267 0.5034017703125 0.2815576046875 0.5590978876437003 0.33749840952967336
0 0.46576071093750004 0.2796976218750001 0.39390442266717757 0.21434779201330484 0.3722298695404328 0.23818033971697822 0.4440861578107553 0.30353016957867346
0 0.5323631181272004 0.2963199992797135 0.4632315168304218 0.24538271816343293 0.450739428125 0.2623368640625 0.5198710294217785 0.3132741451787805
2 0.7431291254073125 0.9355259326191249 0.6981434088347032 0.7255497094015875 0.5526153865523906 0.7567279174074628 0.597601103125 0.9667041406250002
0 0.697529634375 0.88839300625 0.6832211188126157 0.8692968884179274 0.6317850953842854 0.9078373471731276 0.6460936109466697 0.9269334650052
0 0.6439946187500001 0.8921087062499999 0.637957939257878 0.832758836610225 0.6189700205078777 0.8346901631727249 0.6250066999999999 0.8940400328125
0 0.6669274272294012 0.801072761781669 0.6490035667422593 0.797588715619117 0.6374647984375 0.8569505218750001 0.6553886589246419 0.860434568037552
0 0.7112435624999999 0.9088388250000001 0.697047063274666 0.8584431636086224 0.6779256239765475 0.86382968877147 0.6921221232018814 0.9142253501628478
4 0.50940015 0.22811308125000007 0.445592289790964 0.20236464182709252 0.4408304792820779 0.21416500511523062 0.5046383394911139 0.23991344453813812
4 0.55030820625 0.8971570062500002 0.52649595625 0.8585938000000002 0.5143919571731912 0.8660678531206931 0.5382042071731912 0.9046310593706931
4 0.5967504335598989 0.8390599124978044 0.5753587972514378 0.8349017981693301 0.5668270734375 0.878793696875 0.5882187097459611 0.8829518112034744
4 0.5713348669933636 0.8251479577992553 0.5595368078125003 0.8248238859375 0.5584802142566369 0.8632899015757449 0.5702782734375001 0.8636139734375001
4 0.5606867890624999 0.8608088 0.5280753030940136 0.8305153112656392 0.518905417345423 0.8403868583510559 0.5515169033139091 0.8706803470854168
4 0.5545029109375 0.8836047578124999 0.5290109065922547 0.8453161637388871 0.5185808726130297 0.8522603328302953 0.544072876958275 0.8905489269039082
4 0.5604195218750001 0.8664288093750001 0.5450650040356089 0.8660076643131251 0.5440307118481089 0.9037168986881253 0.5593852296875002 0.9041380437500003
4 0.5659946578125001 0.8443202937500001 0.5490508760934553 0.8436426061233154 0.5475441245309554 0.8813149326858152 0.5644879062500001 0.8819926203124998
4 0.6017505531249999 0.8082192328125 0.5872168176779045 0.7616477562600374 0.5727328051898588 0.7661678363884086 0.5872665406369544 0.8127393129408711
4 0.516528525 0.24366692031250006 0.4577273734375001 0.21735498750000004 0.4520230667805028 0.23010280814424117 0.5108242183430027 0.25641474095674116
2 0.5845067717978523 0.7197688734708072 0.38865057736035646 0.6078879462727327 0.2359756656250002 0.8751571578125003 0.4318318600624959 0.9870380850105747
2 0.6479402703125002 0.7321386843750001 0.4956118780695776 0.6999041632847705 0.43721485000000004 0.9758668609375001 0.5895432422429226 1.0081013820277298