1 0.7375 0.5984375000000001 0.33281250000000007 0.5984375 0.33281250000000007 0.984375 0.7375000000000002 0.984375
3 0.23593750000000008 0.475 0.19375000000000003 0.475 0.19375000000000003 0.509375 0.23593750000000008 0.509375
3 0.203125 0.209375 0.16562500000000005 0.209375 0.16562500000000005 0.240625 0.203125 0.240625
3 0.24218750000000006 0.3515625 0.2078125 0.3515625 0.20781250000000004 0.375 0.24218750000000008 0.375
3 0.11562500000000005 0.40625 0.07031250000000004 0.40625 0.07031250000000004 0.440625 0.11562500000000005 0.440625
3 0.5937500000000002 0.7609375 0.5609375000000002 0.7609375 0.5609375000000002 0.7875 0.5937500000000002 0.7875
3 0.5875000000000001 0.8890625 0.5515625000000002 0.8890625 0.5515625000000002 0.915625 0.5875000000000001 0.915625
3 0.47187500000000016 0.859375 0.4421875000000002 0.859375 0.4421875000000002 0.8875 0.47187500000000016 0.8875
3 0.5312500000000002 0.753125 0.5031250000000002 0.753125 0.5031250000000002 0.7796875 0.5312500000000002 0.7796875
3 0.5515625000000001 0.70625 0.5203125 0.70625 0.5203125000000001 0.7296875 0.5515625000000002 0.7296875
4 0.4085883265625 0.34077859374999997 0.3670812594493387 0.2923307707098004 0.35070650625000005 0.30635963593750004 0.39221357336316137 0.3548074589776996
4 0.44642761249999996 0.3619018546875 0.42629770040683923 0.35729332149249976 0.4140179050943392 0.4109310386799998 0.4341478171875 0.415539571875
4 0.3565375437500001 0.2970878812500001 0.27956898837665645 0.26927039469060254 0.272262478125 0.2894868703125001 0.3492310334983436 0.31730435687189756
4 0.17585966562500002 0.3900053687499999 0.1732354875 0.37512290937500004 0.08797904321522285 0.3901559150409331 0.09060322134022283 0.405038374415933
4 0.15944060937500004 0.4976588484375002 0.10172264857020026 0.43540219112497275 0.0824818638961005 0.4532402650533302 0.14019982470090028 0.5154969223658576
4 0.3767468872661312 0.3860079385278307 0.37665425937499997 0.3714788359375 0.31490747683456993 0.3718724923395594 0.31500010472570117 0.3864015949298901
4 0.37646993125000006 0.3865411515625 0.31363329579701443 0.38456905314392015 0.3132138746369803 0.39793299800895965 0.37605051008996593 0.3999050964275396
4 0.6470865635909104 0.8309598694675797 0.6381188937500001 0.7790558109374999 0.6233115683395608 0.7816141312166509 0.6322792381804712 0.8335181897467308
4 0.6369085984375 0.8125919937500002 0.6266364599687521 0.8095166382631607 0.6109228537187521 0.8620023882631604 0.6211949921875001 0.86507774375
4 0.6262206140625001 0.8183430875000003 0.6112673401184611 0.8143899812801709 0.5970523823059612 0.8681603953426705 0.6120056562500003 0.8721135015625
4 0.6030814671875002 0.7939165343750001 0.5777756194099699 0.789842272481863 0.5689444084724699 0.8446942396693633 0.5942502562500002 0.8487685015625003
4 0.4825982051511694 0.9006853590954833 0.4774118218750001 0.8459031078124999 0.45367854243394135 0.8481500012989676 0.4588649257101108 0.902932252581951
4 0.5842326109375001 0.7264059125000001 0.570202575186101 0.7203109404785011 0.547048042373601 0.7736104342285008 0.5610780781250002 0.7797054062500001
0 0.5181913125000001 0.2809148515625 0.4912293191492836 0.21229055554064233 0.4630425410242835 0.22336493835314233 0.49000453437499997 0.291989234375
0 0.51205675625 0.2916242484375001 0.42690181093750007 0.27455280625000006 0.422193858936629 0.29803678556263224 0.507348804249129 0.3151082277501323
0 0.44021883281249996 0.22546534375000005 0.3816683942397523 0.16244390887523993 0.3564112578125 0.1859092015625 0.4149616963852477 0.2489306364372601
0 0.41277225845063825 0.11492232813534844 0.3749313421875 0.03720508281250001 0.3469791457773879 0.05081514733977264 0.3848200620405261 0.12853239266262106
0 0.47620891093749995 0.24416135781250006 0.446733538676496 0.17306254887668085 0.4216568914886875 0.18345855300082498 0.4511322637496914 0.25455736193664424
0 0.3867454359375001 0.08145468906250004 0.28717522059134637 0.08134315068860662 0.2871428467152139 0.11024328349112245 0.38671306206136763 0.11035482186501588
0 0.3761830490633928 0.2169235378893541 0.335841440625 0.13856827187499998 0.306604541559937 0.1536210385112528 0.34694614999832973 0.23197630452560697
0 0.36291460337155546 0.22990891911968037 0.318801589040664 0.15198131752863112 0.2871594796875 0.16989318437500003 0.33127249401839143 0.24782078596604934
0 0.24019339062500006 0.2240301859375001 0.1419962815057091 0.1659081444287646 0.12576505937500002 0.19333077187500006 0.22396216849429096 0.2514528133837356
0 0.20843747812500008 0.49438787656249994 0.11521854669375076 0.4325733003442336 0.09295034590164546 0.46615466593358706 0.18616927733289476 0.5279692421518535
0 0.6335768789174372 0.6689059989903322 0.5541456214342546 0.6674731406544915 0.5537270985735451 0.6906741761512185 0.6331583560567277 0.6921070344870592
0 0.604966184375 0.7438048374999999 0.5851218844539483 0.6815033519525235 0.56038434375 0.689382765625 0.5802286436710518 0.7516842511724764
0 0.68090065625 0.6844953968750002 0.6565225579498801 0.6751799012273002 0.6307856415317442 0.7425318814236739 0.6551637398318639 0.7518473770713738
0 0.6522714156250001 0.7381385656250001 0.6272411349165365 0.7375360500541325 0.6256019567915365 0.8056323625541323 0.6506322375000001 0.8062348781249999