1 0.98125 0.23906250000000004 0.3453125 0.2390625 0.3453125 0.7484375000000001 0.98125 0.7484375000000002
3 0.71875 0.578125 0.6671875 0.578125 0.6671875 0.61875 0.71875 0.61875
3 0.784375 0.5359375000000002 0.7390625 0.5359375000000002 0.7390625 0.5687500000000002 0.784375 0.5687500000000002
3 0.665625 0.4046875 0.6203125 0.4046875 0.6203125 0.4375 0.665625 0.4375
3 0.5484375 0.4859375 0.503125 0.4859375 0.503125 0.5171875 0.5484375 0.5171875
3 0.54375 0.5859375 0.4984375 0.5859375 0.4984375 0.61875 0.54375 0.61875
3 0.6 0.5609375 0.5640625 0.5609375 0.5640625 0.590625 0.6 0.590625
4 0.8890240839259999 0.4783055034475791 0.7856660517898105 0.44304421850435427 0.7750582442440608 0.474137870223895 0.8784162763802502 0.5093991551671199
4 0.7330922424514191 0.4980447021098298 0.654764990499152 0.44757125774225254 0.642619680101978 0.4664189666600341 0.7209469320542451 0.5168924110276113
4 0.6157442688868758 0.5987652674554983 0.6121461687048888 0.530109485857977 0.5892609078261105 0.5313088526034533 0.5928590080080975 0.5999646342009746
0 0.7480253688547056 0.44110673734951134 0.7443754628755114 0.41808555837775463 0.6119565643904581 0.439079988329924 0.6156064703696522 0.4621011673016807
0 0.561727779745245 0.5943533994301926 0.5074033195856148 0.5068824981282042 0.47929669862947444 0.5243383261535977 0.5336211587891047 0.6118092274555862
0 0.5295584250117717 0.3793293196868833 0.5162268643926576 0.3558281653115748 0.4197910969943579 0.4105335324773671 0.433122657613472 0.43403468685267566
0 0.5322936178501942 0.3248536626852784 0.512311169461759 0.3008274284148485 0.4326397185548888 0.367089608241242 0.452622166943324 0.3911158425116719
0 0.4487185 0.49624277968749997 0.43103923684211926 0.40825771587257187 0.398575303482675 0.4147808505515302 0.4162545666405557 0.5027659143664583
4 0.42166865468749987 0.4987055843750001 0.4065927466899441 0.42877283284332207 0.38765167861984173 0.43285609559712573 0.4027275866173975 0.5027888471288038
4 0.5119973738818544 0.3635658577513089 0.5029253589270606 0.348547279275002 0.4359578744370179 0.38899917835033876 0.44502988939181165 0.4040177568266457