1 0.9625 0.25468750000000007 0.346875 0.2546875 0.34687500000000004 0.7453125 0.9625 0.7453125000000002
4 0.75 0.4171875000000001 0.65 0.4171875 0.65 0.4437500000000001 0.75 0.4437500000000002
4 0.43125 0.5171875 0.3937500000000001 0.5171875 0.3937500000000001 0.5796875 0.43125 0.5796875
3 0.46875 0.3750000000000001 0.4359375 0.3750000000000001 0.4359375 0.403125 0.46875 0.403125
0 0.56875 0.525 0.45625 0.525 0.45625 0.55625 0.56875 0.55625
3 0.4375 0.5546875 0.4078125 0.5546875 0.4078125 0.584375 0.4375 0.584375
3 0.6671875 0.515625 0.6234375 0.515625 0.6234375 0.546875 0.6671875 0.546875
3 0.6765625 0.490625 0.64375 0.490625 0.64375 0.515625 0.6765625 0.515625
3 0.725 0.3703125000000001 0.6796875 0.3703125000000001 0.6796875 0.403125 0.725 0.403125
3 0.64375 0.4859375 0.60625 0.4859375 0.60625 0.5140625 0.64375 0.5140625
0 0.54338125 0.67695 0.4563536358928026 0.608250662149912 0.4395221924982411 0.6295725614061383 0.5265498066054385 0.6982718992562265
0 0.5451916671875001 0.5555234375000001 0.524560485680263 0.5330468776642979 0.4406459013052631 0.6100718776642979 0.46127708281250007 0.6325484375000001
0 0.6206541671875 0.5224484375000001 0.5910729171875 0.49617031250000004 0.5261900962089285 0.5692088168861524 0.5557713462089285 0.5954869418861525
0 0.514157550700785 0.40684266196350655 0.45041041718749997 0.3371375000000002 0.42739609517099886 0.3581846795341604 0.4911432286842839 0.42788984149766673
4 0.6850416671874999 0.44119062500000006 0.6712220405378428 0.4229684198416601 0.5983291671875001 0.47825000000000006 0.6121487938371573 0.49647220515834
4 0.8298354171875 0.5044421874999999 0.8105291671874999 0.47825000000000006 0.7309132623425183 0.53693484878987 0.7502195123425184 0.5631270362898699
4 0.6547780312708522 0.6102943130600504 0.6457701707844699 0.5892403829866897 0.5580666671875 0.6267640625 0.5670745276738823 0.6478179925733607