1 0.765625 5.836207402186606e-17 0.1875 2.2962127484012874e-17 0.18750000000000006 0.6828125 0.765625 0.6828125000000002
4 0.5802505623480358 0.32128065624695906 0.5653657461207914 0.2964370583599768 0.4939416197102554 0.33923017555051793 0.5088264359375 0.36407377343750014
4 0.3799699700249128 0.5123595635048513 0.3112773508106129 0.4711032073385984 0.2993712151607001 0.49092715008374715 0.368063834375 0.53218350625
4 0.390161029102153 0.5455972994353128 0.3337727954711508 0.49238499734009294 0.3181379669646338 0.508952977447936 0.374526200595636 0.5621652795431558
4 0.44500505035248333 0.4152553391947511 0.42641439720746216 0.40133455762393144 0.3768659044042041 0.46750460984964926 0.39545655754922526 0.481425391420469
4 0.6895404359375 0.4507059265625001 0.6705753663730083 0.4502760454651466 0.6688082004705882 0.5282381249278646 0.6877732700350798 0.528668006025218
4 0.6341859530602459 0.5215560135552527 0.6292235468750002 0.5035837687500001 0.5619110266272541 0.5221697645697474 0.5668734328125 0.540142009375
4 0.44231663287454 0.43290404907840746 0.4253492424491342 0.4212948045188612 0.3791991778594757 0.48874503007264475 0.3961665682848815 0.5003542746321911
0 0.47490551697945554 0.41345327837698864 0.44742612876075266 0.3992870985526301 0.39379542330920864 0.5033193072227344 0.4212748115279116 0.5174854870470929
0 0.5093036468750001 0.567108275 0.5003344468750001 0.5299532906250001 0.4037508323844591 0.5532685407767789 0.41272003238445903 0.5904235251517789
0 0.5543931764812631 0.4112311782431492 0.5265682984375001 0.40011575781250014 0.48689165008123714 0.499437048319351 0.514716528125 0.51055246875
0 0.586917688385647 0.3404551155907981 0.5645414007135642 0.3094522740761668 0.4706284123279172 0.3772339334853688 0.4930047 0.4082367750000001
0 0.48948190683395987 0.5838567416703068 0.3955132024088349 0.5685879833679158 0.38923053151237497 0.607253501072609 0.48319923593749997 0.622522259375
3 0.621875 0.528125 0.5890625 0.528125 0.5890625 0.5625 0.621875 0.5625
3 0.5828125 0.4984375 0.55 0.4984375 0.55 0.5359375 0.5828125 0.5359375
3 0.4984375 0.4203125 0.4640625 0.4203125 0.4640625 0.459375 0.4984375 0.459375
3 0.496875 0.3890625000000001 0.4578125 0.3890625000000001 0.4578125 0.428125 0.496875 0.428125
3 0.5796875 0.3656250000000001 0.55 0.3656250000000001 0.55 0.40625 0.5796875 0.40625
3 0.640625 0.3468750000000001 0.6 0.3468750000000001 0.6 0.39531250000000007 0.640625 0.39531250000000007