1 0.6718750000000001 0.23125000000000004 2.8319957230282545e-17 0.23125 6.305017504985202e-17 0.7984375 0.6718750000000002 0.7984375
4 0.5546875 0.5953125 0.4734375 0.5953125 0.4734375 0.6359375 0.5546875 0.6359375
4 0.30156250000000007 0.4734375 0.2296875000000001 0.4734375 0.2296875000000001 0.559375 0.30156250000000007 0.559375
0 0.5875 0.37187500000000007 0.528125 0.37187500000000007 0.528125 0.46875 0.5875 0.46875
4 0.5078125 0.2984375000000001 0.434375 0.2984375000000001 0.434375 0.37187500000000007 0.5078125 0.37187500000000007
3 0.2078125000000001 0.503125 0.15312500000000004 0.503125 0.15312500000000007 0.5453125 0.2078125000000001 0.5453125
3 0.5828125 0.5296875 0.5484375 0.5296875 0.5484375 0.5625 0.5828125 0.5625
4 0.3687500000000001 0.46875 0.2750000000000001 0.46875 0.2750000000000001 0.5078125 0.3687500000000001 0.5078125
3 0.3687500000000001 0.4890625 0.3218750000000001 0.4890625 0.3218750000000001 0.525 0.3687500000000001 0.525
4 0.4765625 0.30937500000000007 0.4171875 0.30937500000000007 0.4171875 0.3906250000000001 0.4765625 0.3906250000000001
0 0.5796875 0.5234375 0.534375 0.5234375 0.534375 0.625 0.5796875 0.625
3 0.3625000000000001 0.6 0.3125000000000001 0.6 0.3125000000000001 0.6390625 0.3625000000000001 0.6390625
3 0.4390625 0.403125 0.3906250000000001 0.403125 0.3906250000000001 0.4375 0.4390625 0.4375
4 0.465625 0.425 0.3828125000000001 0.425 0.3828125000000001 0.48125 0.465625 0.48125
0 0.5578125 0.503125 0.509375 0.503125 0.509375 0.603125 0.5578125 0.603125
0 0.4703125 0.496875 0.3359375000000001 0.496875 0.3359375000000001 0.5359375 0.4703125 0.5359375
4 0.4309371890625 0.5363768500000001 0.4260993446771334 0.5176132231330672 0.33210273125 0.5418484625 0.33694057563536656 0.5606120893669329
3 0.5761842194664247 0.5219558687258721 0.5680090034056768 0.4929467579412714 0.5369167828124999 0.5017090265625 0.5450919988732477 0.5307181373471007
0 0.46160307187500005 0.5478800484375002 0.4493585022388834 0.5167239086608619 0.3264400125 0.5650316906249999 0.33868458213611663 0.5961878304016381