1 0.7625 0.021875000000000065 0.25625 0.021875000000000033 0.25625000000000003 0.6640625000000001 0.7625 0.6640625000000002
3 0.5083500102338496 0.5647361553063924 0.47346412812500016 0.5580887453125001 0.4674418554519926 0.5896938809504283 0.5023277375608421 0.5963412909443206
3 0.5338274450423967 0.5189475255104306 0.529994917907811 0.48817620492920427 0.49980742105582826 0.49193601759324157 0.503639948190414 0.5227073381744678
3 0.48523477350064576 0.46225500869257674 0.462862265640865 0.4239987812438861 0.43261843741340744 0.44168558231793753 0.4549909452731882 0.47994180976662815
3 0.5049471748931899 0.3906611497395941 0.4740198279132513 0.38810654020159185 0.47015370107361765 0.4349117542505872 0.5010810480535561 0.4374663637885895
3 0.3914325697601269 0.3780810001134298 0.39112719482301717 0.3369436600645741 0.35832707529726476 0.3371871452881076 0.3586324502343745 0.37832448533696333
3 0.45653402705947227 0.2984646555626562 0.4504456808985477 0.25484361987008136 0.415365061742635 0.25973994911971243 0.42145340790355945 0.30336098481228724
0 0.634245886247381 0.5656237099663921 0.6320361551325784 0.5241673839544876 0.5345743671310996 0.5293623533637235 0.5367840982459022 0.570818679375628
0 0.5747146645500825 0.6058915590516479 0.5128672964651543 0.5203843500979983 0.4839857638463956 0.5412743639411293 0.5458331319313239 0.6267815728947788
4 0.6700889519119344 0.43876281347959106 0.6544171426397302 0.43496571213620905 0.6341810034144156 0.5184865048845084 0.6498528126866199 0.5222836062278905
4 0.6091592492789678 0.4230387658454172 0.5896047528903742 0.3296523019359511 0.5752554443038296 0.33265695048123095 0.5948099406924232 0.4260434143906971
4 0.5801589656790013 0.32940702265511784 0.5642225405573106 0.3272706089479965 0.5519651923404671 0.4187034205785755 0.5679016174621578 0.4208398342856968
4 0.5686429413064878 0.24762929486950863 0.5493758026433194 0.2413116928273445 0.518900552752622 0.3342537397495716 0.5381676914157905 0.34057134179173576
0 0.5781567111531499 0.48869763057402943 0.5761560714595395 0.4544186596349788 0.48348227183749026 0.45982742416327305 0.4854829115311007 0.4941063951023237
0 0.45213034002455005 0.5723484128010783 0.38817894695835087 0.48651998261731916 0.36659618450731235 0.5026014572756072 0.4305475775735115 0.5884298874593663
4 0.39651442932789405 0.4592584887425149 0.3880948951567308 0.4380920588616057 0.32290249615208594 0.46402414255299773 0.3313220303232492 0.4851905724339069
0 0.4623458932977642 0.38844860895581573 0.3894330151685673 0.289696588484739 0.3648193838370667 0.30786989464120706 0.43773226196626364 0.4066219151122838