1 0.98125 0.24687500000000004 0.3546875 0.246875 0.35468750000000004 0.7515625000000001 0.98125 0.7515625000000001
4 0.4765625 0.6125 0.4515625 0.6125 0.4515625 0.678125 0.4765625 0.678125
3 0.56875 0.6625 0.528125 0.6625 0.528125 0.69375 0.56875 0.69375
3 0.6390625 0.3500000000000001 0.5984375 0.3500000000000001 0.5984375 0.3843750000000001 0.6390625 0.3843750000000001
3 0.5203125 0.4828125 0.4765625 0.4828125 0.4765625 0.509375 0.5203125 0.509375
3 0.678125 0.6046875 0.6328125 0.6046875 0.6328125 0.6375 0.678125 0.6375
3 0.521875 0.5765625 0.484375 0.5765625 0.484375 0.6046875 0.521875 0.6046875
3 0.6203125 0.5703125 0.5765625 0.5703125 0.5765625 0.6 0.6203125 0.6
4 0.5253686342907845 0.3496541434445337 0.5134818720693405 0.3324581533281382 0.4475308 0.3780469625 0.4594175622214441 0.3952429526163955
4 0.6653431562579413 0.5439225799349447 0.591780844296433 0.4877475840966679 0.5771218078125 0.5069438937500002 0.6506841197740083 0.563118889588277
4 0.7278799281250001 0.48702351406250005 0.7076098170819582 0.4656831171482299 0.6449134331514974 0.5252350865597176 0.6651835441945393 0.5465754834739878
4 0.768988346875 0.4360472531250002 0.7591090301269918 0.4157302871746113 0.6681472984375 0.4599612890624999 0.6780266151855081 0.4802782550128888
0 0.48500484761084606 0.4638757254318725 0.3938991412838579 0.39887227897332683 0.37500454687499996 0.425354034375 0.4661102532019881 0.4903574808335457
0 0.51545576875 0.3957116687500001 0.5038434034026984 0.36558178423634297 0.40436545609583696 0.4039216015563619 0.4159778214431384 0.4340514860700191
0 0.6566825328125001 0.38586085312500007 0.5317820891678109 0.34961906374160023 0.5226494984375 0.38109280312500005 0.6475499420821892 0.4173345925083999
0 0.6364698078125001 0.616921409375 0.5257271614331464 0.5668644595228034 0.5148811328125 0.5908594875000001 0.6256237791918537 0.6409164373521967
0 0.5177661062500001 0.531582059375 0.41104740790906186 0.5088383946431642 0.4053615484375001 0.5355178031250001 0.5120802467784383 0.5582614678568358