1 0.6562500000000001 0.24218750000000006 0.01718750000000003 0.2421875 0.01718750000000006 0.7609375 0.6562500000000002 0.7609375
3 0.5578125 0.5890625 0.5140625 0.5890625 0.5140625 0.625 0.5578125 0.625
3 0.5140625 0.446875 0.4703125 0.446875 0.4703125 0.4828125 0.5140625 0.4828125
3 0.4625 0.3843750000000001 0.4203125 0.3843750000000001 0.4203125 0.4234375 0.4625 0.4234375
3 0.27812500000000007 0.4609375 0.2312500000000001 0.4609375 0.2312500000000001 0.496875 0.27812500000000007 0.496875
3 0.27812500000000007 0.4203125 0.2328125000000001 0.4203125 0.2328125000000001 0.45625 0.27812500000000007 0.45625
3 0.3140625000000001 0.415625 0.2750000000000001 0.415625 0.2750000000000001 0.4484375 0.3140625000000001 0.4484375
4 0.2609375000000001 0.4875 0.14687500000000003 0.4875 0.14687500000000003 0.5203125 0.2609375000000001 0.5203125
4 0.5265625 0.4578125 0.503125 0.4578125 0.503125 0.5328125 0.5265625 0.5328125
4 0.5390625 0.5265625 0.490625 0.5265625 0.490625 0.6 0.5390625 0.6
4 0.565140575 0.58289105625 0.5405704968872123 0.5077963720506503 0.518264669613828 0.5150945706424774 0.5428347477266158 0.5901892548418272
0 0.5828125 0.4453125 0.5359375 0.4453125 0.5359375 0.55 0.5828125 0.55
0 0.4126833729502463 0.624161016449917 0.2836662926318184 0.5593922189897359 0.2634522825470513 0.5996577892169312 0.3924693628654792 0.6644265866771123
0 0.4373052140625001 0.49553270000000005 0.31058385753443085 0.4718190959016141 0.3045340796875001 0.5041480515625001 0.43125543621556933 0.5278616556608859
0 0.4355207703125 0.46586485 0.36385964687500005 0.3652416796875001 0.33047231496296325 0.38901924211141065 0.40213343840046323 0.4896424124239105
0 0.480254378125 0.44980374687499997 0.40708826852228286 0.35382272122657105 0.37389367343749996 0.3791268828125 0.4470597830402171 0.47510790846092893
4 0.5002136937499999 0.5388311125000002 0.4169989785033521 0.505438523230944 0.4080897005606987 0.5276405459934661 0.4913044158073466 0.5610331352625224
4 0.5759890046875 0.42290345 0.5410687999210142 0.35469473732996304 0.5209872601892892 0.3649757036758682 0.5559074649557749 0.4331844163459051
4 0.3629341281249999 0.38237293906250003 0.35331072503466254 0.3630367175700914 0.27499935781249996 0.40201133593750005 0.28462276090283734 0.42134755742990865