1 0.64375 0.25312500000000004 0.015625000000000035 0.253125 0.015625000000000062 0.740625 0.6437500000000002 0.740625
4 0.3578125000000001 0.5296875 0.2609375000000001 0.5296875 0.2609375000000001 0.5546875 0.3578125000000001 0.5546875
3 0.4234375 0.4359375 0.3765625000000001 0.4359375 0.3765625000000001 0.4671875 0.4234375 0.4671875
4 0.5375 0.3843750000000001 0.496875 0.3843750000000001 0.496875 0.45625 0.5375 0.45625
3 0.409375 0.5875 0.3625000000000001 0.5875 0.3625000000000001 0.621875 0.409375 0.621875
0 0.428125 0.48125 0.2968750000000001 0.48125 0.2968750000000001 0.515625 0.428125 0.515625
3 0.32500000000000007 0.409375 0.27812500000000007 0.409375 0.27812500000000007 0.44375 0.32500000000000007 0.44375
3 0.3656250000000001 0.403125 0.3218750000000001 0.403125 0.3218750000000001 0.434375 0.3656250000000001 0.434375
3 0.5390625 0.6265625 0.5 0.6265625 0.5 0.6546875 0.5390625 0.6546875
0 0.528125 0.51875 0.4890625 0.51875 0.4890625 0.6078125 0.528125 0.6078125
3 0.5663806903664066 0.56353587712611 0.5654096686236414 0.5372886231345158 0.5360123110697348 0.5383761835084058 0.5369833328125 0.5646234375
4 0.5354073831992318 0.4433161808835043 0.5035021592243234 0.4403636266497807 0.49666041718750015 0.5142953125 0.5285656411624086 0.5172478667337237
0 0.4886125 0.334484375 0.4799904567136086 0.30649771427734934 0.3458112895261086 0.34783521427734937 0.35443333281250006 0.375821875
0 0.556475 0.4053250000000001 0.5068879028666908 0.31643681545720537 0.4705395828124999 0.3367140625 0.5201266799458091 0.4256022470427948
4 0.2759145828125001 0.4313984375000001 0.263900856005871 0.4053454702557331 0.15831556355188675 0.45403370013938754 0.1703292903585158 0.4800866673836546
4 0.30907708281249996 0.4931484375000001 0.30037910769797926 0.4694373070879004 0.1963444822357547 0.5076004215236909 0.20504245735027546 0.5313115519357907
4 0.6006770828125 0.4982953125000001 0.5262151055046446 0.4614333709130496 0.5169148384868462 0.4802201260817318 0.5913768157947016 0.5170820676686823
4 0.56126707745037 0.6019881342794478 0.5381916671875 0.5404906250000001 0.5157983376741963 0.5488931647406431 0.5388737479370663 0.6103906740200907
0 0.6098270828124999 0.4880031249999999 0.5720630036672247 0.3966312598527357 0.5363237665715669 0.41140232068307914 0.5740878457168421 0.5027741858303434