1 0.60390625 0.54140625 0.034375 0.0421875
1 0.46484375 0.48984375 0.034375 0.0421875
1 0.40703125 0.4359375 0.0375 0.040625
1 0.49140625 0.25390625 0.0359375 0.0453125
1 0.4515625 0.25234375 0.034375 0.04375
1 0.44296875 0.29140625 0.03125 0.0375
2 0.3890625 0.546875 0.0734375 0.0515625
2 0.51953125 0.20390625 0.0296875 0.1125
2 0.40390625 0.3109375 0.0484375 0.0796875
2 0.53984375 0.45703125 0.0453125 0.0859375
2 0.49453125 0.5140625 0.075 0.021875
2 0.5625 0.5171875 0.071875 0.046875
2 0.5793682625 0.5693894859374999 0.5812420984375 0.5589080921875 0.52437589375 0.5229914203125 0.5119465859375001 0.524651834375 0.5124621734375 0.543549128125 0.5793682625 0.5693894859374999
0 0.49375 0.559375 0.103125 0.0453125
0 0.6233428546875001 0.40739060781249997 0.6483683671875 0.4106236890625 0.6585625187499999 0.3755045859375 0.5900816640625 0.2785509140625 0.5740160515625 0.2947938375 0.6233428546875001 0.40739060781249997
0 0.482619575 0.315729021875 0.4988200140625 0.437157334375 0.5223324453125 0.43020412500000005 0.5143722625 0.30501905156250003 0.482619575 0.315729021875
0 0.46928621406250004 0.433822640625 0.4810278375 0.3908043421875 0.382031921875 0.346642815625 0.372551396875 0.3569935171875 0.46928621406250004 0.433822640625
0 0.45090594531250006 0.4776543703125 0.4778102296875 0.4459503359375 0.38589242968750004 0.3677404875 0.38000181875 0.3822815640625 0.45090594531250006 0.4776543703125