1 0.3953125 0.46015625 0.03359375 0.0421875
1 0.53515625 0.509375 0.03359375 0.0421875
1 0.59375 0.5625 0.03828125 0.03984375
1 0.51328125 0.74609375 0.034375 0.0453125
1 0.553125 0.746875 0.03359375 0.04296875
1 0.5609375 0.7078125 0.03203125 0.03828125
2 0.61015625 0.4515625 0.07109375 0.05078125
2 0.4859375 0.79609375 0.02734375 0.11328125
2 0.59921875 0.6875 0.046875 0.07890625
2 0.4609375 0.54375 0.04453125 0.0859375
2 0.50546875 0.4859375 0.075 0.0203125
2 0.4375 0.48359375 0.07109375 0.0453125
2 0.487625 0.47556041718750003 0.4867796875 0.456675 0.41943281250000003 0.43200625 0.41774218750000003 0.44251874999999996 0.47522656249999995 0.4774375 0.487625 0.47556041718750003
0 0.50546875 0.440625 0.10234375 0.04453125
0 0.41379687499999995 0.7229875 0.4295765625 0.7064666671875 0.3782921875 0.5947479171875 0.3532140625 0.5919520828125 0.343634375 0.62724375 0.41379687499999995 0.7229875
0 0.52059375 0.6839395828125 0.5022765625 0.5628124999999999 0.47888906249999996 0.570175 0.48903281249999997 0.6952020828125 0.52059375 0.6839395828125
0 0.5318640625 0.56563125 0.520875 0.6088479171875 0.6206265625 0.6512749999999999 0.629925 0.6407604171875 0.5318640625 0.56563125
0 0.5494765625 0.5214854171875001 0.5231296875 0.5536541671874999 0.6163984375 0.6302479171875001 0.6220343749999999 0.61560625 0.5494765625 0.5214854171875001