0 0.5125 0.6328125 0.08125 0.0921875
2 0.7875 0.50234375 0.1046875 0.0765625
0 0.43984375 0.56328125 0.0578125 0.103125
2 0.6796875 0.42265625 0.1 0.04375
1 0.60703125 0.528125 0.0515625 0.0390625
2 0.7375 0.45234375 0.103125 0.0625
2 0.49921875 0.58125 0.053125 0.078125
1 0.59296875 0.375 0.053125 0.0421875
0 0.63515625 0.475 0.1359375 0.059375
0 0.61015625 0.63828125 0.1234375 0.071875
1 0.70859375 0.534375 0.053125 0.0421875
2 0.44921875 0.43671875 0.0453125 0.0640625
1 0.66875 0.55078125 0.0484375 0.0390625
1 0.45390625 0.365625 0.04375 0.034375
0 0.4796875 0.440625 0.0546875 0.0953125
2 0.4453125 0.525 0.0734375 0.0609375
1 0.455525709375 0.46962011875 0.451365421875 0.44362062968749993 0.422916896875 0.4511608359375 0.427623696875 0.4713572390625 0.455525709375 0.46962011875
2 0.49813385156249995 0.5601900640624999 0.5005505515625 0.4853301109375 0.46876602187499994 0.4894980234375 0.47549057812499995 0.556717109375 0.49813385156249995 0.5601900640624999