0 0.3671875 0.48671875 0.08046875 0.0671875
2 0.44296875 0.78203125 0.06015625 0.0953125
0 0.44921875 0.42890625 0.09609375 0.04140625
2 0.54140625 0.69140625 0.02421875 0.096875
1 0.4515625 0.6 0.03203125 0.04765625
2 0.5015625 0.7421875 0.0453125 0.09609375
2 0.4203125 0.48359375 0.071875 0.040625
1 0.6046875 0.61484375 0.03515625 0.04609375
0 0.4984375 0.6375 0.034375 0.13125
0 0.34296875 0.58203125 0.05078125 0.11640625
1 0.4265625 0.6984375 0.034375 0.04765625
2 0.571875 0.4625 0.059375 0.03359375
1 0.41796875 0.65625 0.03203125 0.04296875
1 0.640625 0.48046875 0.02890625 0.0390625
0 0.5625 0.49140625 0.0890625 0.0390625
2 0.4859375 0.44140625 0.05 0.06640625
1 0.56265 0.4336520828125 0.5419265625 0.43441875 0.5383078125 0.4621395828125 0.5646234375 0.4630166671875 0.56265 0.4336520828125
2 0.5162687499999999 0.47134375000000006 0.4490015625 0.46511874999999997 0.441271875 0.4866833328125 0.5142953125 0.5033395828125 0.5162687499999999 0.47134375000000006