2 0.58828125 0.634375 0.0875 0.0515625
0 0.46953125 0.64453125 0.103125 0.090625
2 0.78203125 0.5609375 0.0921875 0.0765625
0 0.48125 0.5859375 0.1046875 0.084375
2 0.7078125 0.45859375 0.103125 0.040625
2 0.40625 0.5359375 0.0453125 0.0671875
2 0.646875 0.48359375 0.0890625 0.0671875
1 0.46796875 0.3828125 0.0359375 0.0328125
0 0.57109375 0.55390625 0.0921875 0.0890625
0 0.48671875 0.37421875 0.084375 0.084375
0 0.50703125 0.54140625 0.115625 0.046875
1 0.41328125 0.55703125 0.0328125 0.0328125
1 0.63984375 0.55078125 0.0484375 0.0375
1 0.65859375 0.525 0.0359375 0.0296875
1 0.71640625 0.415625 0.05 0.0390625
1 0.6234375 0.51640625 0.040625 0.0328125