2 0.384375 0.515625 0.0421875 0.08125
2 0.48046875 0.26640625 0.0859375 0.0734375
0 0.58125 0.55546875 0.0984375 0.0609375
2 0.66484375 0.4671875 0.0734375 0.0734375
1 0.47109375 0.1796875 0.0421875 0.0546875
1 0.4546875 0.56640625 0.034375 0.034375
2 0.509375 0.321875 0.040625 0.09375
1 0.48984375 0.3453125 0.0375 0.0484375
2 0.65 0.44375 0.08125 0.059375
0 0.4265625 0.55859375 0.1015625 0.046875
1 0.378125 0.33984375 0.040625 0.0515625
1 0.5796875 0.41328125 0.0359375 0.0484375
2 0.5453125 0.4234375 0.0578125 0.084375
0 0.446875 0.53359375 0.1015625 0.05
0 0.4828125 0.403125 0.0421875 0.134375
2 0.462423378125 0.43158257187500004 0.47290636093750005 0.4269661953125 0.4552277 0.332858659375 0.43696059218750005 0.3395031125 0.462423378125 0.43158257187500004
1 0.479010109375 0.5753356390625 0.5040184671875 0.5691449015625001 0.4989355203125 0.5369409875 0.470130021875 0.545809159375 0.479010109375 0.5753356390625
0 0.4042327671875 0.348181990625 0.451457125 0.46244454218750003 0.4699263359375 0.4453599421875 0.431949175 0.32760140625 0.4042327671875 0.348181990625