1 0.70234375 0.4265625 0.05625 0.0453125
1 0.76484375 0.48125 0.0484375 0.0390625
1 0.63125 0.5953125 0.0484375 0.0390625
1 0.52578125 0.50234375 0.0484375 0.0375
1 0.5328125 0.40078125 0.0484375 0.0390625
1 0.590625 0.4359375 0.0390625 0.034375
2 0.8756843999999999 0.5474388640625001 0.856257815625 0.5410813890624999 0.8492096171875 0.554335403125 0.7748906156250001 0.580935725 0.7762283984375 0.5895933062500001 0.78217598125 0.5901755640624999 0.8564608874999999 0.5644164765624999 0.8779676453124999 0.57009834375 0.8821423906250001 0.5625587375000001 0.8756843999999999 0.5474388640625001
2 0.6622688343750001 0.5635176640624999 0.66540581875 0.5577243828125 0.6930105906249999 0.545139203125 0.717749703125 0.53680854375 0.7270417375 0.5321005640625 0.7299073953125 0.52784604375 0.7263466796875 0.5240449859375 0.7199203062499999 0.524498446875 0.676597128125 0.5422450671875 0.643922609375 0.547589896875 0.6402429749999999 0.5564607015624999 0.6473644046875 0.56406281875 0.65762281875 0.565871653125 0.6622688343750001 0.5635176640624999
2 0.624594975 0.41725358593750006 0.6228146171875 0.41535305781250004 0.61665956875 0.41426775625 0.6143365609375 0.4154447515625 0.6079436734375 0.439703178125 0.6056206656249999 0.4408801734375 0.592682484375 0.478263925 0.5965145265625 0.48052622031250003 0.6129279875 0.4834203578125 0.615250996875 0.48224336250000005 0.617618115625 0.45682131562499995 0.624594975 0.41725358593750006
0 0.736976878125 0.59572995625 0.7377908546875 0.5911136703125 0.7342301390625 0.5873126109375 0.6194548203125 0.55438179375 0.6107054390625 0.55601225 0.60811110625 0.55872800625 0.6062118296875 0.5694993421875 0.60950121875 0.5748391625 0.6153849421875 0.577463225 0.6895168484374999 0.5889480765624999 0.69129720625 0.59084860625 0.7300078546875 0.5992609421874999 0.736976878125 0.59572995625
0 0.5006615703125 0.4842506125 0.5129716671875 0.4864212140625 0.515294675 0.48524421875 0.53794861875 0.4527468265625 0.5667576109375 0.4213347359375 0.5701659203125 0.4140026921875 0.5686568875 0.4105634 0.5627731640625 0.40793933750000005 0.5563467906249999 0.40839279843750004 0.517703115625 0.44759039375 0.5078684328125 0.45537589843750004 0.4892843671875 0.464791859375 0.4838243765625 0.47176213593750005 0.48711376562500003 0.47710195625 0.49477784687500004 0.4816265484375 0.5006615703125 0.4842506125
0 0.497182853125 0.6359512125 0.503609228125 0.6354977515625 0.50852656875 0.6316049984375 0.4963353921875 0.6167625328125 0.4886713109375 0.612237940625 0.4667643703125 0.5925091140625 0.45526824843749997 0.5857222265625001 0.44814681875 0.578120109375 0.44690911250000004 0.57314205625 0.4412967140625 0.5689792312499999 0.42925794375 0.5652698671875 0.420508559375 0.5669003218750001 0.4155912203125 0.570793075 0.41547229999999996 0.5834649390625 0.4851440828125 0.6322418484375001 0.497182853125 0.6359512125
0 0.5034048765625 0.6846464453125 0.5070845109375 0.6757756390625 0.5020147625 0.6685352890625 0.4943506828125 0.6640106968749999 0.46915435156249996 0.6389420515625 0.453402459375 0.6202985265625001 0.443868925 0.6067243234374999 0.435655159375 0.60610898125 0.429025253125 0.6126476734375 0.43234297968749996 0.6197583812499999 0.470306625 0.680396934375 0.47920841249999996 0.6898995796875 0.48331177968750005 0.6906231140625 0.5034048765625 0.6846464453125
0 0.424626753125 0.4895084328125 0.4163006359375 0.489806203125 0.39172228124999997 0.5731449453125 0.4057789953125 0.5771434890625 0.4341896 0.5107986999999999 0.4486428546875 0.497479571875 0.424626753125 0.4895084328125
2 0.3936367015625 0.5575847359375 0.3997452515625 0.5560423546875 0.422094775 0.491738578125 0.41236491875 0.49180311093749995 0.380939878125 0.55112875 0.3936367015625 0.5575847359375
2 0.43187430156250006 0.5909471 0.43195935468749996 0.5957076296875 0.47740908437499996 0.6451558093750001 0.49003373281249996 0.64356291875 0.4927048328125 0.6348569875 0.4357813765625 0.5901684140625 0.43187430156250006 0.5909471