1 0.56640625 0.7046875 0.046875 0.05625
1 0.51015625 0.765625 0.0390625 0.05
1 0.4 0.628125 0.0390625 0.05
1 0.496875 0.52578125 0.0375 0.0484375
1 0.59765625 0.5359375 0.0390625 0.05
1 0.5609375 0.59296875 0.034375 0.0390625
2 0.409520034375 0.77189854375 0.4008210390625 0.7729333656249999 0.40003156874999996 0.77885700625 0.42318245781249997 0.8539956390624999 0.41675347656249995 0.875291 0.42414279375 0.87972633125 0.4394788375 0.8737999515625001 0.44651041874999997 0.8546070734375 0.43351045624999995 0.8471006109375001 0.409520034375 0.77189854375
2 0.46784136875 0.718931353125 0.4516175171875 0.67501521875 0.4474162671875 0.642174071875 0.4386792828125 0.6381870921874999 0.4308332640625 0.6450388734375 0.42866751562500005 0.6552279125 0.43085792968750003 0.6599532499999999 0.4365382015625 0.66329050625 0.448152321875 0.6913176796875 0.45561452343750003 0.71633245625 0.4599953484375 0.7257831359375 0.46414726718750005 0.728795528125 0.4680702765625 0.7253696374999999 0.46784136875 0.718931353125
2 0.5553977046874999 0.6076195765625 0.5184882625 0.593384603125 0.5160936078125 0.59713535625 0.5126284125 0.613437815625 0.51372361875 0.6158004859374999 0.53904756875 0.61905338125 0.5783477046875001 0.6274068828125 0.580309209375 0.6256939375 0.5816086578124999 0.6195805156249999 0.5805134515625 0.617217846875 0.5564929109375 0.6099822453125 0.5553977046874999 0.6076195765625
0 0.42683625625 0.6037216359375 0.421384890625 0.6068226640625001 0.4185570875 0.612611225 0.40449206562500006 0.68629715625 0.40253056093749995 0.688010103125 0.39277236718749997 0.7264035828125001 0.3960579859375 0.7334915921875 0.40064305312500004 0.734466178125 0.4045660625 0.7310402859375 0.441482421875 0.6174841546875001 0.44015830781250004 0.6086832015625 0.43753474531250003 0.6059956703125 0.42683625625 0.6037216359375
0 0.55175985 0.5195214 0.5443223125000001 0.5094209984375 0.5355606625 0.4905196421875 0.5287851828125001 0.48481971718750005 0.5233338187500001 0.48792074531249996 0.5185445093750001 0.495422253125 0.51571670625 0.5012108125 0.513117809375 0.5134376578125 0.514213015625 0.5158003265625 0.5458999999999999 0.5395746140625 0.5762875375000001 0.569462321875 0.583496165625 0.573124440625 0.5869860265625 0.57173635625 0.5898138296875 0.5659477953125001 0.589584921875 0.5595095109375 0.55175985 0.5195214
0 0.43311150468750004 0.43892513437499997 0.43723875625 0.42702315156250004 0.4359146421875 0.41822219687500006 0.43219587343750004 0.41317199687499995 0.41953587968750006 0.41261090781250004 0.368357175 0.48053795781249997 0.3642299234375 0.492439940625 0.3644588296875 0.498878225 0.36817759843750003 0.5039284265624999 0.3834364890625 0.492262671875 0.388225796875 0.48476116406249997 0.408707146875 0.46355609375 0.41589110937499996 0.45230383593749995 0.4237371296875 0.4454520546875 0.4287553453125 0.4443888328125 0.43311150468750004 0.43892513437499997
0 0.396201259375 0.43199120625000004 0.38989793125 0.4251371421875 0.38267576875 0.42820468749999996 0.3207492421875 0.46402895156249996 0.3109417171875 0.4725936796875 0.31007541875 0.47666929375 0.31534720781250003 0.496958734375 0.3240841921875 0.5009457125 0.3314970640625 0.4961317390625 0.336286371875 0.48863023281249995 0.36221908593749996 0.464324134375 0.3814009859375 0.4492324859375 0.3952996359375 0.44017849375000007 0.396201259375 0.43199120625000004
0 0.5131156640625 0.42503881874999994 0.5131086515625001 0.41670738125 0.43067845 0.3892355203125 0.42619177031250005 0.40314412343750006 0.49150462812500006 0.43385282031249994 0.50431123125 0.44876210156249996 0.5131156640625 0.42503881874999994
2 0.45305753437499996 0.3792280390625 0.44616236875000004 0.391691815625 0.44749062500000003 0.397850475 0.5109752421875 0.422430553125 0.511250315625 0.41270437031249996 0.45305753437499996 0.3792280390625
2 0.41148585468750004 0.42874179375 0.40672525625 0.42866065468750003 0.355721028125 0.47235698125000003 0.356872353125 0.48502953125000003 0.3654797609375 0.48800283593750005 0.41212771249999997 0.432673665625 0.41148585468750004 0.42874179375