1 0.70390625 0.4296875 0.05625 0.046875
1 0.765625 0.48515625 0.0484375 0.0390625
1 0.6296875 0.59765625 0.0484375 0.0390625
1 0.52578125 0.50234375 0.0484375 0.0375
1 0.534375 0.4015625 0.0484375 0.0390625
1 0.59140625 0.4375 0.0390625 0.034375
2 0.773436225 0.5857209 0.774622709375 0.5944005109375 0.780559225 0.5950864796875 0.855282375 0.5706277671875 0.87668669375 0.5766841125 0.8809923875000001 0.5692185140625 0.874799259375 0.5539882359375 0.8554865859375 0.5472926890625 0.8482081484374999 0.560421675 0.773436225 0.5857209
2 0.7194592546874999 0.5283328546875 0.675832953125 0.545320678125 0.64307013125 0.55009444375 0.6392362406250001 0.5588996796875 0.646223909375 0.566624925 0.65644919375 0.56861251875 0.661135584375 0.5663399703125 0.6643731984375 0.5606023203125 0.6921934078125 0.548500828125 0.7170741421875 0.54060319375 0.7264469250000001 0.5360580984375 0.7293863984375 0.531854240625 0.7258925625 0.5279916171875 0.7194592546874999 0.5283328546875
2 0.6066363625 0.4427325125 0.593047715625 0.47988476718750006 0.596839690625 0.48221359843749995 0.6132001421875 0.485393746875 0.6155433390625 0.4842574734375 0.618353775 0.4588806109375 0.626020121875 0.419440671875 0.6242732046875 0.417509359375 0.618138034375 0.41631680312499997 0.615794840625 0.417453078125 0.6089795578125 0.44159623750000004 0.6066363625 0.4427325125
0 0.604982721875 0.5713424093749999 0.6081784171875 0.5767388234374999 0.6140154484375 0.579465171875 0.6879356265625 0.5922420546875 0.68968254375 0.594173365625 0.7282404812500001 0.6032600140625 0.73527006875 0.5998511921875 0.7361644843749999 0.595249815625 0.73267065 0.5913871937499999 0.618487534375 0.556458284375 0.6097110296875 0.5579357953125 0.6070696953125 0.5606058609375 0.604982721875 0.5713424093749999
0 0.5186150921875 0.44790733749999995 0.5086460328125 0.45552001875 0.48990046718749997 0.46461020781249995 0.484319659375 0.4714841328125 0.48751535468749996 0.4768805484375 0.49509930312500006 0.4815382078125 0.500936334375 0.48426455625 0.513206675 0.48664966875 0.51554986875 0.4855133953125 0.538767521875 0.45341631875 0.5681203421875 0.422511796875 0.5716560937499999 0.4152403546875 0.5702073140625 0.41177525 0.564370284375 0.40904890156249996 0.557936975 0.4093901375 0.5186150921875 0.44790733749999995
0 0.44010180156249995 0.5679442109374999 0.4281296015625 0.56402530625 0.41935309531250003 0.565502815625 0.41436856562499996 0.56930915625 0.414028509375 0.5819770156249999 0.48283840624999996 0.6319624359375 0.49481060781249997 0.635881340625 0.501243915625 0.6355401031250001 0.506228446875 0.6317337640625 0.4942981640625 0.61668079375 0.4867142140625 0.6120231328125 0.46515492500000005 0.5919149828125 0.453779003125 0.58492849375 0.44679133281250005 0.5772032484375 0.44564069375 0.572204353125 0.44010180156249995 0.5679442109374999
0 0.43381310156249997 0.6049698484375 0.427070090625 0.6113918359375 0.4302632125 0.6185593625 0.46716278593749994 0.6798512375 0.475897375 0.68950779375 0.47998748906250005 0.69030283125 0.5001818328125001 0.6846777453125 0.5040157234375 0.675872509375 0.499073109375 0.6685447828125 0.4914891609375 0.6638871234375 0.46673417656250005 0.638382559375 0.45131005625 0.619466965625 0.442014878125 0.6057284468749999 0.43381310156249997 0.6049698484375
0 0.4248213359375 0.4881945859375 0.4164912890625 0.4883470015625 0.39046221718749996 0.5712440984375 0.40444700625 0.57548735625 0.4340111609375 0.50964850625 0.44869466406249997 0.49658365 0.4248213359375 0.4881945859375
2 0.38006569218749997 0.5490430765625 0.3926479078125 0.5557196703125 0.398782446875 0.5542841328125 0.42225082187499996 0.49038020156249995 0.4125213203125 0.49027491718749994 0.38006569218749997 0.5490430765625
2 0.4302974328125 0.589744290625 0.43029938906250004 0.5945055796875 0.47487920624999996 0.6447394359375 0.4875297328125 0.64336711875 0.4903523640625 0.63470913125 0.4342175015625 0.5890339109375 0.4302974328125 0.589744290625