1 0.58728256875 0.5368387984375 0.5947946828124999 0.5073746375 0.5660052140625 0.4986890375 0.554996775 0.5324624328125 0.58728256875 0.5368387984375
1 0.49581451093749995 0.496101940625 0.5188480140625 0.49883254375 0.5226216484374999 0.4809464109375 0.5181343125 0.46841990312500004 0.49808984843750004 0.46880462031250003 0.4915468640625 0.47782019375000007 0.49581451093749995 0.496101940625
1 0.4257827734375 0.5266175750000001 0.42701452812499996 0.5433316671874999 0.44775459531250006 0.555135515625 0.467759090625 0.54358995 0.4677733609375 0.5259072921875 0.446089209375 0.5174405921874999 0.4257827734375 0.5266175750000001
1 0.4340156734375 0.49947443125 0.425882746875 0.49010872968749997 0.4062127953125 0.4863842546875 0.38973928281250003 0.49441389999999996 0.390576990625 0.5100467875 0.40912775156250003 0.5185202765625 0.42293436250000005 0.51995084375 0.434673621875 0.5095435125 0.4340156734375 0.49947443125
1 0.3560791171875 0.5941622953125 0.3395403171875 0.5925093953125 0.325627525 0.599726496875 0.3262334890625 0.6160234953125 0.3439840828125 0.6259000218749999 0.3583850375 0.6241373765625 0.3654034640625 0.6156891 0.3666296578125 0.6031262500000001 0.3560791171875 0.5941622953125
1 0.26519206562500003 0.5231751453125 0.2513673421875 0.534270965625 0.2540837046875 0.551186975 0.27081784999999997 0.5584251359375 0.28812172812500003 0.5551542890625 0.2958494328125 0.5464228578125 0.2954299828125 0.5340755374999999 0.28438818593750004 0.5257361734375 0.26519206562500003 0.5231751453125
0 0.5789569375 0.3799453890625 0.548526721875 0.37176401718749996 0.5376586578125 0.38103900468749996 0.5419487890625 0.39379846875 0.5329782437499999 0.46552511562500004 0.539410859375 0.46887261249999995 0.55614795 0.4698861609375 0.5671276765625 0.421285096875 0.5779839499999999 0.3988335375 0.5789569375 0.3799453890625
0 0.6119801078125 0.4467336265625 0.5984203765625 0.44520927343750005 0.5912941890625001 0.45806685312499995 0.5228943109374999 0.4886004875 0.5281293218750001 0.50066799375 0.5868293687499999 0.47889198125 0.6068191109375001 0.4758962453125 0.623913384375 0.471671490625 0.6244783734375 0.45653128593750003 0.6119801078125 0.4467336265625
2 0.45545934375 0.3284198703125 0.4549704859375 0.331506396875 0.4604102515625 0.33711389999999997 0.49005336718750003 0.3497187921875 0.49622642031249997 0.3506965078125 0.5194520546875 0.3638669484375 0.529740475 0.3654964734375 0.5343447015625 0.3630617578125 0.5358112734375 0.3538021796875 0.53399801875 0.35193301093749996 0.5154788625 0.348999865625 0.51366560625 0.347130696875 0.5074925546875 0.34615298125 0.5018083609375 0.342088740625 0.4956353078125 0.341111025 0.4899511140625 0.3370467828125 0.4837780609375 0.3360690671875 0.47010756093749995 0.3291579421875 0.4598191390625 0.32752841718750003 0.45545934375 0.3284198703125
2 0.4231499171875 0.39923744375000003 0.4295673984375 0.398671896875 0.434171625 0.39623718124999996 0.43539376875 0.388520865625 0.43358051406250003 0.386651696875 0.427651890625 0.38413071875 0.3547574859375 0.3915691 0.3437357796875 0.3945693640625 0.3407003796875 0.4004165109375 0.3425136359375 0.40228567968749995 0.35280205468750003 0.40391520468750003 0.3853783171875 0.398000940625 0.3936090546875 0.3993045609375 0.41080381250000003 0.3972820140625 0.4231499171875 0.39923744375000003
2 0.42139899375 0.43692756718750003 0.4262476484375 0.43294958906250003 0.42698093593750003 0.4283198 0.423598853125 0.4230382 0.3502555140625 0.4066758265625 0.348442259375 0.40480665781249997 0.3422692078125 0.4038289421875 0.3374205515625 0.40780692187499995 0.338989378125 0.411219353125 0.3428603171875 0.41341442500000003 0.3611350453125 0.41789083437499996 0.3629483 0.41976000312500006 0.4149815125 0.437493115625 0.42139899375 0.43692756718750003
2 0.2908894359375 0.43524060468750003 0.2927026921875 0.43710977343749996 0.31097742031250003 0.4415861828125 0.3166616140625 0.445650425 0.34110939375 0.4511045484375 0.34341150625 0.449887190625 0.3439003640625 0.446800665625 0.34027385312499997 0.443062328125 0.3201858703125 0.4367167515625 0.304457684375 0.42947972031250004 0.2982846328125 0.4285020046875 0.269374803125 0.41126732343750005 0.2611440671875 0.409963703125 0.25678426875000004 0.41085515624999996 0.251935615625 0.4148331359375 0.2509579 0.4210061875 0.2582109203125 0.428482859375 0.2908894359375 0.43524060468750003
0 0.47516561562500004 0.5103044109375 0.4852096078125 0.5134772 0.4918715171875 0.5113683890625 0.4930936609375 0.5036520734375001 0.49128040625 0.50178290625 0.49348026562499997 0.4878935390625 0.4905870421875 0.47952541249999997 0.4965955109375 0.42827182812500003 0.49502668281249995 0.42485939687499996 0.47469427187499996 0.42005708124999996 0.465974678125 0.4218399875 0.4619615625 0.43386018593750003 0.4669124703125 0.4425542171875 0.46907240781250004 0.45555213125 0.472903425 0.4846344875 0.47168128125 0.4923508015625 0.474818934375 0.49917566406249997 0.4735967890625 0.5068919796875 0.47516561562500004 0.5103044109375
0 0.57615671875 0.5785050625 0.5771344328125 0.5723320109375 0.569636984375 0.5663986015625 0.5575353093750001 0.5628999078125 0.5462691734375 0.567443434375 0.5097820484375 0.59804990625 0.491120715625 0.6093320328125 0.48348109062500005 0.6176138953125 0.48431663125 0.625656115625 0.49690716406249996 0.626068284375 0.52526580625 0.6068302 0.571063634375 0.5840263046875 0.57615671875 0.5785050625
2 0.44469185468749994 0.6494377265625 0.4427364234375 0.6617838296875 0.4443052484375 0.6651962609375001 0.4481761890625 0.667391334375 0.456406925 0.6686949546875 0.46512651875 0.66691205 0.46610423437500004 0.6607389984375 0.45644684843750005 0.6418076734375 0.456100165625 0.6306789265625 0.45296251249999997 0.623854065625 0.45369580000000004 0.6192242765625 0.45188254375000003 0.6173551078124999 0.45261582968749997 0.61272531875 0.4497226078125 0.6043571937500001 0.4479093515625 0.602488025 0.439678615625 0.6011844046875 0.43482996093750004 0.6051623828125 0.4366432171875 0.6070315515625 0.4356655015625 0.613204603125 0.438803153125 0.6200294656249999 0.4391498359375 0.6311582125 0.4436118859375 0.64293876875 0.44287859999999996 0.6475685578125 0.44469185468749994 0.6494377265625
0 0.3941028078125 0.5559984640625 0.39762706406250004 0.547064790625 0.38880521562500003 0.5361756859375 0.376703540625 0.5326769921875 0.36773951875 0.5360031609375 0.325323771875 0.5640886546874999 0.29564073281250003 0.5783710453124999 0.2813391984375 0.58876171875 0.28266359531249996 0.5937174125 0.2904054734375 0.598107559375 0.2947652703125 0.59721610625 0.32008851250000003 0.5838251703124999 0.3941028078125 0.5559984640625