1 0.554996775 0.4675375671875 0.5660052140625 0.5013109625000001 0.5947946828124999 0.4926253625 0.58728256875 0.46316120156249996 0.554996775 0.4675375671875
1 0.4915468640625 0.5221798062499999 0.49808984843750004 0.5311953796875 0.5181343125 0.531580096875 0.5226216484374999 0.5190535890625 0.5188480140625 0.5011674562499999 0.49581451093749995 0.503898059375 0.4915468640625 0.5221798062499999
1 0.446089209375 0.48255940781250006 0.4677733609375 0.4740927078125 0.467759090625 0.45641005 0.44775459531250006 0.44486448437500004 0.42701452812499996 0.4566683328125 0.4257827734375 0.47338242499999994 0.446089209375 0.48255940781250006
1 0.38973928281250003 0.5055861 0.4062127953125 0.5136157453125 0.425882746875 0.5098912703125 0.4340156734375 0.50052556875 0.434673621875 0.49045648750000004 0.42293436250000005 0.48004915625000005 0.40912775156250003 0.4814797234375 0.390576990625 0.4899532125 0.38973928281250003 0.5055861
1 0.3262334890625 0.3839765046875 0.325627525 0.40027350312500004 0.3395403171875 0.40749060468750004 0.3560791171875 0.4058377046875 0.3666296578125 0.39687375 0.3654034640625 0.3843109 0.3583850375 0.3758626234375 0.3439840828125 0.374099978125 0.3262334890625 0.3839765046875
1 0.27081784999999997 0.4415748640625 0.2540837046875 0.44881302500000003 0.2513673421875 0.46572903437499996 0.26519206562500003 0.4768248546875 0.28438818593750004 0.4742638265625 0.2954299828125 0.4659244625 0.2958494328125 0.4535771421875 0.28812172812500003 0.4448457109375 0.27081784999999997 0.4415748640625
0 0.539410859375 0.5311273875 0.5329782437499999 0.534474884375 0.5419487890625 0.60620153125 0.5376586578125 0.6189609953125 0.548526721875 0.6282359828125 0.5789569375 0.6200546109375 0.5779839499999999 0.6011664624999999 0.5671276765625 0.5787149031250001 0.55614795 0.5301138390625 0.539410859375 0.5311273875
0 0.5868293687499999 0.52110801875 0.5281293218750001 0.49933200624999996 0.5228943109374999 0.5113995124999999 0.5912941890625001 0.541933146875 0.5984203765625 0.5547907265625 0.6119801078125 0.5532663734375001 0.6244783734375 0.5434687140625 0.623913384375 0.528328509375 0.6068191109375001 0.5241037546875 0.5868293687499999 0.52110801875
2 0.529740475 0.6345035265625001 0.5194520546875 0.6361330515625 0.49622642031249997 0.6493034921875 0.49005336718750003 0.6502812078125 0.4604102515625 0.6628860999999999 0.4549704859375 0.6684936031250001 0.45545934375 0.6715801296875 0.4598191390625 0.6724715828125001 0.47010756093749995 0.6708420578125 0.4837780609375 0.6639309328125 0.4899511140625 0.6629532171875 0.4956353078125 0.658888975 0.5018083609375 0.657911259375 0.5074925546875 0.65384701875 0.51366560625 0.6528693031249999 0.5154788625 0.651000134375 0.53399801875 0.6480669890625 0.5358112734375 0.6461978203125 0.5343447015625 0.6369382421875 0.529740475 0.6345035265625001
2 0.4295673984375 0.601328103125 0.4231499171875 0.6007625562500001 0.41080381250000003 0.6027179859375 0.3936090546875 0.6006954390625 0.3853783171875 0.601999059375 0.35280205468750003 0.5960847953124999 0.3425136359375 0.5977143203125 0.3407003796875 0.5995834890625 0.3437357796875 0.6054306359375 0.3547574859375 0.6084309 0.427651890625 0.61586928125 0.43358051406250003 0.613348303125 0.43539376875 0.611479134375 0.434171625 0.60376281875 0.4295673984375 0.601328103125
2 0.42139899375 0.5630724328125 0.4149815125 0.5625068843750001 0.3629483 0.5802399968749999 0.3611350453125 0.582109165625 0.3428603171875 0.586585575 0.338989378125 0.588780646875 0.3374205515625 0.592193078125 0.3422692078125 0.5961710578125 0.348442259375 0.5951933421875 0.3502555140625 0.5933241734375 0.423598853125 0.5769618000000001 0.42698093593750003 0.5716802000000001 0.4262476484375 0.5670504109375 0.42139899375 0.5630724328125
2 0.34110939375 0.5488954515625 0.3166616140625 0.554349575 0.31097742031250003 0.5584138171874999 0.2927026921875 0.5628902265625 0.2908894359375 0.5647593953125 0.2582109203125 0.5715171406249999 0.2509579 0.5789938125 0.251935615625 0.5851668640625001 0.25678426875000004 0.58914484375 0.2611440671875 0.5900362968749999 0.269374803125 0.5887326765625 0.2982846328125 0.5714979953125 0.304457684375 0.5705202796875 0.3201858703125 0.5632832484375 0.34027385312499997 0.556937671875 0.3439003640625 0.553199334375 0.34341150625 0.5501128093750001 0.34110939375 0.5488954515625
0 0.49348026562499997 0.5121064609375 0.49128040625 0.49821709375 0.4930936609375 0.4963479265625 0.4918715171875 0.48863161093749996 0.4852096078125 0.48652280000000003 0.47516561562500004 0.4896955890625 0.4735967890625 0.4931080203125 0.474818934375 0.5008243359375 0.47168128125 0.5076491984375 0.472903425 0.5153655125000001 0.46907240781250004 0.5444478687500001 0.4669124703125 0.5574457828125 0.4619615625 0.5661398140625 0.465974678125 0.5781600124999999 0.47469427187499996 0.57994291875 0.49502668281249995 0.575140603125 0.4965955109375 0.571728171875 0.4905870421875 0.5204745875000001 0.49348026562499997 0.5121064609375
0 0.571063634375 0.4159736953125 0.52526580625 0.3931698 0.49690716406249996 0.373931715625 0.48431663125 0.374343884375 0.48348109062500005 0.3823861046875 0.491120715625 0.3906679671875 0.5097820484375 0.40195009375 0.5462691734375 0.432556565625 0.5575353093750001 0.4371000921875 0.569636984375 0.43360139843749995 0.5771344328125 0.42766798906250003 0.57615671875 0.4214949375 0.571063634375 0.4159736953125
2 0.45369580000000004 0.3807757234375 0.45296251249999997 0.376145934375 0.456100165625 0.3693210734375 0.45644684843750005 0.3581923265625 0.46610423437500004 0.3392610015625 0.46512651875 0.33308795 0.456406925 0.3313050453125 0.4481761890625 0.332608665625 0.4443052484375 0.3348037390625 0.4427364234375 0.3382161703125 0.44469185468749994 0.3505622734375 0.44287859999999996 0.3524314421875 0.4436118859375 0.35706123125 0.4391498359375 0.36884178749999996 0.438803153125 0.379970534375 0.4356655015625 0.38679539687500003 0.4366432171875 0.3929684484375 0.43482996093750004 0.3948376171875 0.439678615625 0.3988155953125 0.4479093515625 0.397511975 0.4497226078125 0.39564280625000003 0.45261582968749997 0.38727468125 0.45188254375000003 0.3826448921875 0.45369580000000004 0.3807757234375
0 0.32008851250000003 0.4161748296875 0.2947652703125 0.40278389375 0.2904054734375 0.401892440625 0.28266359531249996 0.40628258749999996 0.2813391984375 0.41123828125 0.29564073281250003 0.4216289546875 0.325323771875 0.43591134531250003 0.36773951875 0.46399683906250005 0.376703540625 0.4673230078125 0.38880521562500003 0.46382431406249996 0.39762706406250004 0.452935209375 0.3941028078125 0.44400153593749997 0.32008851250000003 0.4161748296875