2 0.5073409988776287 0.3456461093407707 0.3877488295714239 0.1211807104252974 0.2530748828125 0.19293319218750002 0.3726670521187049 0.41739859110297334
2 0.5440789402441645 0.337322440489637 0.5249158693205256 0.11283159872946022 0.38274105625 0.124967978125 0.4019041271736389 0.3494588198851768
2 0.6291925839198432 0.144539602248971 0.528050515625 0.11761360937500005 0.47624791139265693 0.31219965712602915 0.5773899796875002 0.33912565000000006
4 0.4974196453125 0.22544445156250004 0.4960717402853595 0.21498195333882436 0.45113228247285947 0.2207715955263244 0.45248018749999996 0.23123409375000006
4 0.49734650468749997 0.14685162031250013 0.48767108632083545 0.13919666300767683 0.46291782922482605 0.1704833323912665 0.4725932475914906 0.17813828969608977
4 0.47211493750000005 0.15564931718750002 0.46786148643684217 0.14726610703019455 0.4355724676868421 0.16364882421769458 0.43982591875 0.1720320343750001
4 0.4642511671875 0.15117937031250003 0.4599061143067201 0.14137176372137125 0.42708461406250003 0.15591263593750002 0.4314296669432799 0.1657202425286288
4 0.4379716421874999 0.14477446406250005 0.42856765750976333 0.13798434444314905 0.41394754141733314 0.15823249255060273 0.4233515260950697 0.1650226121699537
4 0.4403513406249999 0.13409551875 0.4341071543817215 0.1260619682809459 0.4105288609375 0.14438851718750007 0.41677304718077846 0.1524220676565542
0 0.39637348437500003 0.21430103437500003 0.32620806541887465 0.19954450894942397 0.3230759890938818 0.21443713720761748 0.3932414080500072 0.22919366263319355
0 0.4301388265625 0.2607573375 0.36477970662338255 0.2458763832242085 0.36095735090045195 0.26266467525944537 0.4263164708395695 0.2775456295352369
0 0.41348871093750006 0.2761704328125001 0.40893709603558087 0.26427882808064435 0.371470734375 0.278619403125 0.3760223492769191 0.2905110078568557
0 0.4128388906249999 0.207449765625 0.3465233238446129 0.18267814619931674 0.3398398584119551 0.20057030700670814 0.40615542519234216 0.2253419264323914
0 0.4123460078125 0.20546745937500005 0.3698725965734145 0.15738703680949379 0.356350696875 0.1693320484375 0.3988241081140856 0.21741247100300623
0 0.4055673484375001 0.1910245203125 0.3760449329562181 0.14020066438223697 0.35589315937500005 0.15190636875000005 0.38541557485628203 0.20273022468026308
3 0.553125 0.17968750000000006 0.5359375 0.17968750000000006 0.5359375 0.19687500000000008 0.553125 0.19687500000000008
3 0.575 0.19687500000000008 0.5546875 0.19687500000000008 0.5546875 0.2140625000000001 0.575 0.2140625000000001
3 0.575 0.2093750000000001 0.5546875 0.2093750000000001 0.5546875 0.22656250000000008 0.575 0.22656250000000008
3 0.5703125 0.22031250000000008 0.55 0.22031250000000008 0.55 0.2375000000000001 0.5703125 0.2375000000000001
3 0.546875 0.2015625000000001 0.5296875 0.2015625000000001 0.5296875 0.2218750000000001 0.546875 0.2218750000000001
3 0.5453125 0.19062500000000007 0.528125 0.19062500000000004 0.528125 0.20468750000000008 0.5453125 0.20468750000000008
1 0.4671875 0.4046875 0.14687500000000003 0.4046875 0.14687500000000006 0.7 0.4671875 0.7