2 0.4671411340372318 0.34900559967184325 0.2935280482241037 0.16314140485572248 0.18201391406249995 0.2673051625 0.3556269998756281 0.4531693573161208
2 0.5004729361296063 0.3314570738667023 0.4238603247763121 0.11957534071484918 0.289671128125 0.1680957328125 0.36628373947829423 0.3799774659643532
2 0.5331156343749999 0.3245773109375 0.5327905329200302 0.12321412010851665 0.42812583749999994 0.12338310156250001 0.42845093895496966 0.32474629239148334
4 0.4264473640625 0.23546755 0.422437494753955 0.22571041741678705 0.380527780691455 0.2429339689792871 0.38453765000000006 0.2526911015625001
4 0.40603539375000003 0.15957163593750004 0.3947084084129751 0.1546816973054052 0.3788961841108785 0.19130891214201967 0.39022316944790336 0.1961988507741145
4 0.3839405828125 0.17459996718750004 0.3776623294401642 0.16760328160556398 0.3507136919401642 0.19178478473056396 0.3569919453125 0.1987814703125
4 0.3772240130412626 0.17556992201790542 0.3718066711345801 0.16691694722329292 0.34051278125000006 0.18650901875000003 0.3459301231566825 0.19516199354461256
4 0.34814607343750004 0.17293260156250007 0.33730510874499103 0.16880777930614663 0.3284237665301427 0.1921499529537402 0.3392647312226517 0.19627477521009365
4 0.34768077031249994 0.16200162031250004 0.33957011405440324 0.15585792145719168 0.3215384921875 0.17966252031250005 0.32964914844559673 0.1858062191678084
0 0.3263441472434808 0.26612180273559294 0.32596013906250004 0.25085650625000006 0.2546998636940193 0.2526491035144071 0.25508387187500003 0.2679144
0 0.37085617637315044 0.30429012084970014 0.37059873125 0.2869907359375 0.30395547987684945 0.2879825041502998 0.30421292499999997 0.3052818890625
0 0.35850515781250003 0.3061880093750001 0.35103086111621956 0.2958796453997108 0.31855274843750003 0.3194285859375 0.32602704513378045 0.3297369499127893
0 0.3400912609375001 0.23997712812500005 0.26962397623874934 0.23321331166796178 0.2677990760175434 0.2522256199189815 0.3382663607162941 0.2589894363760198
0 0.33910211406249996 0.23818993437500008 0.2856318201584508 0.20274073995894093 0.2756622640625 0.2177784609375001 0.3291325579665491 0.2532276553535593
0 0.32881632499999996 0.22599357343750004 0.2871456788373097 0.18454246134931532 0.27071022031249997 0.20106496562500004 0.31238086647519026 0.24251607771318479
3 0.471875 0.17968750000000006 0.4546875 0.17968750000000006 0.4546875 0.19687500000000005 0.471875 0.19687500000000005
3 0.4953125 0.18906250000000005 0.475 0.18906250000000005 0.475 0.2078125000000001 0.4953125 0.2078125000000001
3 0.5 0.2015625000000001 0.4796875 0.2015625000000001 0.4796875 0.22031250000000008 0.5 0.22031250000000008
3 0.4984375 0.2140625000000001 0.478125 0.2140625000000001 0.478125 0.2328125000000001 0.4984375 0.2328125000000001
3 0.471875 0.2015625000000001 0.453125 0.2015625000000001 0.453125 0.2218750000000001 0.471875 0.2218750000000001
3 0.465625 0.19218750000000004 0.4484375 0.19218750000000004 0.4484375 0.2062500000000001 0.465625 0.2062500000000001
1 0.4921875000000001 0.4453125 0.16093750000000004 0.4453125 0.16093750000000007 0.753125 0.49218750000000017 0.753125