2 0.512686879084621 0.6828324414088078 0.37478158831093433 0.6011313202491246 0.23962956547631337 0.829257675715317 0.37753485625000005 0.9109587968750003
2 0.5519517979983483 0.6879404933326548 0.4148949480804309 0.6662408232125406 0.3757374046875002 0.9135629953125001 0.5127942546054175 0.9352626654326144
2 0.6448697321245179 0.8823190551879166 0.5847694812500002 0.6763027421875001 0.46135197412548223 0.7123067994995834 0.521452225 0.9183231125000001
1 0.4390625 0.3453125 0.12343750000000005 0.3453125 0.12343750000000006 0.665625 0.4390625 0.665625
4 0.3300265890162636 0.5697983642870658 0.32752890937499995 0.5589593671875 0.2764607672337364 0.5707272325879341 0.27895844687500004 0.5815662296874999
4 0.34329706419209083 0.5553728928393722 0.34026736249999995 0.5465293703124999 0.29355402012292536 0.5625328906306757 0.2965837218150163 0.5713764131575481
4 0.351728409375 0.47426362656250004 0.3389097486819924 0.468007291392239 0.31832779120375987 0.5101778468582381 0.3311464518967674 0.516434182028499
4 0.33745612187499996 0.4793504953124999 0.3351340171875 0.43905691406249997 0.32223806165281665 0.4398001033712656 0.3245601663403166 0.48009368462126556
4 0.33448232343750006 0.427418384375 0.28608791567349035 0.4129545371887394 0.2822515802826791 0.42579048441851786 0.3306459880466888 0.4402543316047785
4 0.33727319531250005 0.5503739437500001 0.31530144687500006 0.5115618500000001 0.30537619757969703 0.5171805904395279 0.327347946017197 0.555992684189528
0 0.37132843281250005 0.5046449015625 0.35416422240486356 0.4985354912534493 0.3334953255298635 0.5566041553159493 0.3506595359375 0.5627135656250001
0 0.3595542906250001 0.4941157093750001 0.33817289218750013 0.4911965609375001 0.33080618276078944 0.5451542656579489 0.35218758119828947 0.548073414095449
0 0.32992635781250007 0.44444834218750007 0.32797924180081894 0.42790516645410487 0.25820057555193127 0.4361180489451426 0.26014769156361234 0.4526612246785377
0 0.26952440625000007 0.4523837390625 0.1944350519811367 0.44510278171362894 0.19262177343750003 0.4638033328125 0.26771112770636335 0.4710842901613711
0 0.26963744218749996 0.5355371218750001 0.2640558869752707 0.5187650664929729 0.1964801 0.54125354375 0.20206165521222927 0.5580255991320271
0 0.2363369740045135 0.5230298942432576 0.22462029142309978 0.505266263212045 0.16431400624999998 0.54504358125 0.1760306888314137 0.5628072122812126
3 0.3140625000000001 0.5453125 0.2906250000000001 0.5453125 0.2906250000000001 0.5640625 0.3140625000000001 0.5640625
3 0.3062500000000001 0.528125 0.2796875000000001 0.528125 0.2796875000000001 0.553125 0.3062500000000001 0.553125
3 0.30937500000000007 0.5140625 0.28593750000000007 0.5140625 0.28593750000000007 0.5328125 0.30937500000000007 0.5328125
3 0.2921875000000001 0.50625 0.2671875000000001 0.50625 0.2671875000000001 0.528125 0.2921875000000001 0.528125
3 0.3000000000000001 0.6015625 0.2718750000000001 0.6015625 0.2718750000000001 0.6265625 0.3000000000000001 0.6265625
3 0.2671875000000001 0.60625 0.2328125000000001 0.60625 0.2328125000000001 0.63125 0.2671875000000001 0.63125