2 0.4477948625963478 0.6522557642728646 0.3238545346462789 0.5506106108065799 0.1557105984375001 0.755635778125 0.27965092638756894 0.8572809315912846
2 0.3688066632412411 0.6217232397137095 0.29512130346007515 0.5056941126331992 0.08019285584383398 0.6421863916694897 0.15387821562499995 0.7582155187499999
2 0.32283199446508215 0.5178019082050769 0.2753625823525697 0.4169764349569802 0.05209835351248757 0.5220909595644034 0.09956776562499998 0.6229164328125
1 0.7343750000000001 0.5468750000000001 0.40625 0.546875 0.4062500000000001 0.8703125 0.7343750000000002 0.8703125
4 0.5095518232836523 0.7343960178000779 0.5035849046874998 0.6822351031250001 0.49255887092519723 0.6834964200767429 0.4985257895213497 0.7356573347518208
4 0.5109084734375001 0.6660135625 0.5015689538054313 0.6659260559372334 0.5011061350554313 0.7153224059372335 0.5104456546875001 0.7154099125000001
4 0.5844362237462404 0.6412390638325263 0.5748961515625 0.6305273609375002 0.5405642418787594 0.6611040955424741 0.5501043140624999 0.6718157984375001
4 0.6154285715690657 0.6472248228591273 0.6136552546875 0.634079584375 0.5741516273146131 0.6394086964628488 0.5759249441961788 0.6525539349469762
4 0.6549582205888573 0.671240305100473 0.6248147875 0.6307113640625 0.6140650470531933 0.6387064923234951 0.6442084801420507 0.6792354333614681
4 0.5523060406250001 0.6775142531249999 0.508319821875 0.6701420812500001 0.5064345681432199 0.6813904873440769 0.55042078689322 0.6887626592190769
0 0.5495507384957186 0.6390496708109594 0.5396434890624999 0.6225003718750001 0.4873648844739889 0.6537969952354965 0.4972721339072074 0.6703462941714557
0 0.5636206562500001 0.6490567859375 0.5535646875000001 0.6299632515625001 0.5053805902090904 0.6553403120421342 0.5154365589590905 0.6744338464171341
0 0.6413964420003082 0.705697278016046 0.6267062427627338 0.6373081074035967 0.6103700953125 0.6408171609375 0.6250602945500743 0.7092063315499493
0 0.6560958786159521 0.768361172122504 0.62357194375 0.7002904953124999 0.6066193510715479 0.7083903856899958 0.6391432859374999 0.7764610624999999
0 0.5650442703125 0.799324953125 0.5577347709612976 0.7273708312143102 0.5402155645429992 0.7291505295074404 0.5475250638942017 0.80110465141813
0 0.5796002656250001 0.758276228125 0.5590562578013009 0.7562617736833055 0.5519402437388009 0.8288330096208056 0.5724842515625002 0.8308474640625001
3 0.5265625 0.6921875 0.5078125 0.6921875 0.5078125 0.7171875 0.5265625 0.7171875
3 0.546875 0.696875 0.5203125 0.696875 0.5203125 0.7234375 0.546875 0.7234375
3 0.5578125 0.6859375 0.5390625 0.6859375 0.5390625 0.7109375 0.5578125 0.7109375
3 0.5703125000000001 0.7015625 0.5484375 0.7015625 0.5484375000000001 0.7265625 0.5703125000000002 0.7265625
3 0.47968750000000016 0.7265625 0.45312500000000017 0.7265625 0.45312500000000017 0.7546875 0.47968750000000016 0.7546875
3 0.48750000000000016 0.759375 0.46093750000000017 0.759375 0.46093750000000017 0.79375 0.48750000000000016 0.79375