1 0.6703125000000001 0.575 0.3109375000000001 0.575 0.3109375000000001 0.94375 0.6703125000000002 0.94375
2 0.6208041635613881 0.3228923775126633 0.4101790987407165 0.032725320104428655 0.20028011249999994 0.18508578437500006 0.41090517732067144 0.47525284178323474
2 0.6669953017797149 0.3013957879949162 0.6008874937759972 -0.0011449119764922466 0.42436974843749986 0.03742577031250001 0.49047755644121765 0.3399664702839084
2 0.7706945470689326 0.03822711324578256 0.6157796453125 0.014332107812500073 0.5733584019608264 0.2893553868219603 0.7282733037172592 0.3132503922552428
0 0.5967829124999999 0.6854404765624998 0.5129986488623206 0.6662436875367167 0.509126070364164 0.6831455317676125 0.5929103340018435 0.7023423207933956
0 0.6189869281250002 0.6731780468750002 0.5375864829000718 0.6632173567775963 0.5356255420702298 0.6792424971090346 0.6170259872951582 0.6892031872064386
0 0.5663984593750001 0.8127363453125002 0.47847392614757733 0.8002602818076202 0.4749033715744154 0.8254236151046582 0.5628279048018382 0.837899678609538
0 0.6252196546875 0.8185754546874999 0.6116728828253065 0.7999142371369318 0.5461222021136578 0.8474995629392748 0.5596689739758512 0.866160780489843
0 0.5609449109375001 0.7772883406250001 0.5579388573490134 0.7557402018376644 0.4682413845809589 0.7682533665501118 0.4712474381694457 0.7898015053374474
0 0.4041528937500001 0.2031964281250001 0.29927677436783884 0.16458548645623194 0.2917584600088387 0.18500694214180807 0.39663457939099994 0.22361788381057623
0 0.38487044843749996 0.11020027968750004 0.35448599375 0.10970553281250003 0.3532063750659026 0.18829221600122786 0.38359082975340253 0.18878696287622784
0 0.47173902968750003 0.20567209375000006 0.38486298116090084 0.15376570133223924 0.3717220807828069 0.17575970719075196 0.458598129309406 0.22766609960851278
0 0.4822567687500001 0.1878623953125001 0.38954505156249997 0.14552783593750004 0.3824212717913244 0.16112875077402683 0.4751329889788245 0.20346331014902685
0 0.4756714367541637 0.17698595898548036 0.4287122192137584 0.10025308340535215 0.40434780625 0.11516369062500002 0.4513070237904054 0.19189656620512824
0 0.5960039687500001 0.11020027968749999 0.5841930859000872 0.02686810330154422 0.558607609375 0.030494398437499994 0.5704184922249128 0.11382657482345578
4 0.5068646124999999 0.24609418750000006 0.501648955158933 0.2306330318659632 0.4443153593749999 0.24997391406250005 0.44953101671606677 0.2654350696965369
4 0.44258986875 0.2706661421875 0.38854119775015084 0.21687499964761275 0.3801751587108484 0.22528109162217635 0.43422382971069756 0.2790722341620636
4 0.41627591093749994 0.25251558125000007 0.3516793324905694 0.2014758326289659 0.3425432376015915 0.213038594714186 0.4071398160485221 0.2640783433352202
4 0.6138404436272509 0.2417406764787556 0.55862931875 0.20665003437500004 0.5498622863739334 0.22044396034212008 0.6050734112511843 0.25553460244587567
4 0.613400035221248 0.22683381122444427 0.5614721714537421 0.1949959421977537 0.555015412794994 0.2055269762858095 0.6069432765624999 0.23736484531250007
4 0.6078060218749999 0.19307072812499992 0.5604891393701327 0.16340402969821305 0.5510169867191052 0.17851163377363483 0.5983338692239724 0.20817833220042167
4 0.6146455600569819 0.18009884634671425 0.5661783374999999 0.14332405468750004 0.5572137091598037 0.1551389587916829 0.6056809317167857 0.19191375045089715
4 0.60737465 0.17464198125 0.5994416018343678 0.11749602668573463 0.5823550421875 0.11986799687500001 0.5902880903531322 0.17701395143926538
4 0.6600023343749999 0.7736470593749999 0.6279369696103657 0.7266735020233218 0.6110619263477188 0.7381928428640561 0.643127291112353 0.7851664002157341
4 0.595727590625 0.7914292718750001 0.5816623947659775 0.7839936424840366 0.5531130925684534 0.8379973462639206 0.5671782884274761 0.8454329756548844
4 0.5987471984375001 0.6557433468750002 0.537703654659526 0.650734103475182 0.5364271008419962 0.6662904185961723 0.5974706446199705 0.6712996619959906
3 0.5015625 0.04375000000000006 0.4625 0.04375000000000005 0.4625 0.07187500000000006 0.5015625 0.07187500000000006
3 0.571875 0.17500000000000007 0.53125 0.17500000000000004 0.53125 0.20312500000000008 0.571875 0.20312500000000008
3 0.4468750000000002 0.8140625 0.3984375000000001 0.8140625 0.3984375000000001 0.8484375 0.4468750000000002 0.8484375
3 0.46093750000000017 0.8484375 0.42187500000000017 0.8484375 0.42187500000000017 0.878125 0.46093750000000017 0.878125
3 0.5765625000000002 0.7890625 0.5484375000000001 0.7890625 0.5484375000000001 0.815625 0.5765625000000002 0.815625
3 0.5093750000000001 0.7328125 0.4812500000000002 0.7328125 0.4812500000000002 0.753125 0.5093750000000001 0.753125
3 0.5328125000000001 0.7453125 0.5046875000000002 0.7453125 0.5046875000000002 0.765625 0.5328125000000001 0.765625