1 0.79375 7.290475476174086e-17 0.396875 4.860316984116058e-17 0.396875 0.3156250000000001 0.79375 0.3156250000000001
2 0.5877500155884746 0.5695056303651874 0.42253430768325695 0.3316886849458276 0.017819915532282328 0.6128510498931403 0.18303562343750004 0.8506679953125001
2 0.6285203682074294 0.6204261104804857 0.395481695457395 0.4835895586158857 0.1781761125 0.8536705343750001 0.4112147852500344 0.9905070862396002
2 0.7772743646310042 0.7093814770815294 0.5979713462116483 0.6209974838664378 0.4212288968750001 0.9795517140625002 0.600531915294356 1.0679357072775917
3 0.2687500000000001 0.8234375 0.22812500000000008 0.8234375 0.22812500000000008 0.8609375 0.2687500000000001 0.8609375
3 0.6546875 0.2312500000000001 0.6234375 0.2312500000000001 0.6234375 0.2593750000000001 0.6546875 0.2593750000000001
3 0.5484375 0.11718750000000007 0.5125 0.11718750000000004 0.5125 0.14843750000000006 0.5484375 0.14843750000000008
3 0.609375 0.09843750000000007 0.5796875 0.09843750000000007 0.5796875 0.12343750000000009 0.609375 0.12343750000000009
3 0.603125 0.04062500000000007 0.56875 0.040625000000000064 0.56875 0.07343750000000007 0.603125 0.07343750000000007
3 0.3187500000000001 0.86875 0.27812500000000007 0.86875 0.27812500000000007 0.9 0.3187500000000001 0.9
4 0.3205330772799771 0.839645889993746 0.30598684218749994 0.7716876125000002 0.27165280709758727 0.7790366943853848 0.28619904219006437 0.8469949718791308
4 0.2058993484375001 0.6973757562499999 0.10723445000000006 0.6852458624999999 0.10326231278281846 0.717555338839233 0.20192721122031848 0.729685232589233
4 0.19535492968750004 0.6689314484375 0.09195008424531582 0.6676828197605157 0.09173694781997602 0.685333655054152 0.19514179326216025 0.6865822837311363
4 0.182451215625 0.648037846875 0.17919655525401254 0.6288921652799944 0.08415733494151255 0.6450483090299944 0.0874119953125 0.6641939906250001
4 0.3496286890625 0.7017076656250001 0.34050045827547243 0.6883648159645134 0.2744673206341215 0.7335400023242027 0.28359555142114906 0.7468828519846895
4 0.571593353125 0.6641105593750002 0.5087779954517982 0.6365004840108952 0.501738946875 0.6525149406249999 0.5645543045482018 0.6801250159891049
4 0.43904024193144287 0.8575259429467103 0.41685043289295753 0.8015094128504886 0.3899341018990147 0.8121717699037783 0.4121239109375 0.8681882999999999
4 0.4969101734375 0.7932748265625 0.49164188168562256 0.7811045968483061 0.41737053637312266 0.8132554374733061 0.42263882812500003 0.8254256671875
4 0.498826296875 0.7743593765625001 0.48918373254712205 0.7559983255561786 0.41754124231944517 0.7936223875116679 0.42718380664732314 0.8119834385179894
4 0.7191516171874998 0.2436062703125002 0.68116567944723 0.19113849422864598 0.6636441838819793 0.20382381251990175 0.701630121622249 0.25629158860375595
4 0.66105595 0.21247467031250009 0.6127812703062154 0.17658469613536015 0.5979936576485708 0.19647513297324024 0.6462683373423552 0.23236510715038014
4 0.5702809609374999 0.13833678437500002 0.5123731024101196 0.09384232732386097 0.4992193561812922 0.11096143217884429 0.5571272147086725 0.15545588922998335
0 0.44911765305526863 0.8566105478807813 0.4206357458503665 0.8414434709822526 0.37068781875000006 0.9352395421875002 0.3991697259549022 0.950406619086029
0 0.663550709375 0.7016953765625001 0.6514930624999999 0.6814653312500002 0.5756289300095206 0.7266823787611694 0.5876865768845208 0.7469124240736693
0 0.21123824843750008 0.6102778875 0.08822865743490997 0.5851741478386783 0.07949010785476729 0.627993481703321 0.20249969885735739 0.6530972213646427
4 0.4952780546875001 0.7982982343750002 0.4736873523485693 0.7837051545991809 0.4263506812500001 0.8537405406250003 0.4479413835889311 0.8683336204008194
0 0.6267415125 0.17692955156249998 0.6183898197343891 0.14955625739722728 0.538703925984389 0.17386871677222723 0.54705561875 0.20124201093749994
0 0.5834576749999999 0.12137591562500005 0.506242573968614 0.0771001718255758 0.49323831146861413 0.0997790780755758 0.5704534124999999 0.14405482187500004