1 0.525 0.032812500000000036 0.08125 0.03281250000000001 0.08125000000000003 0.5609375 0.525 0.5609375
2 0.9929261373229685 0.5641208145095616 0.9595312937499999 0.368876240625 0.6460395737456571 0.42249620425664336 0.6794344173186257 0.617740778141205
2 0.9624559203124997 0.5863955687500001 0.6921470309863513 0.5530701670695415 0.6761614376198077 0.6827324598023428 0.9464703269459562 0.7160578614828014
2 0.9086360328125004 0.7029386968750002 0.6643376117878417 0.6680743000874958 0.6470077741523872 0.7895062582182798 0.8913061951770457 0.8243706550057842
0 0.8558162163258606 0.7470266721046889 0.8467319515625 0.7247374093750001 0.7896870367991393 0.7479867700828114 0.7987713015625001 0.7702760328125002
0 0.8226259694269901 0.773524511942701 0.7759429843750001 0.7482113796875002 0.7678491524480101 0.7631381864947994 0.8145321375 0.7884513187500002
0 0.7907956715566437 0.7031745965404413 0.7275262615046395 0.6974166257403565 0.7251370508854958 0.7236696151374151 0.7884064609375001 0.7294275859375
0 0.7469799871029381 0.7334695060080204 0.7161425296874999 0.6940094874999999 0.7013834415322494 0.7055435102827243 0.7322208989476876 0.7450035287907448
0 0.9148964296875002 0.6611859468750001 0.8417666029160895 0.6557892812017718 0.8400631546542459 0.6788725855688871 0.9131929814256565 0.6842692512421154
0 0.8966474156249997 0.4907426140625001 0.8352102083433035 0.45922062483354653 0.8256895609374999 0.4777766234375 0.8871267682191961 0.5092986126664536
0 0.36530211875 0.24604774531250012 0.28368849941392 0.2220131569757257 0.27448058847642004 0.25328021791322564 0.3560942078125001 0.27731480625000005
0 0.43543106336778264 0.3642367088150186 0.41996595781250007 0.35626408750000005 0.3832103639754787 0.42756173428097044 0.3986754695307614 0.435534355595989
0 0.4328501038634071 0.3938767231087981 0.411203297342411 0.3842224143700574 0.37884271847900386 0.45678102094875933 0.40048952499999996 0.4664353296875
0 0.3488245953124999 0.36961028281249997 0.27260359687499996 0.33333355937500003 0.2607326286233116 0.3582756425298481 0.33695362706081156 0.3945523659673481
4 0.3160750386500039 0.42573505711735693 0.2844121953125 0.3695832468750001 0.27043270353749604 0.37746599288264326 0.30209554687499995 0.4336178031250001
4 0.28578706885911503 0.42344874640198515 0.24840581562500003 0.370565003125 0.23432946082838493 0.3805149754730149 0.27171071406249997 0.43339871875
4 0.3434058825875295 0.4485541259118608 0.3424008883946741 0.43156542023823163 0.2852577995571446 0.4349458115138708 0.28626279375 0.4519345171874999
4 0.43130873600962116 0.3643190622493756 0.401334246875 0.3007347750000001 0.3856452119192804 0.3081307973218125 0.41561970105390156 0.37171508457118796
4 0.3586145694062268 0.3369915693588927 0.3504692565532745 0.2662725118698474 0.3352001078125 0.2680311890625 0.3433454206654523 0.3387502465515453
4 0.31582172170784545 0.2532181049637967 0.25402444531250007 0.2504999875 0.2531699704796546 0.2699267481612034 0.314967246875 0.27264486562500007
4 0.9042845890625 0.4861710203125 0.8651766329482395 0.45137668667527525 0.8527253500000003 0.4653716156250002 0.8918333061142606 0.5001659492622249
4 0.9071527046874998 0.5284044500000001 0.8977652547316394 0.509978463619767 0.8508522531691394 0.533879135494767 0.8602397031249998 0.5523051218750001
4 0.8120754139977817 0.6415810680626552 0.7589276092250704 0.6411604202076788 0.7587959155397888 0.6577995880825237 0.8119437203125003 0.6582202359375001
4 0.7640386122422459 0.6478787363036014 0.7150331359375001 0.6294408546875001 0.7114636377577541 0.6389281136963989 0.7604691140625001 0.6573659953125002
3 0.31875 0.2640625 0.2859375 0.2640625 0.2859375 0.2953125 0.31875 0.2953125
3 0.2234375 0.2875 0.18750000000000006 0.2875 0.18750000000000006 0.33125 0.2234375 0.33125
3 0.3859375 0.29687500000000006 0.3453125 0.296875 0.3453125 0.33437500000000003 0.3859375 0.3343750000000001
3 0.38125 0.26406250000000003 0.34375 0.2640625 0.34375 0.30625 0.38125 0.3062500000000001
3 0.9359375 0.4890625000000002 0.89375 0.4890625000000002 0.89375 0.5359375000000002 0.9359375 0.5359375000000002
3 0.8328125 0.47187500000000016 0.80625 0.47187500000000016 0.80625 0.5062500000000002 0.8328125 0.5062500000000002
3 0.89375 0.6250000000000002 0.8640625 0.6250000000000002 0.8640625 0.6625000000000002 0.89375 0.6625000000000002