1 0.41875 0.12031250000000002 1.4734031802241592e-17 0.1203125 4.7646414529326714e-17 0.6578125 0.41875 0.6578125
2 1.011437903526697 0.43923794458672516 0.8859763203125001 0.21100545624999995 0.5208903808483031 0.41169669135077475 0.6463519640625 0.6399291796875
2 1.010832479750152 0.6744934801353097 0.9923653703125002 0.45597801562500007 0.636784909950505 0.4860287183984222 0.6552520193881568 0.7045441829087319
2 0.9711769281249998 0.6885011640625 0.6532888980952456 0.6650761517021244 0.6409123963125735 0.8330308878545155 0.9588004263423278 0.8564559002148912
3 0.15156250000000004 0.275 0.11406250000000004 0.275 0.11406250000000004 0.315625 0.15156250000000004 0.315625
3 0.12812500000000004 0.3203125 0.08750000000000005 0.3203125 0.08750000000000005 0.3671875 0.12812500000000004 0.3671875
3 0.2968750000000001 0.4578125 0.2640625000000001 0.4578125 0.2640625000000001 0.4875 0.2968750000000001 0.4875
3 0.2906250000000001 0.5078125 0.2578125000000001 0.5078125 0.2578125000000001 0.54375 0.2906250000000001 0.54375
3 0.9765625 0.4656250000000002 0.9453125 0.4656250000000002 0.9453125 0.5031250000000002 0.9765625 0.5031250000000002
3 0.978125 0.5265625000000002 0.9453125 0.5265625000000002 0.9453125 0.5671875000000002 0.978125 0.5671875000000002
0 0.9696695103356598 0.6452618620364199 0.9676694015624999 0.6144775890625 0.8779671459143401 0.6203057035885802 0.8799672546874999 0.6510899765625001
0 0.7468684518882939 0.7110267609548424 0.7325241194549417 0.6928506917154856 0.6629192394416478 0.7477820151356434 0.677263571875 0.765958084375
0 0.26217048456325515 0.36263269591553854 0.23793807248055515 0.34728579917731883 0.18343256604230007 0.4333487938867804 0.20766497812500004 0.44869569062500003
0 0.12668558951049125 0.49248025347864444 0.12177944375000001 0.39399965468750003 0.08944560830515144 0.39561047460162946 0.09435175406564267 0.4940910733927738
0 0.13968367887811733 0.35351467018051763 0.12091638494701248 0.3375122648940834 0.0571330576313952 0.41231604783856585 0.07590035156250005 0.42831845312500005
4 0.2391973799546733 0.5859361560510351 0.195045896875 0.541471303125 0.17985052317032685 0.5565595861364652 0.2240020062500001 0.6010244390625001
4 0.27505266100444514 0.4683264263101606 0.2618816419304376 0.4654860875627861 0.24658169030099258 0.5364339471901257 0.2597527093750001 0.5392742859375
4 0.10671562500000001 0.4804369890625 0.10545137812500001 0.4097092359375001 0.08931466560283648 0.4099976770016869 0.09057891247783648 0.4807254301266868
4 0.09283755278321662 0.3812685787060549 0.049886595312500046 0.3734126796875 0.045801700854814074 0.3957462315457966 0.08875265832553066 0.40360213056435146
4 0.9018686078125 0.4515000093750001 0.8326089453633874 0.44859275647355085 0.831567049218004 0.4734139116266891 0.9008267116671167 0.4763211645281384
4 0.8523677084581507 0.47734994817402443 0.8447081289036067 0.45873145259545955 0.7830191985704561 0.4841100481714351 0.790678778125 0.50272854375
4 0.8818663687452268 0.4706882773168168 0.8727143367060538 0.4556787224265332 0.8163485351483271 0.4900476044847165 0.8255005671875001 0.5050571593750002
4 0.9355137830531067 0.52933238997532 0.9101082055246283 0.4991664990990044 0.8970235349715221 0.5101863497486844 0.9224291125000003 0.5403522406249999
4 0.9049765453124998 0.6227046390625001 0.8624592421874999 0.5888186875 0.8495942950436479 0.6049605643598954 0.8921115981686478 0.6388465159223955
4 0.8882611463949956 0.6499011249121587 0.8874990296874999 0.6296207078125 0.8259349676675043 0.6319342204003414 0.826697084375 0.6522146375000001
4 0.8698921633343313 0.616419774952816 0.8622928189313189 0.6077368257017641 0.8109101743469875 0.6527070773114481 0.81850951875 0.6613900265624999
4 0.861199138164843 0.6104895663221355 0.8506399979531636 0.5980988826981498 0.8002369488508208 0.6410515460635144 0.8107960890625001 0.6534422296875
4 0.715107209375 0.6099481703125 0.6999201138182588 0.6067124424358744 0.6875375298708154 0.6648308914586353 0.7027246254275565 0.6680666193352609