1 0.996875 0.2828125000000001 0.6375 0.2828125000000001 0.6375 0.6734375000000001 0.996875 0.6734375000000001
3 0.14687500000000003 0.3609375 0.11250000000000004 0.3609375 0.11250000000000004 0.403125 0.14687500000000003 0.403125
4 0.2658820171010252 0.47916240970921714 0.21110834531250006 0.43584486562500013 0.19430857562868506 0.45708764589423917 0.24908224741721022 0.5004051899784562
0 0.15833471262553464 0.42941122612718363 0.06989716875000003 0.37629088750000006 0.053850259811171086 0.4030066285893869 0.1422878036867057 0.45612696721657053
2 0.36671649008406193 0.4372498518267565 0.034034376562500045 0.4251035687499999 0.02656949969697576 0.629563731345189 0.3592516132185376 0.6417100144219455
2 0.40915942602350197 0.5173162241295209 0.1000800078125 0.1989694640625 -0.053615943640345096 0.3481911971388184 0.25546347457065693 0.6665379572058393
0 0.32993106554906426 0.35453292559967065 0.25227193909325873 0.2789381907547146 0.2263564813566945 0.30556136515504406 0.3040156078125 0.3811561000000001
0 0.3650365910477059 0.22520649633833792 0.28474161875000004 0.14357037031250006 0.26135349710544103 0.16657426173859333 0.34164846940314686 0.2482103877644312
0 0.3662483872790686 0.20381410892040308 0.29046025 0.11517326875000004 0.2720846830334313 0.130884423892097 0.3478728203125 0.2195252640625
0 0.3384589984375 0.5881100296875001 0.2809045885811139 0.5323529652470105 0.2684729026436139 0.5451853902470104 0.3260273125 0.6009424546875001
0 0.272002140625 0.5890220703125 0.26776699520577063 0.564715005961531 0.20089505458077067 0.576366449711531 0.2051302 0.6006735140624999
0 0.3175924171875001 0.6139120703125001 0.31643332968750004 0.5821219359375001 0.24877077809974488 0.5845889534353924 0.2499298655997449 0.6163790878103923
0 0.1261961828125 0.575374371875 0.07329248779908593 0.4994614022238336 0.05442774727949571 0.5126082265878605 0.10733144229290978 0.5885211962390269
0 0.14419652500000002 0.5995241218750001 0.14415752118228503 0.5694888653748376 0.06464749218750002 0.5695921171875 0.06468649600521499 0.5996273736876626
0 0.23672334290060099 0.318013879989795 0.14973114531250004 0.2777925046875 0.13806776851786853 0.3030184640446173 0.22505996610596948 0.3432398393469123
0 0.8224634078167308 0.535536025800093 0.8033166710743682 0.5238082686214761 0.7631842866951375 0.5893284006338831 0.7823310234374999 0.6010561578125
0 0.8809440080392752 0.46712640353523094 0.8587897063054181 0.4552094032932336 0.820975371703643 0.525508149758003 0.8431296734375001 0.5374251500000002
0 0.7633309531250001 0.5590819125000003 0.7208737817316059 0.49744334377711946 0.7033855036066059 0.5094894187771193 0.7458426750000001 0.5711279875000002
0 0.834875549902811 0.5169441615303417 0.8196726754191401 0.5026730015116101 0.7659682395788291 0.5598836134187685 0.7811711140625001 0.5741547734375001
2 0.5605021095917669 0.3949832295441064 0.3040431234375 0.0248039578125 0.08289856309669925 0.17801218439211508 0.33935754925096606 0.5481914561237216
3 0.25312500000000004 0.3453125 0.221875 0.3453125 0.22187500000000004 0.3890625 0.2531250000000001 0.3890625
3 0.28125 0.10000000000000005 0.240625 0.10000000000000005 0.240625 0.14843750000000006 0.28125 0.14843750000000006
3 0.2671875 0.14062500000000006 0.2296875 0.14062500000000006 0.2296875 0.18593750000000003 0.2671875 0.18593750000000003
3 0.8328125 0.4078125000000002 0.8 0.4078125000000002 0.8 0.4500000000000002 0.8328125 0.4500000000000002
3 0.8953125 0.5843750000000002 0.865625 0.5843750000000002 0.865625 0.6218750000000002 0.8953125 0.6218750000000002
3 0.925 0.5390625000000002 0.8984375 0.5390625000000002 0.8984375 0.5734375000000002 0.925 0.5734375000000002
3 0.84375 0.48750000000000016 0.8140625 0.48750000000000016 0.8140625 0.5250000000000001 0.84375 0.5250000000000001
3 0.890625 0.4359375000000002 0.8609375 0.4359375000000002 0.8609375 0.4734375000000002 0.890625 0.4734375000000002
4 0.32185257500000003 0.49904312500000003 0.26437144062500006 0.4758414734375 0.25594897301762953 0.4967077893979914 0.31343010739262944 0.5199094409604913
4 0.38393462506821474 0.4888943093582475 0.36631491312594017 0.47588681480671857 0.33040263805772546 0.5245329195109711 0.34802235000000004 0.5375404140625001
4 0.3460568322920635 0.4706147442588099 0.30707822656250006 0.4101821171875 0.2909759942704365 0.4205679401161901 0.3299546 0.48100056718750006
4 0.2525579772176036 0.302596118268312 0.21677267812499998 0.23542190156250004 0.20513098684489636 0.24162370673168806 0.24091628593749997 0.30879792343750007
4 0.3232137076814965 0.32628827354858536 0.2663217171875 0.2710231328125 0.2510183110685034 0.28677702801391464 0.30791030156249993 0.34204216875000004
4 0.3087214929487404 0.2205636831221618 0.2537628390625 0.15614462500000004 0.23509024418204216 0.17207501437711553 0.2900488980682826 0.23649407249927729
4 0.8451077684384718 0.4518128865310397 0.8340527320786089 0.43249486602890047 0.7845278417651371 0.46083625137286094 0.7955828781250001 0.48015427187500015
4 0.899021332664448 0.6104066394874395 0.8963021906249999 0.5628652562500001 0.8791468370403963 0.5638464612540807 0.8818659790798444 0.6113878444915202
4 0.7390184031250001 0.5470697437500002 0.7237262328933083 0.5433745595164631 0.7104734719558083 0.5982198563914629 0.7257656421875002 0.6019150406250001
4 0.7202670310228425 0.5466184353523477 0.7146694296874999 0.4908022609375 0.6992444167713845 0.49234917943920864 0.7048420181067271 0.5481653538540563
4 0.8232650276918809 0.5087801704479094 0.812253387752647 0.4982546542117037 0.7680510006857659 0.5444985400137943 0.779062640625 0.5550240562500001