1 0.8921875 0.4828125000000001 0.421875 0.4828125 0.4218750000000001 0.9 0.8921875 0.9
2 0.641046746875 0.04622113750000003 0.49367785717927093 -0.046037732166346504 0.31642023524335205 0.23710316289634642 0.4637891249390811 0.329362032562693
2 0.4344260734375001 0.012534092187500068 0.31912113074842074 -0.009783625575172261 0.26364753199388263 0.27682185053884667 0.378952474682962 0.299139568301519
2 0.33542366022081554 0.30875606675200296 0.3068359921875 0.0660168921875 0.20436822616555822 0.07808463726575608 0.23295589419887372 0.32082381183025904
0 0.6012274679816323 0.5732984006766526 0.5157623375 0.572724578125 0.515629093395161 0.5925699550157636 0.6010942238767933 0.5931437775674162
0 0.6137575906249999 0.560212528125 0.5317401120816614 0.5549289990713868 0.530493984375 0.5742729359374998 0.6125114629183386 0.5795564649911131
0 0.5237383419098933 0.6161789178212957 0.5015850312500001 0.613800646875 0.49417562215260685 0.6828184103037043 0.5163289328125 0.68519668125
0 0.7872274921875 0.7129637203125002 0.7382331830209237 0.6198513251694997 0.7115842484374999 0.6338735843750001 0.7605785576040762 0.7269859795180006
0 0.4751252734375 0.15643041406249997 0.4750407135235938 0.08612524574955095 0.44647515625 0.086159603125 0.4465597161639062 0.15646477143794904
0 0.35074472010313396 0.07521293844865619 0.33544692187499997 0.07519561093750003 0.3353797621646125 0.1344883558279139 0.3506775603927465 0.13450568333907004
0 0.37320935781250003 0.17205793749999998 0.3624141690552341 0.11423938075024545 0.3406298109375 0.1183066953125 0.3514249996947659 0.17612525206225454
0 0.2918091453125 0.12963764375000003 0.2693385662370309 0.11924457212637282 0.24610322561203088 0.16948107368887283 0.26857380468750003 0.17987414531250004
0 0.2681297921875 0.19393786406250008 0.24378615889096328 0.14651418927870993 0.22675923125000003 0.1552544921875 0.2511028645465368 0.20267816697129012
4 0.5474786 0.7614044937500001 0.5232399280890543 0.7022569294699073 0.5061738647304186 0.7092506022541745 0.5304125366413642 0.7683981665342673
4 0.7365102952979296 0.6155407084069489 0.6612953473813373 0.5924970544507725 0.6552927270834079 0.6120897272938238 0.7305076750000001 0.6351333812500002
4 0.7389092749999999 0.6143355062500001 0.6643929313945467 0.5768117110854967 0.6570341078125 0.5914251750000001 0.7315504514179534 0.6289489701645039
4 0.5654857828125002 0.6595863062499999 0.531291685663415 0.611847253038608 0.5177311729483605 0.6215602544070415 0.5519252700974456 0.6692993076184335
4 0.5555192203125 0.5417521234375002 0.539814219004537 0.5325530305354247 0.5119698445584362 0.580089884630763 0.5276748458663992 0.5892889775328385
4 0.5153891796875001 0.59978320625 0.502760559162399 0.58623996894377 0.4674314013498989 0.6191832392562701 0.48006002187499996 0.6327264765625001
4 0.5060615437500001 0.615343021875 0.49322980754817125 0.6108222115421877 0.4787260919231713 0.6519891349796877 0.4915578281250001 0.6565099453125001
4 0.6506218110163104 0.766977551912607 0.6280019484375001 0.7594744187500002 0.6070413842961898 0.8226646980873934 0.6296612468750001 0.8301678312500002
4 0.35973018125 0.2116056453125 0.3587970325422976 0.1648630500996328 0.34327226875000005 0.1651729796875 0.34420541745770245 0.21191557490036722
4 0.3699190859375 0.25067408750000003 0.36082952093108156 0.2100783288721732 0.3456456796875 0.21347805625000005 0.35473524469391843 0.2540738148778269
3 0.7359375 0.6609375000000001 0.69375 0.6609375 0.69375 0.6953125000000001 0.7359375 0.6953125000000002
3 0.79375 0.6593750000000002 0.753125 0.6593750000000002 0.753125 0.6890625000000001 0.79375 0.6890625000000001
3 0.65625 0.578125 0.6140625 0.578125 0.6140625 0.609375 0.65625 0.609375
3 0.6328125 0.6234375 0.5921875 0.6234375 0.5921875 0.6515625 0.6328125 0.6515625
3 0.6265625000000001 0.7921875 0.5921875000000002 0.7921875 0.5921875000000002 0.8171875 0.6265625000000001 0.8171875
3 0.5546875 0.04531250000000007 0.5234375 0.04531250000000007 0.5234375 0.07500000000000007 0.5546875 0.07500000000000007
3 0.578125 0.03593750000000007 0.546875 0.03593750000000007 0.546875 0.07031250000000007 0.578125 0.07031250000000007
3 0.3859375 0.08593750000000004 0.3578125 0.08593750000000004 0.3578125 0.11406250000000004 0.3859375 0.11406250000000004