1 0.8625 0.5312500000000001 0.3937500000000001 0.53125 0.3937500000000001 0.896875 0.8625 0.896875
3 0.7171875 0.6921875 0.68125 0.6921875 0.68125 0.715625 0.7171875 0.715625
3 0.7109375000000001 0.7140625 0.6734375 0.7140625 0.6734375000000001 0.7421875 0.7109375000000002 0.7421875
3 0.6093750000000001 0.71875 0.5828125 0.71875 0.5828125000000001 0.7375 0.6093750000000002 0.7375
3 0.6156250000000002 0.7375 0.5843750000000002 0.7375 0.5843750000000002 0.75625 0.6156250000000002 0.75625
3 0.5828125000000002 0.7390625 0.5546875000000002 0.7390625 0.5546875000000002 0.759375 0.5828125000000002 0.759375
3 0.5625000000000001 0.7234375 0.5375 0.7234375 0.5375000000000001 0.7421875 0.5625000000000002 0.7421875
3 0.5296875000000001 0.7234375 0.5 0.7234375 0.5000000000000001 0.746875 0.5296875000000002 0.746875
3 0.5265625000000002 0.7484375 0.4984375000000002 0.7484375 0.4984375000000002 0.76875 0.5265625000000002 0.76875
3 0.5031250000000002 0.740625 0.4750000000000002 0.740625 0.4750000000000002 0.7625 0.5031250000000002 0.7625
0 0.4887504328125001 0.6099937390625001 0.47315057692180285 0.5946837944319225 0.4196286436385952 0.6492192265550404 0.43522849952929243 0.6645291711856178
0 0.6310655656249999 0.6166388562499999 0.5518516694094016 0.5709866368373591 0.535982096875 0.59852288125 0.6151959930905985 0.6441751006626408
0 0.6481345916455863 0.6323169194250502 0.6367320907864373 0.608233081381351 0.5552581390625 0.6468069499999999 0.5666606399216491 0.670890788043699
0 0.5345820328125 0.7157144750000001 0.4640973146412623 0.676455105044362 0.4545963972994599 0.6935126758092997 0.5250811154706976 0.7327720457649379
0 0.6690632872181007 0.7404977296166251 0.5912738976736346 0.6842966935731045 0.5719742234375002 0.7110099000000002 0.6497636129819663 0.7672109360435208
0 0.5897819640624999 0.7254984906249999 0.512154692090349 0.6883888375261351 0.5031137373254326 0.7073010233273423 0.5807410092975835 0.7444106764262072
2 0.32283935312500006 0.05733439687500005 0.19230484766111136 0.05332880919601994 0.18473118553387288 0.300140093721786 0.3152656909977616 0.3041456814007661
0 0.29131824531250006 0.11366820781250005 0.2701546016813198 0.10043355931161832 0.238027546875 0.15180821718750004 0.2591911905061803 0.16504286568838175
0 0.322096203125 0.19179603906250003 0.3084680984375 0.13365350625000003 0.28990520592351976 0.13800448702510906 0.30353331061101974 0.19614701983760904
0 0.30263979375000005 0.17234287031250003 0.28450162721423944 0.17144836658686913 0.28150461197832455 0.23221989822123476 0.2996427785140851 0.2331144019468657
0 0.2547744937649138 0.17692741493042607 0.2403489944330371 0.1283053973198271 0.22097158593750002 0.13405441406250004 0.23539708526937675 0.18267643167309905
4 0.60769979375 0.7721868328125001 0.5407791848726788 0.756969942729327 0.5379553265625 0.7693886640625001 0.6048759354398212 0.7846055541456731
4 0.4180407072527529 0.1473937940224832 0.394085717615289 0.1096242298059141 0.38149049687500003 0.11761262968750001 0.4054454865124639 0.1553821939040691
4 0.36841134375 0.13856542968750005 0.3466152279857917 0.1384939671614257 0.3464688825587517 0.1831294152004131 0.36826499832296 0.18320087772648747
4 0.38496261406249993 0.1904493765625 0.3728590185199241 0.1524540010000437 0.3619429465462361 0.15593136418246528 0.37404654208881194 0.19392673974492158
4 0.42082240819917827 0.17079679863222075 0.3859340690502732 0.14423838630091074 0.37758138906249994 0.15521084687500003 0.412469728211405 0.18176925920631004
4 0.41592537343749997 0.16071316250000006 0.3907101460462475 0.12411128890521024 0.37971284218750007 0.131687390625 0.4049280695787525 0.16828926421978982
4 0.3919130125 0.14636560937500004 0.38393190250908915 0.10958157879243627 0.3688875821965891 0.11284577722993624 0.3768686921874999 0.14962980781250002
4 0.3916023296875001 0.167000059375 0.3800536406335759 0.1317659097809162 0.36366866875857584 0.13713640821841622 0.3752173578125 0.17237055781250005
4 0.3738879703125 0.254777275 0.36126242129660663 0.2099139083189873 0.3462735578125001 0.21413210781249997 0.35889910682839343 0.25899547449351273
4 0.5932985495744582 0.7638372300849456 0.5330028184449305 0.7420887849327767 0.528234353125 0.755308953125 0.5885300842545276 0.7770573982771689
2 0.6948678546875 0.08469497656250005 0.46736348439060427 0.014017900213388845 0.37784660748207827 0.30216621879158134 0.6053509777789741 0.37284329514069253
2 0.47919788906250005 0.02046010000000007 0.34823576472771495 -0.02485151501507703 0.24509913225895624 0.2732396583043966 0.37606125659374134 0.3185512733194737