1 0.8609375 0.45781250000000007 0.4875 0.4578125 0.4875000000000001 0.89375 0.8609375 0.89375
2 0.3238392604993815 0.547738705153084 0.29486556386938984 0.3615238008458793 0.004989889307508355 0.40662636600529545 0.033963585937500006 0.5928412703125001
2 0.3128928138660714 0.3586199540782711 0.3027500032707217 0.24161382714978083 0.011916012842150336 0.26682510588400976 0.022058823437500003 0.3838312328125
2 0.34011504113848323 0.26402322631797165 0.14525111582848083 0.15819286861957046 0.08858543437500001 0.262530578125 0.2834493596850024 0.3683609358234012
0 0.5908609120248639 0.5274990702444095 0.570678571875 0.5232777781250001 0.5535366723501363 0.6052345906930907 0.5737190125 0.6094558828125001
0 0.570678571875 0.5380905703125001 0.5516132868980705 0.5356691268988374 0.5410865861438167 0.6185513237795588 0.560151871120746 0.6209727671932214
0 0.682475315625 0.53559780625 0.6824257246766674 0.5133172560558463 0.6130115546875001 0.5134717546875 0.6130611456358327 0.5357523048816536
0 0.6915255365963445 0.7971159385864433 0.6110236343750002 0.7244187671875004 0.5922846741704145 0.7451695324936336 0.672786576391759 0.8178667038925764
0 0.16370022586390148 0.41016612736425684 0.09402153437500005 0.4035102703125001 0.09123394913609859 0.4326928820107433 0.16091264062500002 0.43934873906250005
0 0.15342839687500004 0.30067016875 0.09472321406250003 0.2919442109375 0.09248650608712165 0.3069919974858909 0.15119168889962167 0.315717955298391
0 0.1926180104539194 0.32804512403973324 0.13705637187500005 0.3016050421875001 0.12766455057579426 0.32134117551494656 0.18322618915471361 0.34778125736717963
0 0.20581845312499997 0.23637931874999998 0.19783113149888037 0.21294546351270488 0.1454410752488804 0.2308023728877049 0.153428396875 0.254236228125
0 0.2277942859508797 0.2280868913569695 0.18570448125000005 0.19222035468750004 0.17375195084154324 0.20624679039300003 0.21584175554242294 0.24211332706246952
4 0.7631489348466692 0.5578951396424584 0.7063280812499999 0.5301143796875001 0.6981887745283306 0.5467619572325417 0.7550096281249999 0.5745427171875
4 0.6102984937499999 0.7433702140625 0.5946271015625 0.6662787109375 0.5750783353679324 0.67025264281583 0.5907497275554323 0.74734414594083
4 0.5980191866246131 0.7468619437137839 0.5745098046875 0.6657303921875 0.5595094734720016 0.6700770182422736 0.5830188554091147 0.7512085697685575
4 0.6619484788151189 0.5682829475313074 0.6158557421874999 0.5339264703125001 0.605774210247381 0.547451879031193 0.651866946875 0.5818083562500003
4 0.5859070346560282 0.5368564792448013 0.5783999549828339 0.5202759448783573 0.5282129828268056 0.5429988312585561 0.5357200625 0.5595793656250001
4 0.6340836828124998 0.49404295000000004 0.6211908265624999 0.48071451875000015 0.5865202437225647 0.5142520620868425 0.5994130999725646 0.5275804933368425
4 0.6565350140625 0.5079638187500001 0.6533802508445691 0.49472982390634623 0.6109227930320691 0.5048509723438463 0.61407755625 0.5180849671875001
4 0.8148058468749998 0.6634628843750001 0.8097082357912312 0.6401826448923347 0.7446731437499999 0.6544232031250001 0.7497707548337685 0.6777034426076656
4 0.2278476890625 0.330353175 0.18338970625 0.30913188593749996 0.1772450742457031 0.3220047111099774 0.2217030570582031 0.3432260001724774
4 0.2699771689157708 0.33584962703753507 0.2311820734375 0.31654154999999995 0.22436177680618302 0.33024535170369607 0.26315687228445384 0.3495534287412312
3 0.6687500000000001 0.7125 0.6390625 0.7125 0.6390625000000001 0.7515625 0.6687500000000002 0.7515625
3 0.6578125000000001 0.7703125 0.6312500000000002 0.7703125 0.6312500000000002 0.8078125 0.6578125000000001 0.8078125
3 0.5921875 0.625 0.565625 0.625 0.565625 0.6640625 0.5921875 0.6640625
3 0.6359375 0.60625 0.6125 0.60625 0.6125 0.6453125 0.6359375 0.6453125
3 0.8015625 0.6234375000000002 0.7796875 0.6234375000000002 0.7796875 0.6562500000000002 0.8015625 0.6562500000000002
3 0.07187500000000006 0.4796875 0.045312500000000054 0.4796875 0.04531250000000006 0.50625 0.07187500000000006 0.50625
3 0.06406250000000006 0.5015625 0.032812500000000064 0.5015625 0.032812500000000064 0.5296875 0.06406250000000006 0.5296875
3 0.12812500000000004 0.3171875 0.10312500000000005 0.3171875 0.10312500000000005 0.3421875 0.12812500000000004 0.3421875