1 0.978125 0.06875000000000009 0.553125 0.06875000000000006 0.553125 0.6093750000000001 0.978125 0.6093750000000002
3 0.7578125 0.3437500000000001 0.7265625 0.3437500000000001 0.7265625 0.3812500000000001 0.7578125 0.3812500000000001
3 0.8015625 0.3890625000000001 0.771875 0.3890625000000001 0.771875 0.42500000000000016 0.8015625 0.42500000000000016
3 0.753125 0.3187500000000001 0.7265625 0.3187500000000001 0.7265625 0.3546875000000001 0.753125 0.3546875000000001
3 0.8953125 0.3281250000000001 0.8640625 0.3281250000000001 0.8640625 0.3703125000000001 0.8953125 0.3703125000000001
3 0.853125 0.26250000000000007 0.821875 0.26250000000000007 0.821875 0.3046875000000001 0.853125 0.3046875000000001
3 0.10781250000000005 0.45625 0.07812500000000007 0.45625 0.07812500000000007 0.4859375 0.10781250000000005 0.4859375
3 0.2015625000000001 0.45 0.17500000000000004 0.45 0.17500000000000004 0.4796875 0.2015625000000001 0.4796875
3 0.10937500000000008 0.6046875 0.08750000000000006 0.6046875 0.08750000000000006 0.634375 0.10937500000000008 0.634375
3 0.16406250000000008 0.5640625 0.1437500000000001 0.5640625 0.1437500000000001 0.5875 0.16406250000000008 0.5875
2 0.38046673828018285 0.458724860777448 0.07176523593750006 0.3126546828125 -0.021355683624584752 0.5094543866866607 0.28734581871809806 0.6555245646516086
2 0.32164708420330645 0.6218717151334893 0.014020853125000055 0.5281363671875001 -0.03059098737663222 0.6745461544845119 0.2770352437016742 0.7682815024305011
2 0.32534244062499995 0.7572594687499998 0.28117688370198757 0.6224870446547647 0.04891804531249995 0.6985993578125 0.09308360223551237 0.8333717819077352
0 0.780438875 0.4436972187500001 0.7611863590141608 0.43153325282850485 0.7080165230766609 0.5156878059535047 0.7272690390625 0.527851771875
0 0.815714441112938 0.4673547449590586 0.8016368506275068 0.4522144852351058 0.7323354220145688 0.5166517637135473 0.7464130124999998 0.5317920234375
0 0.8457894834094993 0.4264671081283497 0.81118566875 0.35581677656250005 0.7886838678665663 0.36683793003790244 0.8232876825260659 0.4374882616037521
0 0.7609057114190183 0.2670607253735855 0.733291955032701 0.25791760775323574 0.6987322233011827 0.3622938230046503 0.7263459796875 0.3714369406250001
0 0.18738764062500002 0.4500866171875 0.17857365781249998 0.4265900859374999 0.11047048459177425 0.45213684396137566 0.1192844674042743 0.4756333752113758
0 0.13305193545460484 0.6539600318046438 0.13029956074867594 0.6368437791866819 0.06168885341907111 0.6478767067570381 0.06444122812500001 0.664992959375
0 0.16889272703213662 0.7590833229252766 0.11364091813552472 0.7183292684256358 0.09924825672838815 0.7378419423753592 0.15450006562500004 0.778595996875
0 0.186492646875 0.7704055390625001 0.17975510802750844 0.7560535565306468 0.1271605515625 0.7807440734374999 0.13389809040999154 0.7950960559693532
0 0.237688733182641 0.7221538335329071 0.23622139028923375 0.7064038481681507 0.17561277187499996 0.7120504328124999 0.17708011476840724 0.7278004181772563
0 0.2013495234375 0.6952773343750001 0.19374912881563222 0.6795803392359298 0.13499717812500003 0.7080276953124999 0.14259757274686785 0.7237246904515702
0 0.1859220655902875 0.68634960937902 0.18043773610889585 0.6735024542103113 0.13184417989360836 0.6942465854562914 0.13732850937500005 0.7070937406250002
0 0.2653672406250001 0.7257443734375 0.253156871875 0.7100076484375 0.21766226054315196 0.7375484673181625 0.22987262929315205 0.7532851923181625
4 0.14611996718750003 0.5072350953125001 0.10268089356967773 0.48362921308573237 0.09344821856967774 0.5006189974607324 0.1368872921875 0.5242248796875002
4 0.159851359375 0.43703876093750005 0.14857507187500002 0.4160605421875 0.10237353637894797 0.44089495751148633 0.11364982387894793 0.46187317626148633
4 0.21808779042362098 0.6459806934910102 0.16967042656250012 0.6341684218750001 0.16550878113175246 0.6512266057393447 0.21392614499287332 0.6630388773553547
4 0.26713895657686537 0.6456583822026435 0.2643675774179074 0.6336715380565455 0.217801058341042 0.644437798041402 0.22057243750000005 0.6564246421875
0 0.31180396562500007 0.70372785625 0.26175237739608964 0.6854581150305668 0.25723412016153413 0.6978362843707936 0.3072857083904445 0.716106025590227
4 0.780936670095104 0.4048527656876807 0.7682891221503709 0.38928591360476705 0.7106350497438961 0.43612792386388444 0.7232825976886292 0.4516947759467981
4 0.8288209335969278 0.3921823996173928 0.785607590625 0.3553200781250001 0.7685609525077728 0.37530368712342127 0.8117742954797006 0.412166008615814
4 0.8604725656249996 0.4047189843750001 0.8350633109374996 0.3518040875000001 0.8155554085870385 0.3611716056945964 0.8409646632745386 0.41408650256959634
4 0.8563879275238809 0.40723163795315304 0.8179447062499999 0.36237075468750013 0.8001952224761192 0.37758105110934725 0.8386384437500001 0.4224419343750001
4 0.8373717745786504 0.3318156376457356 0.8192568906249997 0.2609074718750001 0.8010326843064469 0.2655632033978738 0.8191475682600975 0.3364713691686093
4 0.8822466078125 0.3145434109375001 0.8535985830850364 0.2533158998100164 0.8319288612100365 0.2634550466850164 0.8605768859375 0.3246825578125001