1 0.37812500000000004 0.34218750000000003 4.190588265832349e-17 0.3421875 6.859935585848846e-17 0.778125 0.3781250000000001 0.778125
3 0.2140625000000001 0.5546875 0.17968750000000008 0.5546875 0.17968750000000008 0.59375 0.2140625000000001 0.59375
3 0.1984375000000001 0.63125 0.16406250000000008 0.63125 0.16406250000000008 0.6703125 0.1984375000000001 0.6703125
3 0.2140625000000001 0.659375 0.18125000000000008 0.659375 0.18125000000000008 0.6921875 0.2140625000000001 0.6921875
3 0.1937500000000001 0.671875 0.1687500000000001 0.671875 0.1687500000000001 0.703125 0.1937500000000001 0.703125
3 0.1468750000000001 0.6578125 0.11562500000000009 0.6578125 0.11562500000000009 0.690625 0.1468750000000001 0.690625
3 0.10781250000000009 0.6671875 0.07812500000000008 0.6671875 0.07812500000000008 0.703125 0.10781250000000009 0.703125
3 0.09531250000000006 0.590625 0.06093750000000007 0.590625 0.06093750000000007 0.6265625 0.09531250000000006 0.6265625
3 0.84375 0.2468750000000001 0.809375 0.2468750000000001 0.809375 0.28593750000000007 0.84375 0.28593750000000007
3 0.70625 0.2593750000000001 0.678125 0.2593750000000001 0.678125 0.29375000000000007 0.70625 0.29375000000000007
2 0.7553237640624999 0.07274583750000004 0.4741293984374999 0.0011546984375000457 0.35847168985724476 0.4554329292318668 0.6396660554822449 0.5270240682943668
2 1.0746682445530031 0.40189564344700013 0.9363462281249999 0.2575714468750001 0.6351681750175049 0.5462240539858663 0.7734901914455081 0.6905482505578663
2 0.9357140824781848 0.25417225655776765 0.7477381124999999 0.07716475468750002 0.46282620228244964 0.3797315505328773 0.6508021722606345 0.556739052403145
0 0.31933794085556927 0.6591254225124235 0.3010140593750001 0.6405221937500002 0.25408311695693087 0.6867484181125769 0.27240699843750005 0.7053516468750003
0 0.3025235887768329 0.6366093985496777 0.2822353320725442 0.6240563417746564 0.24340122142071122 0.6868200510374788 0.26368947812499993 0.6993731078125001
0 0.19326158309078093 0.5789954644679786 0.11227341093750007 0.5435818578125 0.10205364503421921 0.5669536699070215 0.18304181718750007 0.6023672765625
0 0.28168481432298986 0.5716514284520882 0.20415029218750008 0.5310983171875001 0.19150977786451037 0.555266037172912 0.2690443000000001 0.5958191484375002
0 0.8949568193472246 0.2550469216185085 0.8716791125000001 0.23082131718750004 0.7970341212777754 0.3025456049439916 0.8203118281249999 0.32677120937500004
0 0.7198279078125001 0.18626875156250006 0.6938334778583071 0.18616425132084372 0.6933744497333071 0.3003474747583437 0.7193688796875 0.30045197500000004
0 0.8789763484374999 0.3987719124999999 0.8655570265625002 0.37170542656250005 0.7857569133493701 0.4112696096389875 0.7991762352243701 0.4383360955764875
0 0.8521267217416689 0.4518338436673274 0.8297497593750001 0.41833430468750005 0.7606925954458311 0.4644629860201729 0.7830695578125 0.49796252500000004
0 0.9391022601209397 0.3538276120999892 0.9104073352162887 0.3515826622828444 0.902493075095349 0.4527426517453554 0.931188 0.4549876015625002
0 0.9766176234374999 0.4515574562500001 0.965427340625 0.426302525 0.8884690191866154 0.46040221718074176 0.8996593019991153 0.4856571484307418
0 0.8359671843750001 0.5120891375000001 0.83116717547802 0.49129547272865837 0.75154484735302 0.5096754883536583 0.7563448562499999 0.530469153125
0 0.7920101288148818 0.536392262526987 0.7812958256776301 0.5145238230933639 0.7116407624877482 0.5486508793163769 0.7223550656249998 0.5705193187500001
0 0.7353374703125001 0.48442500156250007 0.7141686855291904 0.47807738108381026 0.6902858120916905 0.5577247717088103 0.711454596875 0.5640723921875
4 0.8671846637256657 0.38042020492082324 0.8529524140625 0.35489819062500005 0.7819314112743343 0.394502770079177 0.7961636609375 0.4200247843750001
4 0.1916604468750001 0.6979774953125 0.1753649943471954 0.6976602284219293 0.17417386934719542 0.7588387549844293 0.19046932187500012 0.7591560218750001
4 0.26093127800369853 0.6847125396041609 0.2231975781250001 0.6408811406249999 0.2113902485588015 0.6510458682083391 0.24912394843749994 0.6948772671875
4 0.239597146135928 0.6430752026305379 0.1969558331844718 0.5990167354850685 0.18568316093749998 0.6099268187500001 0.22832447388895621 0.6539852858954693
4 0.11537976689875555 0.6301294423961286 0.0778238905324367 0.5743155936641016 0.06230230312499998 0.5847597187500001 0.09985817949131884 0.6405735674820271
4 0.17512094218750002 0.7023466 0.17174141035155868 0.6511638780590466 0.1573545815093367 0.6521138225763903 0.16073411334527804 0.7032965445173436
4 0.18679846080519136 0.7093903664701507 0.1411263233676217 0.6773825442881443 0.13055979224993042 0.6924599856304937 0.17623192968750007 0.7244678078125002
4 0.7239424900290288 0.4335053159304671 0.7128621749999999 0.41111508125 0.655589525595971 0.43945774969453294 0.6666698406249999 0.461847984375
4 0.7854625602506686 0.37226476394531477 0.7736552343749998 0.35843366406250005 0.7220471107772866 0.4024904591339548 0.7338544366529552 0.41632155901676954
4 0.782118496543975 0.34614695334970397 0.7654436191765085 0.3342836436707738 0.7258343882575334 0.3899577418835699 0.742509265625 0.40182105156250003
4 0.6569889813174934 0.48989667381542307 0.6092001781249998 0.4689147734375 0.6028757676369039 0.4833193794398321 0.6506645708293974 0.5043012798177552
4 0.7392784703311734 0.3111471912533448 0.7236855454887824 0.23028586581272753 0.7030838610951091 0.23425859955938275 0.7186767859375002 0.31511992499999997
4 0.6480810685097105 0.3711617617903085 0.6360224204968921 0.3693351053149189 0.626992425 0.4289464984375001 0.6390510730128184 0.43077315491288964
4 0.6839727654390707 0.3499522090294815 0.6762627594187088 0.27958258691527443 0.6614197296875 0.2812088546875 0.6691297357078618 0.35157847680170706