1 0.4000000000000001 0.35937500000000006 0.025000000000000043 0.359375 0.025000000000000067 0.7546875 0.4000000000000002 0.7546875
3 0.6125000000000002 0.7484375 0.5796875000000001 0.7484375 0.5796875000000001 0.7890625 0.6125000000000002 0.7890625
3 0.875 0.6968750000000001 0.8453125 0.6968750000000001 0.8453125 0.7343750000000002 0.875 0.7343750000000002
3 0.7265625000000001 0.7031250000000001 0.703125 0.703125 0.7031250000000001 0.7359375000000001 0.7265625000000002 0.7359375000000001
3 0.7156250000000002 0.8421875 0.6828125000000002 0.8421875 0.6828125000000002 0.8859375 0.7156250000000002 0.8859375
3 0.2296875000000001 0.496875 0.20312500000000008 0.496875 0.20312500000000008 0.5296875 0.2296875000000001 0.5296875
3 0.11093750000000006 0.540625 0.08437500000000006 0.540625 0.08437500000000006 0.5765625 0.11093750000000009 0.5765625
3 0.17343750000000008 0.6421875 0.1468750000000001 0.6421875 0.1468750000000001 0.671875 0.17343750000000008 0.671875
3 0.25468750000000007 0.553125 0.2296875000000001 0.553125 0.2296875000000001 0.58125 0.25468750000000007 0.58125
3 0.2921875000000001 0.51875 0.27031250000000007 0.51875 0.27031250000000007 0.5484375 0.2921875000000001 0.5484375
4 0.73857932327769 0.5622399130707925 0.679676315625 0.5377355468750001 0.6713941485973101 0.5576440213042078 0.7302971562500001 0.5821483875000002
4 0.6542320653383307 0.515214589557931 0.6404862587852505 0.5001659127659798 0.5981634668844197 0.5388245216455487 0.6119092734374999 0.5538731984374999
4 0.7880669664094907 0.6397049954269625 0.7414958047672943 0.5709063420386706 0.7240134867953035 0.5827404669242082 0.7705846484375 0.6515391203125
4 0.7263131101320565 0.8592166069455512 0.7197409578125 0.7721823765625001 0.704702914584404 0.7733179333457123 0.7112750669039605 0.8603521637287633
4 0.6845106363902742 0.8588224488851655 0.60746520625 0.8231677734374999 0.596445920762501 0.8469791131724247 0.6734913509027752 0.8826337886200901
4 0.674324843569176 0.6385705005762663 0.6603468203125 0.577593546875 0.64648678066173 0.5807707465351544 0.660464803918406 0.6417477002364207
4 0.6673718327237266 0.6415751441240214 0.6460786671875 0.5824233640625 0.6334984095107203 0.5869519430658953 0.654791575046947 0.6461037231274167
4 0.1929264328125 0.4699111109375 0.1919210671875 0.4548741140625 0.14028960466486537 0.45832616622559075 0.14129497028986537 0.4733631631005907
4 0.16603929843749998 0.47552564531249997 0.16040026406250002 0.4663884234375 0.11384010927878943 0.4951230122351113 0.11947914365378938 0.5042602341101113
4 0.16471182569196663 0.49257934808048764 0.15823341718750003 0.47833048593750005 0.10814101699339655 0.5011055698824542 0.11461942549786315 0.5153544320254418
4 0.19244821724394762 0.4963052838486838 0.17439486164607423 0.4797448328268138 0.13400248346462665 0.5237785349156301 0.15205583906250003 0.5403389859375001
4 0.1809591421875 0.6521399921875 0.1780067265625 0.6283725734375001 0.12461581169335126 0.6350048532382975 0.12756822731835124 0.6587722719882975
4 0.2673696320697153 0.5027102970863393 0.2586458734375 0.48985330000000005 0.21095103954035346 0.5222153061611737 0.2196747981725687 0.5350723032475131
0 0.7775462112098597 0.43952310368810277 0.7027409328124998 0.41499800000000003 0.6936151903967034 0.44283289565132444 0.7684204687940632 0.4673579993394272
0 0.7370016046875001 0.4998534953124999 0.6944513734375001 0.42414169531249996 0.6735716197722225 0.4358761719317402 0.7161218510222225 0.5115879719317402
0 0.8576013982189219 0.508229475763277 0.7795713703124998 0.47201939375000024 0.7650594345935782 0.5032915336117234 0.8430894625 0.5395016156250003
0 0.9787924625000002 0.47593586718750014 0.8932910882543229 0.4636357001525592 0.888864110129323 0.49440867359005924 0.9743654843750003 0.5067088406250001
0 0.8275555522170961 0.4636225842855759 0.8246399961220765 0.4358130384657337 0.7506688593749999 0.44356818125 0.7535844154700195 0.4713777270698422
0 0.9639327984123364 0.5730363121791323 0.9330578296875001 0.47837387656249997 0.9055821739961172 0.48733529832013717 0.9364571427209535 0.5819977339367696
0 0.8944697859374999 0.5444355218750002 0.8079770833667606 0.5283903215359437 0.8019775927417607 0.5607309684109436 0.8884702953125 0.5767761687500002
0 0.8869788246520128 0.5647862429235628 0.7992336002012064 0.5469132257635538 0.7919763521116936 0.5825417297149912 0.8797215765625002 0.6004147468750001
0 0.9283694692935869 0.737241707909099 0.842747546875 0.6618114062500001 0.8216828010189129 0.6857222749034011 0.9073047234374998 0.7611525765625
0 0.6830306109006693 0.8451129129693611 0.5954352203125 0.7755581953124999 0.5703786967995331 0.807113725085878 0.6579740873877025 0.8766684427427389
0 0.3215195555407482 0.5016095814202427 0.2981937262674267 0.4251546337978758 0.2762255174240624 0.4318569690274022 0.2995513466973839 0.5083119166497692
0 0.30137701169974745 0.47513877170474406 0.2356958536741201 0.47475788314123923 0.23554534041187267 0.5007126801864952 0.30122649843750005 0.50109356875
0 0.28058931953475996 0.40988660686777834 0.2686330734375 0.38496546406249993 0.20772196484024003 0.41418836969472156 0.2196782109375 0.43910951249999997
0 0.230921203125 0.45374299218749997 0.2264623109375 0.4287701421875 0.16027974626354408 0.44058701213119544 0.16473863845104408 0.46555986213119543