1 0.9265625 0.0015625000000000795 0.36875 0.0015625000000000452 0.36875 0.4515625000000001 0.9265625 0.4515625000000002
3 0.64375 0.23593750000000008 0.6046875 0.23593750000000008 0.6046875 0.2687500000000001 0.64375 0.2687500000000001
3 0.596875 0.1937500000000001 0.559375 0.1937500000000001 0.559375 0.22656250000000008 0.596875 0.22656250000000008
3 0.6703125 0.2375000000000001 0.6328125 0.2375000000000001 0.6328125 0.2671875000000001 0.6703125 0.2671875000000001
3 0.653125 0.09843750000000008 0.609375 0.09843750000000007 0.609375 0.1312500000000001 0.653125 0.1312500000000001
3 0.7203125 0.1359375000000001 0.6765625 0.1359375000000001 0.6765625 0.1687500000000001 0.7203125 0.1687500000000001
3 0.5671875000000002 0.890625 0.5359375000000002 0.890625 0.5359375000000002 0.921875 0.5671875000000002 0.921875
3 0.5687500000000002 0.7953125 0.5375000000000002 0.7953125 0.5375000000000002 0.8234375 0.5687500000000002 0.8234375
3 0.41718750000000016 0.896875 0.38750000000000007 0.896875 0.38750000000000007 0.9203125 0.41718750000000016 0.9203125
3 0.4546875000000002 0.8390625 0.4312500000000002 0.8390625 0.4312500000000002 0.8609375 0.4546875000000002 0.8609375
2 0.7095006421875001 0.9178429875000003 0.6035418990829043 0.6101272898594451 0.38941604811048525 0.683859329561047 0.4953747912150809 0.991575027201602
2 0.49733637656250007 0.9867856734375003 0.3876295765010278 0.6844867612913023 0.24375524139050012 0.7366999591618737 0.35346204145197235 1.0389988713080718
2 0.32528062187500006 0.96085765 0.323790214582269 0.6874919878842768 0.19713493593873102 0.6881825206655056 0.19862534323146208 0.9615481827812287
0 0.5491883835970623 0.22533825679403482 0.5331119843501119 0.20778956431332435 0.46029205624999997 0.274500075 0.4763684554969504 0.2920487674807105
0 0.5241163953125 0.18973550625000005 0.5062556363216765 0.17801592306620012 0.4553552859375 0.25558855312500006 0.4732160449283235 0.2673081363088
0 0.6276994265625 0.18169483281250007 0.5553348949207986 0.150835994286025 0.5455064989805873 0.1738837596253587 0.6178710306222888 0.20474259815183377
0 0.7288338235763971 0.25170723753309543 0.7174859167890858 0.22474687626352527 0.6165408343750001 0.26723575 0.6278887411623113 0.2941961112695701
0 0.5901314640625002 0.8171438609375002 0.5669628002775762 0.8077122228874496 0.5394497268400761 0.8752976353874494 0.5626183906250001 0.8847292734375001
0 0.3754549875 0.9436858406249999 0.3741138171875 0.8754335078125 0.35669584482725764 0.8757757740248164 0.35803701513975766 0.9440281068373165
0 0.3035423742267351 0.8951684432815762 0.25790321516238285 0.8436346441852762 0.23986787968750006 0.8596070265625 0.2855070387518523 0.9111408256588
0 0.26018020076222426 0.8325604950234652 0.24542220317097546 0.8268626423885909 0.22439558678375127 0.8813236426776256 0.23915358437500006 0.8870214953125
0 0.30653327656250007 0.774172775 0.29073248937640117 0.7738311554701669 0.2894165034389012 0.834698910157667 0.3052172906250001 0.8350405296875
0 0.3321536405209339 0.8122599661146468 0.3158080351416366 0.8068761225237108 0.2950145664957028 0.8700060829715641 0.31136017187500004 0.8753899265625001
0 0.3379479625000001 0.8261857656249999 0.32427872665929564 0.8228841549635675 0.312170834375 0.8730129109375 0.32584007021570444 0.8763145215989324
0 0.30319893125000014 0.7574957890625 0.2868447312500001 0.7461257515625002 0.26119930245267176 0.7830130944263445 0.2775535024526718 0.7943831319263446
4 0.5356279286663147 0.8973865431182615 0.5112954703125001 0.8537737093749997 0.4944237763471274 0.8631867595149524 0.518756234700942 0.9067995932582141
4 0.6022165812500001 0.8465502609375001 0.5806769562500002 0.8363873421875002 0.5582945776373741 0.8838252932115591 0.5798342026373742 0.893988211961559
4 0.383303565625 0.8368987000000001 0.36897351337747486 0.7891658984228883 0.3521565107834198 0.794214596966808 0.36648656303094496 0.8419473985439196
4 0.3788437129101789 0.7423053278924299 0.36672825382013186 0.7401650868735735 0.3584138406250002 0.7872312500000002 0.3705292997150472 0.7893714910188565
0 0.3300458625338908 0.7456491764680023 0.30640076562499996 0.6986004093750001 0.2945754005332231 0.7045434323457267 0.31822049744211395 0.7515921994387289
4 0.5859873171875 0.2186048515625001 0.5660704475390981 0.20961664153997783 0.5367244514824263 0.2746440915771583 0.5566413211308282 0.28363230159968056
4 0.629534096875 0.2072118624999999 0.5774201991266559 0.17578086866883197 0.5646597634122205 0.1969382029109002 0.6167736611605645 0.22836919674206815
4 0.6304569562500001 0.1576399078125001 0.576284759375 0.13503482656250004 0.5679510440362895 0.15500625082043457 0.6221232409112896 0.1776113320704346
4 0.6208006890625 0.17528806718750006 0.5739893232728128 0.1392453688693944 0.5597288093749999 0.15776657187500007 0.6065401751646871 0.19380927019310573
4 0.7220562453125001 0.16866750312500012 0.6502971959954994 0.1542884924967695 0.6466016265673126 0.17273138510657143 0.7183606758843133 0.18711039573480204
4 0.7248200187500001 0.14142259687500003 0.6651971859375001 0.10857120000000005 0.653732403189643 0.12937892478589214 0.713355236002143 0.16223032166089213