1 0.7078125000000001 0.6109375 0.3218750000000001 0.6109375 0.3218750000000001 0.975 0.7078125000000002 0.975
3 0.23593750000000008 0.45625 0.19531250000000006 0.45625 0.19531250000000006 0.4875 0.23593750000000008 0.4875
3 0.2234375 0.18906250000000005 0.18593750000000003 0.18906250000000005 0.18593750000000003 0.2171875 0.2234375 0.2171875
3 0.2515625 0.334375 0.21875 0.334375 0.21875 0.35625 0.2515625 0.35625
3 0.12187500000000004 0.3796875 0.07812500000000004 0.3796875 0.07812500000000004 0.4125 0.12187500000000004 0.4125
3 0.5734375000000002 0.7671875 0.5421875000000002 0.7671875 0.5421875000000002 0.7921875 0.5734375000000002 0.7921875
3 0.5578125000000002 0.8921875 0.5234375000000002 0.8921875 0.5234375000000002 0.9171875 0.5578125000000002 0.9171875
3 0.44531250000000017 0.85625 0.41718750000000016 0.85625 0.41718750000000016 0.8828125 0.44531250000000017 0.8828125
3 0.5125000000000002 0.7546875 0.4859375000000002 0.7546875 0.4859375000000002 0.7796875 0.5125000000000002 0.7796875
3 0.5359375000000001 0.709375 0.50625 0.709375 0.5062500000000001 0.73125 0.5359375000000002 0.73125
4 0.419917725 0.33478989375 0.38189131674577814 0.28356470012063617 0.364577846875 0.29641714687500004 0.4026042551292218 0.3476423405043639
4 0.4561913515625 0.3585012343750001 0.4364319488192548 0.35249973577723315 0.4204404894442548 0.4051501998397332 0.4401998921875 0.4111516984375001
4 0.3710414453125 0.2875747296875001 0.2962008307044769 0.25445595061045023 0.28750188906249996 0.274113503125 0.362342503670523 0.3072322822020498
4 0.18432209374999997 0.3676624234375 0.18296273100923283 0.3526132669058847 0.09673286382173284 0.3604022528433847 0.09809222656249998 0.375451409375
4 0.1604335046875 0.4739083296875 0.10719894716313003 0.407777124649008 0.08676071280247136 0.4242295749277494 0.1399952703268413 0.4903607799662414
4 0.38591990625000006 0.36318774375000007 0.3237469022666374 0.3620060144987148 0.323473733108858 0.37637795893207376 0.3856467370922207 0.37755968818335905
4 0.38468533437499997 0.378200509375 0.3221393323270044 0.3718499534514038 0.3207887113719291 0.3851520866880125 0.3833347134199246 0.39150264261160866
4 0.6236416755397919 0.8404139073411162 0.6183164937500001 0.7880107312500001 0.603366779794962 0.7895299129190184 0.6086919615847538 0.8419330890101346
4 0.6147697796875001 0.8213807953125002 0.6045397687500003 0.8181197593749999 0.5879226420355084 0.8702484053933542 0.5981526529730082 0.8735094413308545
4 0.60370665625 0.8263723250000001 0.5890655614729932 0.8213857601402317 0.5711343958479931 0.8740336054527319 0.5857754906249999 0.8790201703125001
4 0.5823277859375 0.8003911687500003 0.5573677889063605 0.7945615843441933 0.5447318092188607 0.8486638999691932 0.56969180625 0.854493484375
4 0.45469019639717984 0.8984954218207685 0.4533378640625001 0.8434848328125002 0.42950566259855655 0.8440707028645631 0.4308579949332363 0.8990812918728315
4 0.5682341468750001 0.7317301687500001 0.5546634513102708 0.7246713581219474 0.5278473372477708 0.7762258393719474 0.5414180328125001 0.78328465
0 0.5334296078124999 0.28271749375000005 0.5113202839283978 0.21237958861194475 0.48242965580339786 0.22146078392444474 0.5045389796874999 0.29179868906250006
0 0.5265629437500001 0.29297287812500006 0.44280627656250005 0.2700029125 0.4364716331585664 0.2931012761630827 0.5202283003460665 0.3160712417880827
0 0.45951502656250004 0.22196397343750002 0.4055033665357701 0.15501178296144297 0.3786708984375 0.17665806718750002 0.4326825584642299 0.24361025766355704
0 0.43984640135688957 0.1097756586703325 0.4075189453125 0.02960807968749999 0.37868544844661567 0.041235144073933916 0.4110129044910054 0.12140272305676643
0 0.49411326718750004 0.243124984375 0.4696692977878909 0.170143272466112 0.44392854764938827 0.17876469408327078 0.4683725170489974 0.2517464059921588
0 0.4162175640624999 0.07457400625000003 0.31689767583678463 0.06751707131913337 0.3148494091893598 0.09634454620329135 0.414169297415075 0.10340148113415801
0 0.3962310769150095 0.20897606332853905 0.36145352499999994 0.12799757812500004 0.3312378186135718 0.14097421376916447 0.36601537052858135 0.2219526989727035
0 0.3820891372844925 0.22100425322243433 0.343519535155568 0.14018931094638126 0.3107050359375 0.15585030312499998 0.34927463806642456 0.23666524540105302
0 0.26007694843750007 0.20657924218750004 0.16617343039299237 0.1417488987285713 0.148068840625 0.16797249375000006 0.24197235866950767 0.2328028372089288
0 0.20953919218750006 0.47406317500000006 0.1208593041467951 0.40589655032481986 0.09630283011886945 0.43784276121391236 0.1849827181595744 0.5060093858890926
0 0.6214434938314765 0.6777050322708396 0.5416165574018241 0.6735682049902951 0.5404279006598947 0.6965053062371688 0.620254837089547 0.7006421335177132
0 0.5877035265625 0.7505330125 0.5722534984434922 0.6869990212892182 0.5470265765625 0.6931336375000001 0.562476604681508 0.7566676287107821
0 0.66759024375 0.6966649671875002 0.6439213449362772 0.6856716328124449 0.6135488844477789 0.7510642306813194 0.6372177832615016 0.7620575650563748
0 0.6352887828125001 0.7481803890625002 0.6103615043437085 0.7458333176665126 0.6039761621562085 0.8136494067290128 0.6289034406250001 0.8159964781250002