1 0.6000000000000001 0.5328125 0.13750000000000004 0.5328125 0.13750000000000007 0.890625 0.6000000000000002 0.890625
3 0.3156250000000001 0.6890625 0.2796875000000001 0.6890625 0.2796875000000001 0.7125 0.3156250000000001 0.7125
3 0.3234375000000001 0.7109375 0.28593750000000007 0.7109375 0.28593750000000007 0.7390625 0.3234375000000001 0.7390625
3 0.4140625000000001 0.7171875 0.38750000000000007 0.7171875 0.38750000000000007 0.7359375 0.41406250000000017 0.7359375
3 0.4125000000000002 0.7359375 0.37968750000000007 0.7359375 0.37968750000000007 0.7546875 0.4125000000000002 0.7546875
3 0.44062500000000016 0.7375 0.4125000000000002 0.7375 0.4125000000000002 0.7578125 0.44062500000000016 0.7578125
3 0.4593750000000001 0.7234375 0.434375 0.7234375 0.43437500000000007 0.7421875 0.4593750000000002 0.7421875
3 0.49687500000000007 0.7234375 0.4671875 0.7234375 0.4671875000000001 0.746875 0.4968750000000002 0.746875
3 0.4968750000000002 0.7484375 0.46875000000000017 0.7484375 0.46875000000000017 0.76875 0.4968750000000002 0.76875
3 0.5218750000000002 0.740625 0.49218750000000017 0.740625 0.49218750000000017 0.7625 0.5218750000000002 0.7625
0 0.5716918765624999 0.6563452375000001 0.5278901866415301 0.5965712968246645 0.5093281984375 0.61017331875 0.5531298883584698 0.6699472594253357
0 0.46230392187499997 0.5978799015625 0.4534650288875385 0.5696118496451381 0.36188848835151116 0.598246127108833 0.3707273813389726 0.6265141790261948
0 0.44218814218749997 0.645820203125 0.35577130944308 0.6149357476509324 0.3470845663843288 0.6392418527927949 0.43350139912874874 0.6701263082668625
0 0.5419809234936759 0.694181234174757 0.532744163420915 0.6769570936656837 0.46165849687500005 0.7150780812499999 0.4708952569477608 0.7323022217590732
0 0.42435410781250005 0.7097216390625001 0.407625241643294 0.6821912616936513 0.32461981995149836 0.7326296037547294 0.34134868612070435 0.7601599811235783
0 0.4891743703125001 0.6982514000000001 0.477818528101133 0.6798233449661191 0.40629621875 0.7238972343750001 0.4176520609613671 0.7423252894088812
2 0.8217644243142305 0.11886712931795884 0.68485924375 0.0604936968750001 0.6006346889440801 0.2580283869056749 0.7375398695083105 0.31640181934863365
0 0.7680093375 0.1564332984375 0.7248722050803817 0.10878647989588397 0.7071828666387012 0.1248015541050409 0.7503199990583196 0.17244837264665694
0 0.7161668999999999 0.14257090312500006 0.6978963578124999 0.1370519953125001 0.6806461011199743 0.19415958858161597 0.6989166433074743 0.19967849639411595
0 0.7213078890625 0.1758371843750001 0.703048553125 0.1758371843750001 0.703048553125 0.2363100484375001 0.7213078890625 0.2363100484375001
0 0.7853725484375002 0.13897986718750013 0.7676302209725825 0.13004376521065902 0.7440786067108391 0.17680469672668336 0.7618209341757567 0.18574079870352447
4 0.45734897343750003 0.7686852234374999 0.4549262662431312 0.7561930703245314 0.38737770214398604 0.7692933253992462 0.3898004093383548 0.7817854785122147
4 0.6251650328125 0.11973914531250003 0.6147095346480957 0.11009285922972212 0.5839765752730959 0.1434039592297221 0.5944320734375002 0.1530502453125
4 0.659668534375 0.14136887187500008 0.6378765171875 0.14091701718750008 0.6369520090745955 0.18550413168191376 0.6587440262620954 0.18595598636941374
4 0.63836788125 0.15647636562500009 0.626724750475183 0.1545433073939083 0.62042226875 0.1925042015625001 0.6320653995248171 0.19443725979359186
4 0.6284173671875 0.15739985937500006 0.621299538332786 0.14595998378383607 0.5835069464324769 0.16947433050717087 0.5906247752871908 0.18091420609833486
4 0.626696778125 0.13384278750000006 0.6177833830856958 0.12503605786068248 0.58545392973958 0.1577570792705114 0.5943673247788841 0.166563808909829
4 0.6354073296875 0.11461834687500012 0.6202545597950022 0.11210197418369232 0.6140745879200022 0.14931573512119228 0.6292273578125 0.1518321078125001
4 0.6361907093750001 0.13733053281250007 0.6194289240081037 0.13476274367945823 0.6137197740081037 0.17203042492945825 0.6304815593750001 0.17459821406250006
4 0.6586921109375 0.21685854375000008 0.6453366828732955 0.2096578305047614 0.6221837163982344 0.2526004901690773 0.6355391444624389 0.259801203414316
4 0.4673141921875 0.7547773109375001 0.46414708865961724 0.7411752699975359 0.4014057261596172 0.7557839887475359 0.4045728296875001 0.7693860296875001
2 0.6248880225668296 0.3003935516436198 0.5260155478099684 0.008903081209998364 0.3124098968749999 0.08135731718750001 0.4112823716318611 0.3728477876211215
2 0.689516340625 0.3003546921875 0.6848483956127717 0.018319528177515906 0.5291680671875001 0.020896182812500004 0.5338360121997284 0.30293134682248407