1 0.9578125 0.3390625000000001 0.628125 0.3390625000000001 0.628125 0.6921875000000001 0.9578125 0.6921875000000002
3 0.45625000000000016 0.7609375 0.4281250000000002 0.7609375 0.4281250000000002 0.7984375 0.45625000000000016 0.7984375
3 0.1859375000000001 0.746875 0.1609375000000001 0.746875 0.1609375000000001 0.78125 0.1859375000000001 0.78125
3 0.3281250000000001 0.73125 0.30937500000000007 0.73125 0.30937500000000007 0.7625 0.3281250000000001 0.7625
3 0.3687500000000001 0.8671875 0.34062500000000007 0.8671875 0.34062500000000007 0.9078125 0.3687500000000001 0.9078125
3 0.7953125 0.4578125000000002 0.7734375 0.4578125000000002 0.7734375 0.48750000000000016 0.7953125 0.48750000000000016
3 0.91875 0.4859375000000002 0.8953125 0.4859375000000002 0.8953125 0.5187500000000002 0.91875 0.5187500000000002
3 0.871875 0.5953125000000001 0.8484375 0.5953125000000001 0.8484375 0.6218750000000002 0.871875 0.6218750000000002
3 0.7765625 0.5171875000000001 0.753125 0.5171875000000001 0.753125 0.5421875000000002 0.7765625 0.5421875000000002
3 0.73125 0.48906250000000007 0.7109375 0.4890625 0.7109375 0.5156250000000001 0.73125 0.5156250000000002
4 0.33674240871437183 0.5757098214727064 0.32440875675940173 0.5582466602172168 0.27104327304502995 0.5959369324945103 0.283376925 0.6134000937499999
4 0.40538760468750007 0.5501853406250001 0.35469712812500004 0.5287780109375001 0.34666308615534647 0.5478018416585575 0.3973535627178465 0.5692091713460574
4 0.28510807709341235 0.610104421461015 0.2660203272609949 0.6022425763544096 0.2340510814175826 0.6798606111433948 0.25313883125000003 0.6877224562500001
4 0.33539005625000007 0.800115546875 0.3202780109375001 0.800115546875 0.3202780109375001 0.8866872078125001 0.33539005625000007 0.8866872078125001
4 0.4497806657827682 0.8613174226237282 0.4385568984375 0.8349789921875 0.3638387326547319 0.8668191320637719 0.37506249999999997 0.8931575625000001
4 0.3663434006033977 0.6017755936993069 0.3520125984375001 0.5991543765625 0.34091531514298434 0.6598257987195972 0.355246117308882 0.6624470158564041
4 0.37985436605512496 0.6063962818472924 0.366814075 0.601951446875 0.3469255698823751 0.6603004962777076 0.3599658609375001 0.66474533125
4 0.8514382000000001 0.4227577031250001 0.8500669743460032 0.4077521691127073 0.7985263587210032 0.41246201911270725 0.7998975843750001 0.42746755312500007
4 0.88057668125 0.44404131718750006 0.8316169468749998 0.41945238125 0.8268045753777423 0.4290344319258983 0.8757643097527426 0.4536233678633984
4 0.8859098390624999 0.4543127921875 0.8354247203125 0.4309766578125001 0.8289350618203656 0.4450163086971536 0.8794201805703654 0.4683524430721534
4 0.8598363093750001 0.4677446312500001 0.8073511906249999 0.44952264218750015 0.7989445114431105 0.4737365495519075 0.8514296301931106 0.49195853861440747
4 0.89076628125 0.5968008874999999 0.8866613631829303 0.5735096424546902 0.8330048506829304 0.5829662252671901 0.8371097687500001 0.6062574703125
4 0.7860621500000002 0.4884201687500001 0.7375931375000001 0.4563620453125001 0.7291544716152518 0.4691205526234034 0.7776234841152518 0.5011786760609035
0 0.293413690625 0.473722921875 0.2878472148006484 0.44395808070330867 0.21536472105064836 0.4575134041408087 0.22093119687499999 0.48727824531249997
0 0.31795940864399563 0.46492047667213754 0.2968835781250001 0.4519423437500002 0.25207688050905624 0.5247061512048238 0.2731527110280518 0.5376842841269612
0 0.22835624117887193 0.5196817544121062 0.20401483159284148 0.4969979195930936 0.1414056138514696 0.5641821776809876 0.16574702343750009 0.5868660125
0 0.11196364338648937 0.538640638820679 0.0999773995956441 0.5101813755102538 0.01919845464665475 0.5442032023145748 0.031184698437500026 0.572662465625
0 0.2449000013506831 0.5069484057628759 0.24391684218749993 0.4790037343749999 0.16958627939385748 0.4816188581279611 0.17056943855704063 0.5095635295158372
0 0.09573509334808117 0.5498889293272555 0.06814688437500008 0.5388543421875001 0.0323514937442901 0.6283484668417173 0.05993970271737119 0.6393830539814728
0 0.20160749375 0.57885060625 0.18383561379696078 0.5526271565442519 0.1082235684844608 0.6038701549817519 0.12599544843750002 0.6300936046875
0 0.21606905699517914 0.6006554832371742 0.1966712235795655 0.5713045309045364 0.11855104627188644 0.6229335945423622 0.13794887968750005 0.652284546875
0 0.19553951823068538 0.7157472164417971 0.16997630353023632 0.6996889586855353 0.10744133686205104 0.7992386609937383 0.1330045515625001 0.81529691875
0 0.4668568880579037 0.8228767707578507 0.44384383749999995 0.7861584968749998 0.35541534631709626 0.841580746429649 0.37842839687499996 0.8782990203125
0 0.71253573500104 0.40471017635776424 0.6898522173362202 0.3977856714675907 0.6672357745226802 0.4718733482348266 0.6899192921874999 0.4787978531250001
0 0.7623184438564625 0.45018399878069576 0.7538362927571776 0.4263357057164293 0.688509095775715 0.44957070849823355 0.6969912468749999 0.4734190015625
0 0.7749651498103196 0.39092638401516266 0.7131055671875 0.35388492031249996 0.699698381632572 0.3762750426152242 0.7615579642553916 0.4133165063178869
0 0.8277394953125 0.40483333281250006 0.7609623593750001 0.39139425781250015 0.7560225351654175 0.4159396459996076 0.8227996711029174 0.42937872099960755