1 0.7015625000000001 0.6421875 0.3203125000000001 0.6421875 0.3203125000000001 0.9921875 0.7015625000000002 0.9921875
3 0.6515625 0.11875000000000009 0.6109375 0.11875000000000009 0.6109375 0.1515625000000001 0.6515625 0.1515625000000001
4 0.5741982250000002 0.2135233125000001 0.5535546888631728 0.19599241490702865 0.5083519604589688 0.24922095910145114 0.5289954965957961 0.2667518566944226
0 0.6386441249999999 0.07447656093750007 0.612504687826583 0.057507061671280814 0.5563302823483548 0.14403685961736573 0.5824697195217717 0.161006358883585
2 0.591112771875 0.03693207812500008 0.4240099768454021 -0.042632987546387426 0.2629118469331881 0.2957057991461868 0.43001464196278605 0.37527086481757427
2 0.8148041625 0.1108294421875001 0.6710372429039557 -0.04798064416432548 0.3420976953548151 0.24980035054963406 0.48586461495085925 0.40861043690145965
0 0.7373709629934926 0.2741576363693958 0.7167585750938456 0.24463801428234105 0.6256112609375 0.3082825890625001 0.6462236488371471 0.33780221114955483
0 0.8637249109374998 0.29731196250000014 0.8415512668300243 0.27313526506686736 0.7571626179008492 0.3505322657631597 0.7793362620083247 0.3747089631962925
0 0.8919051359374999 0.3040181546875 0.8768448491782292 0.2851054700640693 0.7856130406249999 0.3577539187500002 0.8006733273842703 0.3766666033734309
0 0.474223432738995 0.2784322425203537 0.46154777244512984 0.2658472507851208 0.4049056834561348 0.32289741763976726 0.41758134375000006 0.3354824093750001
0 0.4432346652698439 0.2632268388358797 0.4274982795743357 0.19752814391611664 0.4032527846169917 0.20333551133023695 0.41898917031249994 0.26903420625
0 0.4243344750000001 0.31367913906250006 0.42423034901977824 0.24597170763039178 0.39241912870727824 0.24602062950539177 0.39252325468750005 0.31372806093750005
0 0.5154301473281881 0.07357122296375081 0.5029497025307055 0.05425915802933701 0.4252366645775174 0.10448130069058625 0.437717109375 0.12379336562500005
0 0.44564385937499995 0.06248396718750006 0.41587456805890993 0.06109778818255655 0.4121585185146694 0.14090289346333543 0.4419278098307594 0.1422890724682789
0 0.7342963390625 0.15769945000000013 0.7094927919631613 0.14516280459720182 0.6662599352733631 0.2306983017490165 0.6910634823727019 0.24323494715181485
0 0.45974331093750004 0.8111846140625 0.403780365625 0.7613879812500001 0.38875258658253287 0.7782766488008473 0.44471553189503277 0.8280732816133473
0 0.5322417325911243 0.8601343084178474 0.4633055102591836 0.8198896213621275 0.450622596875 0.8416145296875002 0.5195588192069407 0.88185921674322
0 0.4936424562500001 0.7189424671875001 0.48168963682590904 0.7014017949245291 0.419811141513409 0.7435679371120292 0.4317639609375 0.7611086093750001
0 0.4809458828125 0.8245765406250001 0.4324193753892257 0.7650826642939911 0.41607766874999996 0.7784118671875001 0.4646041761732742 0.8379057435185091
2 0.9817453625000002 0.3207465984375001 0.818464178125 0.10587747500000008 0.46777182571027004 0.3723720822169738 0.63105301008527 0.5872412056544738
3 0.665625 0.22656250000000008 0.621875 0.22656250000000008 0.621875 0.2562500000000001 0.665625 0.2562500000000001
3 0.9078125 0.25468750000000007 0.8609375 0.25468750000000007 0.8609375 0.29375000000000007 0.9078125 0.29375000000000007
3 0.8671875 0.24218750000000008 0.8234375 0.24218750000000008 0.8234375 0.27812500000000007 0.8671875 0.27812500000000007
3 0.5812500000000002 0.803125 0.5390625000000002 0.803125 0.5390625000000002 0.834375 0.5812500000000002 0.834375
3 0.4031250000000002 0.8625 0.3656250000000001 0.8625 0.3656250000000001 0.8921875 0.4031250000000002 0.8921875
3 0.4468750000000002 0.896875 0.4125000000000002 0.896875 0.4125000000000002 0.9234375 0.4468750000000002 0.9234375
3 0.5015625000000001 0.8140625 0.46406250000000016 0.8140625 0.46406250000000016 0.84375 0.5015625000000001 0.84375
3 0.5515625000000002 0.8625 0.5140625000000002 0.8625 0.5140625000000002 0.8921875 0.5515625000000002 0.8921875
4 0.5323671265625001 0.26535810000000004 0.5118074619403548 0.2562125401068659 0.4866138838153547 0.31284893229436594 0.5071735484375 0.3219944921875001
4 0.5255207765625001 0.37132457968749993 0.48349318795113055 0.33059674474414846 0.46778639687499995 0.3468047890625 0.5098139854863695 0.3875326240058515
4 0.5964960421875001 0.3103303484375 0.5866785067259146 0.293875465824822 0.5249223578125 0.33072125781250006 0.5347398932740853 0.3471761404251781
4 0.7743014156249999 0.2261788546875001 0.7685096778361844 0.21432781583410798 0.7001274937499999 0.2477469687500001 0.7059192315388154 0.25959800760339224
4 0.7369926343750001 0.2744552453125001 0.7217824181003084 0.258611359638793 0.6645654421875 0.3135399671875001 0.6797756584621917 0.3293838528612072
4 0.8522394609375 0.26591322031250003 0.83697044076591 0.24669603770707 0.7706725942860595 0.2993730183039958 0.7859416144576495 0.31859020090942586
4 0.5489207066957411 0.8418736262107137 0.5309352087100846 0.7888330553743124 0.5095179453125 0.7960954234375001 0.5275034432981565 0.8491359942739015
4 0.4233422921875 0.893866809375 0.4216197265625 0.8767174640625003 0.37533513051341605 0.8813665193277791 0.37705769613841605 0.8985158646402788
4 0.4484622838322408 0.7270867309408614 0.3959169680814278 0.7071687238480637 0.3902679359375 0.7220713281250001 0.442813251688313 0.7419893352177979
4 0.5017002796875 0.7148596546875 0.5007243252629309 0.6993921084927066 0.4447208916930817 0.7029257522973043 0.4456968461176508 0.7183932984920975
4 0.48752875000000007 0.8153612390625 0.44726612053959347 0.7669878604638561 0.43527031718750014 0.77697233125 0.4755329466479067 0.8253457098486437