1 0.95 0.3156250000000001 0.56875 0.3156250000000001 0.56875 0.6875000000000001 0.95 0.6875000000000002
2 0.4513027914334408 0.53057293010875 0.2632737985786194 0.35892500392006826 0.0077087024576786515 0.6388797269363184 0.19573769531250015 0.8105276531250002
2 0.32059624835493283 0.378429051097139 0.22390803131945503 0.251392205519959 -0.05634120141047787 0.46469094192282007 0.04034701562499996 0.5917277875
2 0.3087503748823474 0.3299785350104909 0.27648206647922846 0.19496647909270667 -0.02168099590311897 0.26622839408221577 0.010587312500000001 0.40124044999999997
0 0.6989788769195104 0.40009450059498974 0.6819498359375001 0.39680426562500015 0.6656454637054898 0.4811896744050106 0.6826745046875 0.4844799093750002
0 0.685481319721218 0.37794711983859797 0.6689199671875 0.37504172812500003 0.6549489005912821 0.45467978797390207 0.671510253125 0.4575851796875
0 0.8355652622291092 0.4288238064213196 0.8102285625000001 0.42272764843750005 0.790074809645891 0.5064901732661806 0.8154115093750003 0.51258633125
0 0.8638553080213441 0.4275885474694715 0.8140112843749998 0.3637385031250003 0.7958342102441798 0.37792828986829485 0.845678233890524 0.44177833421276613
0 0.7906284159011477 0.5186211199666102 0.7749924765624999 0.42941499218749996 0.7535623751602687 0.4331712337584386 0.7691983144989164 0.5223773615375489
0 0.2272851179448593 0.6141594308638493 0.20672224843750003 0.6061470140625 0.16651893361764084 0.7093238128861509 0.1870818031250001 0.7173362296875001
0 0.19371440871829637 0.6562984338121947 0.19265400712635394 0.6259324877140394 0.11396125309555757 0.6286804976518447 0.1150216546875 0.65904644375
0 0.22875475118882954 0.5527107929195496 0.20683768437500002 0.5385156500000001 0.15269445818617053 0.6221118992679504 0.17461152500000005 0.6363070421875
0 0.20444709668432334 0.5355638025574294 0.18867177031250007 0.5286258671875 0.14764951984330024 0.6219013670520803 0.16342484621512354 0.6288393024220096
0 0.18334442812500001 0.5436236781250001 0.1641642850681461 0.5246760248694093 0.09955619288064614 0.5900768654944093 0.11873633593750008 0.6090245187500001
0 0.11170441301934589 0.43326070471030176 0.10453377123051757 0.40902960446637565 0.021564391023671702 0.43358250131857395 0.028735032812500016 0.45781360156250006
4 0.2673393029383845 0.5586244361360426 0.2460092890625 0.5020007546875 0.23073957518661556 0.5077528216764574 0.25206958906250004 0.564376503125
4 0.2812757458089953 0.5740482835197815 0.27280943125 0.5653787953125 0.2186143838785048 0.6183037555427185 0.22708069843750006 0.6269732437500001
4 0.26711984847454157 0.6025599796049986 0.25558827031250003 0.5923101687500001 0.20161219683795856 0.6530361000825013 0.2131437750000001 0.6632859109375
4 0.24831767187500003 0.401348840625 0.2334695503121011 0.39396417682340107 0.2047826015625 0.45164416249999995 0.21963072312539894 0.45902882630159897
4 0.23379256874999998 0.4022877046875 0.22351462584514978 0.3956366672817334 0.19036435709514976 0.44686425009423336 0.2006423 0.4535152875
4 0.20403790585633427 0.41390164620941317 0.18949532500000005 0.40297132812500003 0.1570114035186658 0.44619056941558705 0.17155398437500005 0.4571208875000002
4 0.18495676718750004 0.40269818125 0.17218044594408433 0.3949929076215047 0.14123174062500002 0.44630978750000005 0.15400806186841573 0.4540150611284954
4 0.17372722138599722 0.41182281844818974 0.1683183424206042 0.3958545939572828 0.11181653509710694 0.414993317696593 0.11722541406250002 0.4309615421875
4 0.7781098347969069 0.34898996518108777 0.7678963593749999 0.330544990625 0.7201062745780928 0.3570076379439122 0.7303197499999999 0.3754526125
4 0.8428780580536387 0.42080719848398596 0.7879108968749999 0.39415998906250027 0.7809706650454913 0.40847611633705583 0.8359378262241298 0.4351233257585415
4 0.668074862121006 0.39735830925240734 0.6522022453125002 0.3958775906250001 0.6465753941289942 0.4561948251225928 0.6624480109375 0.45767554375
3 0.07343750000000007 0.5140625 0.04375000000000007 0.5140625 0.04375000000000007 0.5546875 0.07343750000000007 0.5546875
3 0.20312500000000008 0.4390625 0.17343750000000005 0.4390625 0.17343750000000005 0.48125 0.20312500000000008 0.48125
3 0.8515625 0.5421875000000002 0.815625 0.5421875000000002 0.815625 0.5921875000000002 0.8515625 0.5921875000000002
3 0.8796875 0.5265625000000002 0.8484375 0.5265625000000002 0.8484375 0.5671875000000002 0.8796875 0.5671875000000002
3 0.8140625 0.41406250000000017 0.7859375 0.41406250000000017 0.7859375 0.4437500000000002 0.8140625 0.4437500000000002
3 0.7546875 0.4828125000000002 0.73125 0.4828125000000002 0.73125 0.5109375000000002 0.7546875 0.5109375000000002
3 0.7671875 0.4593750000000002 0.74375 0.4593750000000002 0.74375 0.48750000000000016 0.7671875 0.48750000000000016