1 0.5953125 0.057812500000000044 0.1078125 0.057812500000000024 0.10781250000000002 0.46875 0.5953125 0.46875
2 0.5956677195176824 0.6809669491546169 0.37726213990654606 0.5485720671128655 0.18594708601386375 0.8641754695207486 0.4043526656250001 0.9965703515625
2 0.6615260343750002 0.6921856156250001 0.4789804987471554 0.6591974788127478 0.42016877187499996 0.9846422968750002 0.6027143075028448 1.0176304336872524
2 0.7898788007923299 0.9531975814487735 0.7316636232715641 0.6766418045515707 0.5618356052917342 0.7123907168527971 0.6200507828124999 0.98894649375
0 0.45997615781250023 0.3569035171875001 0.344516704736946 0.32963743980891413 0.3385713540012846 0.354813299715368 0.4540308070768388 0.3820793770939539
0 0.39010595000000003 0.2823459468749999 0.28650777171278363 0.2349057135139983 0.27421758442315947 0.2617445573351258 0.37781576271037587 0.3091847906961275
0 0.5165681890625001 0.27942303281250014 0.49329165852706386 0.2742528513912522 0.4756048194645639 0.3538802795162522 0.49888135000000017 0.3590504609375001
0 0.5345712650813025 0.27513161273317926 0.5085409169893668 0.27410790058144563 0.5057467050330643 0.3451574722232664 0.531777053125 0.3461811843750001
0 0.609156215503603 0.8942888327804747 0.5736858408779077 0.8932388248166238 0.5710442394368049 0.9824749029736491 0.6065146140625002 0.9835249109375
0 0.685781296874046 0.8931466208411953 0.6631216109375 0.8246326609375 0.6403115296884542 0.8321766604088048 0.662971215625 0.9006906203125
0 0.748520734375 0.893391059375 0.7302851545684633 0.8735726286313298 0.6727713801411813 0.9264929146574484 0.691006959947718 0.9463113454011186
0 0.7651132796875 0.9252436531250001 0.7495512343749999 0.8544459390625001 0.727113738772286 0.8593779249026108 0.7426757840847861 0.9301756389651109
0 0.6999356208280096 0.7803956245851543 0.6760142676314185 0.7796969974973591 0.673729813990909 0.8579178729122047 0.6976511671875002 0.8586164999999999
0 0.7405775375 0.8082349749999999 0.7068956312499999 0.7501239609374999 0.6864242493021843 0.7619894425281787 0.7201061555521843 0.8201004565906788
0 0.72500320625 0.7711126953125 0.7196055329370505 0.7094169916781319 0.692203434375 0.7118143640625 0.6976011076879496 0.7735100676968681
4 0.46375927343749995 0.28431754218750005 0.3941542734375 0.27471828906250007 0.39131889549045124 0.2952778554615085 0.4609238954904512 0.3048771085865085
4 0.5122213108997007 0.26997735906033876 0.44838587500000004 0.2689415250000001 0.4481915547252995 0.2809169175021614 0.5120269906250001 0.2819527515625001
4 0.46212620624999995 0.19135894062500008 0.4513152284987731 0.17493758183409866 0.40335853765372975 0.20650979972117706 0.4141695154049566 0.22293115851207848
4 0.5146263859375001 0.16777385625000002 0.5023783849893624 0.15462657799282 0.4572237769290453 0.19669259892255192 0.46947177787718297 0.209839877179732
4 0.4810564458685461 0.17477053279251348 0.41604528961071896 0.1619986457046368 0.41336993436717295 0.17561667541212334 0.4783810906250001 0.18838856250000008
4 0.3549938518799002 0.19350693578630823 0.35341293846294514 0.17280119294852522 0.27873830312500003 0.17850270937499998 0.2803192165419551 0.199208452212783
4 0.5505478734375 0.8638218765625 0.5407139546126486 0.8458233211671183 0.4797581671126487 0.8791278977296184 0.4895920859375001 0.8971264531250001
4 0.6101564703125001 0.8163910093750001 0.5899290062500001 0.8115548390625001 0.5787444065272118 0.8583348476906902 0.5989718705897118 0.8631710180031902
4 0.6200432926001272 0.7959939801786582 0.5995771284080857 0.7952431614538109 0.5974185264329587 0.8540833328376527 0.6178846906250002 0.8548341515625001
4 0.623803028125 0.7887737125000001 0.6133807201717639 0.7331825659800616 0.5989304311092638 0.7358917269175616 0.6093527390625 0.7914828734375001
0 0.7057532565258312 0.7069711109622785 0.6908896265625 0.6965323062500002 0.6522485044116687 0.7515527187252218 0.6671121343749999 0.7619915234375002
0 0.5332673459887619 0.8594176926201034 0.5238696253289321 0.8459847831249787 0.4725091027776703 0.8819168233173753 0.4819068234375 0.8953497328125
3 0.5859375000000002 0.9140625 0.5515625000000002 0.9140625 0.5515625000000002 0.9484375 0.5859375000000002 0.9484375
3 0.440625 0.21875000000000008 0.4046875 0.21875000000000008 0.4046875 0.2500000000000001 0.440625 0.2500000000000001
3 0.4265625 0.15312500000000004 0.38125 0.15312500000000004 0.38125 0.18437500000000004 0.4265625 0.18437500000000004
3 0.40625 0.10625000000000004 0.3625 0.10625000000000004 0.3625 0.14375000000000004 0.40625 0.14375000000000004
3 0.39375 0.29687500000000006 0.3546875 0.296875 0.3546875 0.32812500000000006 0.39375 0.3281250000000001
3 0.4796875 0.21093750000000008 0.4359375 0.21093750000000008 0.4359375 0.2484375000000001 0.4796875 0.2484375000000001
3 0.471875 0.19375000000000003 0.4375 0.19375000000000003 0.4375 0.2250000000000001 0.471875 0.2250000000000001