1 0.5649610859235941 0.5731536654391981 0.1714065429691797 0.45508077048166384 0.06066070642183226 0.8242131365693346 0.4542152493762465 0.9422860315268687
2 0.5802393447061963 0.3215202199368924 0.4689012538690981 -0.005794365470626994 0.25300978125 0.0676424609375 0.3643478720870983 0.3949570463450193
2 0.6272141937500001 0.3063535140625 0.6245610570357137 0.023116563292341217 0.4823351187500001 0.024448821875000006 0.4849882554642864 0.30768577264515884
2 0.7362343502963351 0.3201350630995407 0.7360882607306218 0.05707808120970054 0.6251933953939858 0.05713966704027033 0.6253394849596992 0.3201966489301105
0 0.5018472593750001 0.6124526984374999 0.4361571029130872 0.5787848881036088 0.4233628201005871 0.6037481521661088 0.48905297656249996 0.6374159625
4 0.5032443357931232 0.662376316498729 0.487850905211069 0.6595849906487112 0.47785292336989926 0.7147212404819969 0.49324635395195343 0.7175125663320147
4 0.5061771475240406 0.7279342380639662 0.5032779593750002 0.6738161250000002 0.48588978685095957 0.6747476353735341 0.488788975 0.7288657484375001
4 0.48473595156249993 0.6635351578125002 0.4706193561488841 0.6528989486357206 0.4410164230031543 0.6921885699029398 0.4551330184167702 0.7028247790797193
0 0.4763938453125 0.6253288000000001 0.4174878906250001 0.5899543031250001 0.4040660066786536 0.6123045542213804 0.46297196136615365 0.6476790510963804
0 0.39384356874999993 0.7859226625 0.37576747749914186 0.7645436657090985 0.29636070941202497 0.8316826432727847 0.31443680066288304 0.8530616400636862
0 0.36063556874999997 0.7041970171874999 0.3228811572781642 0.6279402378297584 0.293824212975453 0.6423262090254773 0.3315786244472888 0.718582988383219
0 0.24316405102605726 0.6838266240206223 0.2082779653080898 0.6832113360448531 0.2066215890625001 0.7771258703124999 0.24150767478046756 0.7777411582882692
0 0.4638489513660643 0.6904718691434273 0.3879141048919148 0.6593317651308661 0.37802052342310455 0.6834571691311403 0.4539553698972541 0.7145972731437015
0 0.5995936101888218 0.14045832314428705 0.5993309281249999 0.07564660625 0.5724591357104479 0.07575551769731687 0.5727218177742699 0.14056723459160392
0 0.5073520140625 0.19659550937500006 0.47856596096932985 0.1279002295911835 0.45688517190682987 0.13698534209118346 0.48567122500000004 0.20568062187500002
0 0.6934291484374999 0.16708802343749998 0.6564873385470689 0.11929098917379007 0.6405573783494022 0.13160308280574035 0.6774991882398333 0.17940011706945028
0 0.6803902421875 0.2298935812500001 0.6680692913847366 0.22036758191529868 0.6371726656250001 0.2603293531250001 0.6494936164277634 0.2698553524597015
0 0.7117741906249999 0.15007514531250002 0.6904862437499999 0.14339364218750006 0.6753946152360558 0.19147710185991884 0.6966825621110557 0.1981586049849188
0 0.666619934375 0.26028922187500003 0.6500065630802384 0.25614929779221457 0.6406542474552384 0.29367981497971457 0.65726761875 0.29781973906250003
3 0.5770688421875 0.11323186875000006 0.564182718469048 0.09215352313693356 0.5402903125 0.10676000625 0.5531764362184519 0.1278383518630665
3 0.42187500000000017 0.784375 0.38750000000000007 0.784375 0.38750000000000007 0.8125 0.42187500000000017 0.8125
3 0.4640625000000001 0.7046875 0.4296875 0.7046875 0.4296875000000001 0.7328125 0.46406250000000016 0.7328125
3 0.425 0.6265625 0.3906250000000001 0.6265625 0.3906250000000001 0.6546875 0.425 0.6546875
3 0.415625 0.646875 0.3828125000000001 0.646875 0.3828125000000001 0.6671875 0.415625 0.6671875
3 0.37968750000000007 0.6515625 0.3437500000000001 0.6515625 0.3437500000000001 0.6828125 0.37968750000000007 0.6828125
3 0.40937500000000016 0.8109375 0.3750000000000001 0.8109375 0.3750000000000001 0.8390625 0.40937500000000016 0.8390625
3 0.3812500000000001 0.6890625 0.3437500000000001 0.6890625 0.3437500000000001 0.7171875 0.3812500000000001 0.7171875
4 0.4 0.615625 0.3265625000000001 0.615625 0.3265625000000001 0.6375 0.4 0.6375
4 0.3818393703124999 0.7268510406249999 0.3787423138784595 0.705721475558544 0.29933855294095957 0.7173600458710441 0.30243560937499997 0.7384896109375
4 0.4843288019268046 0.13638266010159447 0.4551284033196499 0.09776910540961323 0.44428705295534543 0.10596756718301881 0.4734874515625 0.14458112187500005
4 0.5980480183022794 0.2169905432829855 0.5911470140625001 0.1705353484375 0.5729549823334871 0.17323780805498065 0.5798559865732664 0.21969300290046614
4 0.5958252796875 0.2182282968750001 0.5825511845721417 0.21653664775992493 0.5768650496161664 0.26115482275363616 0.5901391447315246 0.26284647186871135
4 0.4821233828124999 0.19201002031249997 0.4641134535694982 0.13810615310108124 0.45119478373910316 0.1424224358020343 0.46920471298210487 0.19632630301345305