1 0.7375 0.35625000000000007 0.259375 0.35625 0.259375 0.96875 0.7375000000000002 0.96875
3 0.4109375 0.6625 0.3734375000000001 0.6625 0.3734375000000001 0.7125 0.4109375 0.7125
3 0.4515625000000002 0.7359375 0.4203125000000002 0.7359375 0.4203125000000002 0.7796875 0.4515625000000002 0.7796875
3 0.5875 0.625 0.55625 0.625 0.55625 0.66875 0.5875 0.66875
3 0.5125 0.5046875 0.4828125 0.5046875 0.4828125 0.5484375 0.5125 0.5484375
3 0.4125 0.49375 0.3812500000000001 0.49375 0.3812500000000001 0.5375 0.4125 0.5375
3 0.4359375 0.5609375 0.4078125 0.5609375 0.4078125 0.5953125 0.4359375 0.5953125
4 0.5419271194358468 0.7882553921884501 0.5114312501996171 0.7760348061743445 0.4708089480523695 0.8774057562193901 0.5013048172885992 0.8896263422334958
4 0.5442571163553593 0.6572967993549252 0.5260708744827254 0.644181720829178 0.47156727031564305 0.7197600504874359 0.489753512188277 0.7328751290131832
4 0.4640625 0.5875 0.39531250000000007 0.5875 0.39531250000000007 0.6104166671875 0.4640625 0.6104166671875
0 0.5578953497057216 0.7499361113881551 0.5561074337597415 0.6164383868256654 0.5326741369578707 0.616752225620718 0.5344620529038508 0.7502499501832076
0 0.492739474333054 0.5070329707290933 0.47677855565905886 0.47805130222918546 0.38658440762432833 0.5277234410729924 0.4025453262983235 0.5567051095729003
0 0.6407520394182488 0.5253630694206346 0.5938452795636866 0.42475146925297597 0.5696665806945923 0.4360239708289219 0.6165733405491546 0.5366355709965805
0 0.6982500003119998 0.5226666675910001 0.6360693143629639 0.4397590821802396 0.6110693139129639 0.45850908158023956 0.6732499998619998 0.5414166669910001
0 0.5953135662513738 0.4196214492251755 0.5852381913498389 0.3891257263317824 0.4963605625984653 0.4184896942941069 0.5064359375000002 0.44898541718749996
4 0.5765634876281511 0.4097918635188503 0.5710265625 0.39162708281249997 0.5025445270426657 0.41250153811589385 0.508081452170817 0.43066631882224427
4 0.6513513996729138 0.5088125774116522 0.6039043584116122 0.4467828919601173 0.5894240014874186 0.45785904183028536 0.6368710427487202 0.5198887272818202