1 0.6828125 0.24375000000000005 0.00468750000000003 0.24375 0.004687500000000065 0.8 0.6828125000000002 0.8
3 0.5961775585410511 0.49392218270405247 0.5865149389699125 0.45974841240204256 0.555554946875 0.46850233750000003 0.5652175664461387 0.50267610780201
3 0.5227350316442219 0.5317028034760761 0.5216238800494382 0.5013936049423586 0.4904464621143892 0.5025365859295078 0.4915576137091729 0.5328457844632253
3 0.4742488012592587 0.4713045555679235 0.46226085468191175 0.4389462951866646 0.41980622607729445 0.4546747000414578 0.4317941726546414 0.48703296042271677
3 0.43779854261660256 0.5065271000349454 0.43255815844985135 0.4759400890259612 0.3862680074427425 0.483870846769597 0.3915083916094937 0.5144578577785812
3 0.36908266293313463 0.40247164396583274 0.36646650508747625 0.36977511781496925 0.32545909035082976 0.3730562575084781 0.3280752481964882 0.40575278365934153
3 0.2972634693355777 0.43889052118274724 0.2532777906154577 0.43662716598261336 0.2514575701057937 0.4720010368328967 0.29544324882591366 0.47426439203303056
0 0.5770742916095707 0.6280155569216967 0.5737551375664522 0.5304718698384527 0.5322639748062545 0.5318837045224509 0.535583128849373 0.6294273916056949
0 0.6280906197913747 0.5319965800528708 0.5266955283012863 0.49935914293935973 0.5166720452930308 0.5304992098856911 0.6180671367831192 0.5631366469992022
4 0.5352593446828398 0.6473404337853749 0.530110804531217 0.6320591994977176 0.4486715275856076 0.6594976497812958 0.4538200677372304 0.674778884068953
4 0.4344675796557659 0.6007874796051913 0.33962427927714023 0.5907583998888184 0.33808338757514217 0.6053303505240247 0.43292668795376776 0.6153594302403976
4 0.4270590786110854 0.5745424942951853 0.4235418435425343 0.5588529123909438 0.33352526079715905 0.5790325120460229 0.33704249586571017 0.5947220939502643
4 0.3445045480057901 0.55191757505847 0.3365317449709426 0.5332743699402303 0.2465994659235251 0.5717340844996388 0.2545722689583726 0.5903772896178785
0 0.49555244599967735 0.5788443672337301 0.4928635736669961 0.48605181513465634 0.4585406774804842 0.4870463980386255 0.46122954981316544 0.5798389501376993
0 0.5820341498574881 0.4228427092814727 0.48985055727629057 0.3684329993581955 0.47630231602353845 0.39138709254480825 0.568485908604736 0.4457968024680855
4 0.47054567248940193 0.3332546269103278 0.44872597759078364 0.32671190845628584 0.4285744667833595 0.3939163618731321 0.45039416168197777 0.4004590803271741
0 0.4012196230754578 0.4448288482904383 0.28747461094478954 0.39528895922838736 0.2760655706213227 0.4214844444133978 0.3898105827519909 0.47102433347544875