1 0.8046875 0.0031250000000000644 0.2453125 0.0031250000000000305 0.24531250000000004 0.6765625000000001 0.8046875 0.6765625000000002
3 0.6546875 0.3031250000000001 0.6109375 0.3031250000000001 0.6109375 0.3578125000000001 0.6546875 0.3578125000000001
3 0.61875 0.2296875000000001 0.58125 0.2296875000000001 0.58125 0.27812500000000007 0.61875 0.27812500000000007
3 0.46875 0.3218750000000001 0.43125 0.3218750000000001 0.43125 0.3703125000000001 0.46875 0.3703125000000001
3 0.525 0.4515625 0.4890625 0.4515625 0.4890625 0.4984375 0.525 0.4984375
3 0.6234375 0.4765625 0.5859375 0.4765625 0.5859375 0.525 0.6234375 0.525
3 0.60625 0.415625 0.5734375 0.415625 0.5734375 0.453125 0.60625 0.453125
4 0.5811272977728303 0.1369080054483481 0.5546040783558762 0.11374727560723681 0.4835540035459796 0.19511244573364878 0.5100772229629337 0.2182731755747601
4 0.5495702872385639 0.27623405455672334 0.5319577071091425 0.2639468490230398 0.47811129915370715 0.34113072717961457 0.4957238792831286 0.3534179327132981
4 0.6190357180601183 0.40522757868682824 0.5509547875302643 0.3956594341596585 0.5477654059326136 0.41835307829998936 0.6158463364624677 0.4279212228271591
0 0.48951424431714025 0.24529419201818142 0.4662195943115511 0.24448439093433288 0.46156158063584785 0.3784763063082606 0.48485623064143707 0.37928610739210916
0 0.6113453742915433 0.47047457550607685 0.5942096695214267 0.4429838409322532 0.5049041880365925 0.4986503187037991 0.5220398928067091 0.526141053277623
0 0.4222235185885673 0.5534827121376791 0.38892179902305085 0.44762044290047004 0.3633749627254551 0.45565686214878964 0.39667668229097164 0.5615191313859986
0 0.38407623444573363 0.5257312924132671 0.33423350799373985 0.4348802099270338 0.3068358708482453 0.4499111033000521 0.35667859730023915 0.5407621857862855
0 0.48673571495521284 0.5827345553811092 0.48652683906250005 0.549622403125 0.3967849470560967 0.5501885070031649 0.39699382294880947 0.5833006592592741
4 0.4852576349313903 0.5850852264466566 0.48200171804730774 0.566449554916592 0.41132615186591737 0.5787975815949354 0.41458206874999987 0.597433253125
4 0.3952924294807543 0.5356458787147053 0.36836174397326965 0.46219019025333885 0.35188807737098193 0.46822984686420427 0.37881876287846666 0.5416855353255706