1 0.7437500000000001 0.35781250000000003 0.2484375 0.3578125 0.24843750000000003 0.9765625 0.7437500000000001 0.9765625
4 0.678125 0.4546875 0.6125 0.4546875 0.6125 0.478125 0.678125 0.478125
3 0.69375 0.53125 0.6625 0.53125 0.6625 0.571875 0.69375 0.571875
3 0.3812500000000001 0.5953125 0.34843750000000007 0.5953125 0.34843750000000007 0.6359375 0.3812500000000001 0.6359375
3 0.509375 0.4765625 0.4828125 0.4765625 0.4828125 0.5203125 0.509375 0.5203125
3 0.6328125 0.6359375 0.6015625 0.6359375 0.6015625 0.68125 0.6328125 0.68125
3 0.6046875 0.4859375 0.575 0.4859375 0.575 0.521875 0.6046875 0.521875
3 0.5984375 0.578125 0.56875 0.578125 0.56875 0.621875 0.5984375 0.621875
4 0.3949457338838593 0.4591842889966868 0.37898125000000005 0.4454104171875001 0.32698516779227305 0.5056760148298005 0.3429496516761323 0.5194498866389874
4 0.5604157738074752 0.6518296273271431 0.505596875 0.57723125 0.48614104488607585 0.5915284401058036 0.540959943693551 0.6661268174329468
4 0.5436855395107146 0.6659712401240789 0.5227021550175822 0.645331775065376 0.46206505300686757 0.7069792849412972 0.48304843750000004 0.7276187500000002
4 0.4771742665272603 0.6776553093633003 0.45703281249999994 0.6674229171875 0.4112210459727397 0.7575988578241997 0.4313625 0.76783125
0 0.48780829419362465 0.4690200023623755 0.427546875 0.3737208328125 0.4004349662418722 0.390864760787211 0.46069638543549685 0.48616393033708655
0 0.435527919496415 0.4148396572644373 0.4056052875690576 0.4027032218469673 0.36553518057264267 0.50149689739503 0.3954578125 0.5136333328125
0 0.405259458655493 0.6504886070442792 0.38071562499999995 0.5205708328125 0.3490366633772822 0.5265555656101817 0.3735804970327753 0.6564733398419609
0 0.6345428557120518 0.6307918513533581 0.5905859375000001 0.5164645828125 0.5660993975493438 0.525879246939829 0.6100563157613955 0.6402065154806871
0 0.5496464320640956 0.516233474033161 0.5371640624999999 0.4059958328124999 0.5101712467824944 0.4090522688685563 0.52265361634659 0.5192899100892173