1 1 0.21875000000000006 0.3328125 0.21875 0.33281250000000007 0.7562500000000001 1 0.7562500000000002
4 0.6873065600951025 0.5858282234720489 0.6639125463605179 0.5090662613682252 0.634867110653233 0.5179181627949263 0.6582611243878176 0.5946801248987501
4 0.5385265000000001 0.31132793125000013 0.5185843236453241 0.29900476014398314 0.4766962345671943 0.3667908561390776 0.49663841092187033 0.3791140272450946
4 0.5188471929693317 0.334231247473752 0.5032633964160562 0.31760056953923677 0.4466876719935642 0.37061491944883895 0.4622714685468396 0.38724559738335423
4 0.5950141546875 0.44336543906250003 0.5432792832272836 0.3801192448522303 0.5247037506625042 0.39531387911510707 0.5764386221227207 0.45856007332537685
4 0.537787515380645 0.6850732117583317 0.46161180028972354 0.666293615650606 0.4571228569181077 0.6845021260665894 0.5332985720090292 0.7032817221743152
4 0.4874107828125 0.6286587734375 0.46639586778763337 0.5604871045429194 0.4488677082766518 0.5658904163385452 0.46988262330151853 0.6340620852331258
4 0.5765257049080181 0.4408379473388136 0.5218284670812332 0.3804036245190398 0.505900718406754 0.39481933758810717 0.5605979562335389 0.4552536604078809
0 0.6020474337166417 0.458879497405159 0.5050419365407339 0.3938367659124347 0.4875746073143241 0.41988774681462343 0.5845801044902319 0.48493047830734765
0 0.47009634531250005 0.498244196875 0.4535752248055659 0.40026946556765297 0.4158850873055659 0.40662501556765307 0.43240620781249994 0.5045997468750001
0 0.59778761875 0.5334711515625001 0.4926567219074191 0.5005145678047921 0.4838626842224885 0.5285673864913762 0.5889935810650694 0.5615239702490843
0 0.670084740625 0.5872918765625001 0.6287590565923062 0.4846360328161247 0.5920276624999998 0.4994228187500001 0.6333533465326937 0.6020786624963754
0 0.4388677243892759 0.3909832715330337 0.4007346516608152 0.3820187346361684 0.37894816093749994 0.47469344218750004 0.41708123366596067 0.4836579790843653
3 0.4640625 0.5875 0.43125 0.5875 0.43125 0.6171875 0.4640625 0.6171875
3 0.496875 0.55 0.4609375 0.55 0.4609375 0.5796875 0.496875 0.5796875
3 0.58125 0.46875 0.54375 0.46875 0.54375 0.5015625 0.58125 0.5015625
3 0.6125 0.4671875 0.5765625 0.4671875 0.5765625 0.503125 0.6125 0.503125
3 0.6296875 0.5578125 0.590625 0.5578125 0.590625 0.5859375 0.6296875 0.5859375
3 0.64375 0.6109375 0.5984375 0.6109375 0.5984375 0.6484375 0.64375 0.6484375