1 0.9984375 0.23125000000000004 0.328125 0.23125 0.32812500000000006 0.7906250000000001 0.9984375 0.7906250000000001
3 0.49375 0.37187500000000007 0.4484375 0.37187500000000007 0.4484375 0.4109375 0.49375 0.4109375
3 0.528125 0.5171875 0.4828125 0.5171875 0.4828125 0.55625 0.528125 0.55625
3 0.575 0.5796875 0.53125 0.5796875 0.53125 0.621875 0.575 0.621875
3 0.7671875 0.5203125000000001 0.71875 0.5203125 0.71875 0.5593750000000001 0.7671875 0.5593750000000002
3 0.7640625 0.5593750000000001 0.7171875 0.559375 0.7171875 0.5984375000000001 0.7640625 0.5984375000000002
3 0.7203125 0.565625 0.6796875 0.565625 0.6796875 0.6 0.7203125 0.6
4 0.853125 0.4984375000000002 0.7390625 0.4984375000000002 0.7390625 0.5375000000000002 0.853125 0.5375000000000002
4 0.5 0.465625 0.471875 0.465625 0.471875 0.5421875 0.5 0.5421875
4 0.5171875 0.3984375000000001 0.4640625 0.3984375000000001 0.4640625 0.475 0.5171875 0.475
4 0.4842591291364774 0.4817046855223322 0.44971849480137516 0.40855574588658633 0.42824857031944097 0.4186937576530666 0.46278920465454315 0.49184269728881247
0 0.46875 0.4453125 0.4140625 0.4453125 0.4140625 0.553125 0.46875 0.553125
0 0.73077663125 0.4375776453124999 0.6260073359109117 0.34246350724643565 0.5943058136448577 0.37738309140630016 0.699075108983946 0.4724972294723644
0 0.6952791281249999 0.509497065625 0.5666437761115054 0.4853344039925653 0.5606682631481641 0.5171463883340918 0.6893036151616585 0.5413090499665266
0 0.6391389584585164 0.6400245662372349 0.6040760645000162 0.5256345788881192 0.5619410140625 0.5385498421875001 0.5970039080210003 0.6529398295366159
0 0.61736745625 0.629375409375 0.5509125022641677 0.5285658135692703 0.516196009375 0.5514513624999999 0.5826509633608323 0.6522609583057297
4 0.5919721687500001 0.4822257156250001 0.5139932436513449 0.44001037187096054 0.5024955484375 0.4612485718750001 0.5804744735361551 0.5034639156290398
4 0.4651333484375 0.6351567828125001 0.44038015259323904 0.5640970292467304 0.41881811718749995 0.5716080218750001 0.443571313031761 0.6426677754407697
4 0.7176172078125 0.6134452203125 0.7107612451880246 0.5930904323714997 0.62667757725103 0.6214117534471987 0.6335335398755053 0.641766541388199