0 0.34296875 0.5203125 0.0734375 0.07109375
0 0.35234375 0.4921875 0.059375 0.071875
0 0.41875 0.54765625 0.06171875 0.06875
0 0.42109375 0.5671875 0.06796875 0.06640625
0 0.59296875 0.46640625 0.06953125 0.03125
0 0.68125 0.48671875 0.03359375 0.0828125
0 0.5609375 0.65703125 0.0828125 0.0515625
2 0.44140625 0.54609375 0.08515625 0.109375
2 0.42734375 0.415625 0.09140625 0.0578125
2 0.4484375 0.45 0.09375 0.0390625
2 0.53203125 0.546875 0.06171875 0.11640625
2 0.54921875 0.6296875 0.10078125 0.06875
1 0.48828125 0.56171875 0.03125 0.03671875
1 0.4921875 0.59609375 0.03046875 0.04765625
1 0.57734375 0.6046875 0.03046875 0.04140625
1 0.63828125 0.61328125 0.03125 0.04609375
1 0.5625 0.4734375 0.03125 0.0390625
1 0.5984375 0.44375 0.02890625 0.03671875