2 0.7439379928358976 0.5373978224537074 0.7405868796875 0.26846849375000004 0.4884832424824042 0.27160994290866586 0.4918343556308017 0.5405392716123731
2 0.5843463734375 0.5417353703125001 0.4891513473635706 0.2868767312109132 0.3239101171875 0.34859778281250003 0.41910514326142945 0.6034564219140869
2 0.5009397984375 0.562968946875 0.31839328281249996 0.35923886875 0.20709708283581008 0.4589626488370153 0.3896435984608101 0.6626927269620153
2 0.45306119687500007 0.5982149609375 0.2072176296875 0.4592272140625001 0.14832929538694245 0.5633897643281677 0.3941728625744425 0.7023775112031677
0 0.5184011520707139 0.35524029823418374 0.4509690683164408 0.32042156513089165 0.4385195796875 0.3445320046875001 0.5059516634417731 0.3793507377907922
0 0.5026664015625 0.36338320781250005 0.4784386390625001 0.36135823125000005 0.47352791535600397 0.4201124162946024 0.49775567785600383 0.42213739285710233
0 0.4824762545771937 0.4180965848385438 0.4766865605903113 0.3561711614082229 0.45074493281250005 0.3585965640625 0.45653462679938245 0.42052198749282094
0 0.6473830359375 0.4920578234375001 0.5761791523883829 0.4370853388846814 0.5613297453124999 0.4563192421875 0.632533628861617 0.5112917267403188
0 0.6200476000000001 0.4382987968750001 0.5935034476261836 0.3734676062455029 0.5620026139649711 0.38636514708173475 0.5885467663387877 0.45119633771123197
0 0.4571574796875 0.5107889890624999 0.4342391689625953 0.4978793832265712 0.41012496093750006 0.5406891265625001 0.43304327166240475 0.5535987323984289
0 0.38757307187500006 0.4319498515625 0.3633278043450921 0.4165936962991146 0.33121270550666404 0.4672990421185643 0.355457973036572 0.48265519738194984
0 0.3405576406250001 0.4246994343750001 0.31214771986899403 0.41231057765990436 0.2883209390625 0.46694975625 0.3167308598185061 0.4793386129650957
0 0.3503915 0.42670780312499995 0.3191835682342567 0.42053654142246044 0.3091995338592567 0.4710255789224605 0.340407465625 0.477196840625
0 0.40779330625 0.5119602453125001 0.3595617098436005 0.47219509730384396 0.3489009550625842 0.4851256469870401 0.39713255146898374 0.5248907949956961
4 0.4552747703125 0.39507390625000005 0.4143559586740425 0.3582545327092142 0.40489837656249994 0.3687651140625001 0.4458171882009575 0.405584487603286
4 0.46992689218749994 0.4456341484374999 0.4317230672570087 0.4011008725847175 0.4170048161818774 0.41372723964597197 0.45520864111236864 0.45826051549875435
4 0.4589620046875001 0.40569135312500004 0.4191100369204208 0.371184994311171 0.40405652352631993 0.38857054732763646 0.44390849129339915 0.4230769061414654
4 0.46774646250000007 0.3761321203125001 0.416012927959041 0.3581393821150339 0.4115912610212994 0.37085275885301616 0.4633247955622585 0.3888454970504823
4 0.46070286752285494 0.34326059804470843 0.4573974984375 0.33115627968749994 0.4113424774608069 0.34373268738509466 0.41464784654616177 0.35583700574230315
4 0.3929533156250001 0.5205848187500001 0.34419098306054696 0.4982980872009092 0.33913609055869914 0.5093579570032498 0.38789842312315226 0.5316446885523407
4 0.42809780294678096 0.4865649503034611 0.3697074226329864 0.4755302260403676 0.36785612968750003 0.4853263656250001 0.4262465100012946 0.4963610898880936
4 0.42118095625000007 0.5024265218750001 0.38116510364492856 0.48308776270706544 0.3756376985436755 0.49452509567654596 0.4156535511487471 0.5138638548444806
4 0.6497811390624999 0.47093615624999996 0.6306187390196227 0.42366912975354065 0.6141611328967858 0.43034116426998165 0.633323532939663 0.477608190766441
4 0.6716003015624998 0.4032019359375 0.6671691845162682 0.3918093187467452 0.6033998281249999 0.416612178125 0.6078309451712318 0.4280047953157549
4 0.655995309375 0.4889491390625002 0.6099814187315837 0.4508767874686456 0.6012274484375 0.46145675468750014 0.6472413390809162 0.4995291062813547
4 0.64966399375 0.4993233843749999 0.6440046556293728 0.48939598540688883 0.5989840960271848 0.5150609727804254 0.6046434341478121 0.5249883717485365
3 0.4375 0.3968750000000001 0.4140625 0.3968750000000001 0.4140625 0.4140625 0.4375 0.4140625
3 0.4234375 0.3500000000000001 0.4 0.3500000000000001 0.4 0.3671875000000001 0.4234375 0.3671875000000001
3 0.4171875 0.3656250000000001 0.3937500000000001 0.3656250000000001 0.3937500000000001 0.3812500000000001 0.4171875 0.3812500000000001
3 0.4203125 0.37968750000000007 0.3906250000000001 0.37968750000000007 0.3906250000000001 0.3937500000000001 0.4203125 0.3937500000000001
3 0.4609375 0.3437500000000001 0.4328125 0.3437500000000001 0.4328125 0.3593750000000001 0.4609375 0.3593750000000001
3 0.3343750000000001 0.471875 0.3078125000000001 0.471875 0.3078125000000001 0.4890625 0.3343750000000001 0.4890625
3 0.3500000000000001 0.484375 0.3281250000000001 0.484375 0.3281250000000001 0.4984375 0.3500000000000001 0.4984375
3 0.3687500000000001 0.484375 0.3453125000000001 0.484375 0.3453125000000001 0.5015625 0.3687500000000001 0.5015625
3 0.37968750000000007 0.4953125 0.35625000000000007 0.4953125 0.35625000000000007 0.5125 0.37968750000000007 0.5125
3 0.6328125 0.3937500000000001 0.6 0.3937500000000001 0.6 0.4140625 0.6328125 0.4140625
3 0.6140625 0.4765625 0.584375 0.4765625 0.584375 0.4953125 0.6140625 0.4953125
3 0.6125 0.4984375 0.5859375 0.4984375 0.5859375 0.515625 0.6125 0.515625
3 0.634375 0.4875 0.6015625 0.4875 0.6015625 0.5078125 0.634375 0.5078125