2 0.8103399046874997 0.7644495828125001 0.620573429269296 0.5810547766917 0.5088632730192961 0.6966460688792001 0.6986297484374999 0.8800408750000003
2 0.7008910796874999 0.8822542562500002 0.5331955442377443 0.6619716567619095 0.4319994892010751 0.7390096374022944 0.5996950246508307 0.9592922368903851
2 0.5587617250000001 0.9147306156250001 0.4898675549027821 0.677771605248531 0.38285755900872404 0.708884010923736 0.4517517291059419 0.9458430213002051
1 0.859375 0.3187500000000001 0.575 0.3187500000000001 0.575 0.6093750000000001 0.859375 0.6093750000000002
4 0.7330044487630459 0.5272333924055806 0.6805522890625 0.52496708125 0.6800732249046116 0.5360546804327055 0.7325253846051576 0.5383209915882862
4 0.7143919187500001 0.5233804843750001 0.665676121875 0.5151960703125 0.664128669487524 0.5244069161478088 0.712844466362524 0.5325913302103087
4 0.6775385031250001 0.477390465625 0.6527089120697016 0.43869798462513165 0.6406366921875002 0.44644492343750014 0.6654662832427987 0.4851374044373685
4 0.6634692477594394 0.4090235822352547 0.650208440625 0.4087186984375001 0.6492922141477315 0.44856962753248003 0.6625530212821709 0.4488745113302345
4 0.6983205515625001 0.38318542499999986 0.6913071718380401 0.3715169134456012 0.6486274249999999 0.39716965156249995 0.65564080472446 0.4088381631168986
4 0.6937639211246109 0.47936947298050114 0.682870016302631 0.47590325997380667 0.66934885625 0.5183986953125 0.6802427610719799 0.5218649083191945
0 0.6678223157336883 0.5293423142597241 0.6450891828553489 0.4728114748576823 0.6271937968749999 0.48000786875 0.6499269297533392 0.5365387081520419
0 0.6742284176856542 0.5122971043073481 0.6571741124999999 0.46048023749999994 0.63667700995204 0.4672263775855095 0.6537313151376943 0.5190432443928577
0 0.726194394133938 0.409206493270817 0.7252840809471064 0.3925225330075201 0.6554388415006683 0.3963334412992031 0.6563491546875 0.4130174015625
0 0.7948241734375 0.4058178359375001 0.7912828146377469 0.387834920301762 0.7158570791096427 0.40268844003409454 0.7193984379093958 0.4206713556698326
0 0.8058149312500001 0.4825812718750001 0.7336032269371001 0.47854467295011976 0.732620406158578 0.49612659396133657 0.8048321104714781 0.5001631928862169
0 0.8381132171875002 0.4801640968750001 0.7675486437500002 0.4617830500000001 0.7623451998812096 0.4817589958481429 0.8329097733187097 0.5001400427231429
3 0.715625 0.5078125 0.69375 0.5078125 0.69375 0.5234375 0.715625 0.5234375
3 0.7234375 0.4890625 0.7 0.4890625 0.7 0.5125 0.7234375 0.5125
3 0.7140625 0.4765625 0.6921875 0.4765625 0.6921875 0.4921875 0.7140625 0.4921875
3 0.73125 0.46562500000000007 0.709375 0.465625 0.709375 0.4843750000000001 0.73125 0.48437500000000017
3 0.74375 0.5593750000000001 0.71875 0.559375 0.71875 0.5828125000000001 0.74375 0.5828125000000002
3 0.784375 0.5578125000000002 0.753125 0.5578125000000002 0.753125 0.5796875000000001 0.784375 0.5796875000000001