1 0.909375 8.591662700268149e-17 0.49375 6.046693570790056e-17 0.49375 0.3921875000000001 0.909375 0.3921875000000001
2 0.441781917785726 0.6852934469352415 0.41184144858119165 0.49683768825505653 0.1293021765625 0.54172545625 0.1592426457670344 0.730181214930185
2 0.4616566442020401 0.6635940801982264 0.3774935051583011 0.5646889865148188 0.19544362187499997 0.7196040578125001 0.27960676091873904 0.8185091514959076
2 0.5075569134290843 0.7135651052074626 0.4286738304184622 0.6467844772180534 0.29386170312500004 0.80602820625 0.3727447861356222 0.8728088342394094
3 0.696875 0.18125000000000008 0.665625 0.18125000000000008 0.665625 0.21875000000000008 0.696875 0.21875000000000008
3 0.7375 0.19687500000000008 0.7125 0.19687500000000008 0.7125 0.23437500000000008 0.7375 0.23437500000000008
3 0.7703125 0.2078125000000001 0.7421875 0.2078125000000001 0.7421875 0.2390625000000001 0.7703125 0.2390625000000001
3 0.7640625 0.1828125000000001 0.740625 0.1828125000000001 0.740625 0.21093750000000008 0.7640625 0.21093750000000008
3 0.7203125 0.17187500000000008 0.6953125 0.17187500000000008 0.6953125 0.2015625000000001 0.7203125 0.2015625000000001
3 0.6375 0.22031250000000008 0.6125 0.22031250000000008 0.6125 0.2515625000000001 0.6375 0.2515625000000001
3 0.7203125 0.1437500000000001 0.6921875 0.1437500000000001 0.6921875 0.1781250000000001 0.7203125 0.1781250000000001
3 0.6390625 0.09062500000000008 0.609375 0.09062500000000007 0.609375 0.1312500000000001 0.6390625 0.1312500000000001
3 0.6140625 0.08281250000000007 0.5828125 0.08281250000000007 0.5828125 0.12031250000000009 0.6140625 0.12031250000000009
4 0.3676482806495701 0.7081141631755938 0.36003960179737887 0.6996393909433083 0.3284937883353087 0.7279613277677146 0.3361024671875 0.7364361000000001
4 0.4110035081200409 0.656006091907666 0.40414165400347246 0.6521073904977432 0.3809364318209316 0.6929494126525771 0.3877982859375001 0.6968481140625
4 0.3317970074673351 0.711395094236322 0.32407351875 0.7051697500000002 0.30386115815766496 0.7302462651386781 0.311584646875 0.736471609375
4 0.3172150468750001 0.6901968296875001 0.3065853452503882 0.6882846022215943 0.30003303906250006 0.7247076015625 0.31066274068711197 0.7266198290284059
4 0.32786240312500003 0.6820858703125001 0.3195159758427927 0.6801606894694752 0.31034204218750017 0.7199333531250002 0.3186884694697075 0.7218585339680251
4 0.3362327546875001 0.6746443015625 0.32579913823503875 0.6742816527212347 0.3244968734375001 0.7117485625 0.33493048988996144 0.7121112113412653
4 0.36352221269789287 0.6902673452355454 0.3539659109375 0.6820710078125 0.3323997808328665 0.7072154639819479 0.3419560825932593 0.7154118014049933
4 0.34769985156250005 0.6987001718750001 0.3412237459612279 0.6931781099253943 0.32052279439872783 0.7174555536753943 0.3269989 0.7229776156250001
4 0.7485942499047474 0.17170470589378845 0.7241067994616006 0.1002205040475693 0.7048479886193533 0.1068177544037809 0.7293354390625001 0.17830195625000003
4 0.737355272061819 0.19298172536738617 0.7178948171874998 0.1193292421875 0.7017432888756808 0.12359679807011385 0.72120374375 0.19724928125000002
0 0.46849070312499996 0.7024243484375 0.468250821875 0.6877787765625001 0.4242015160608291 0.6885002644381885 0.42444139731082914 0.7031458363131884
0 0.42538577499999997 0.7173523421875001 0.38473693750000004 0.7161708265625001 0.38427386293051613 0.732102433836278 0.4249227004305161 0.733283949461278
0 0.46505094374999995 0.7074608703124999 0.4531166562499999 0.698931625 0.42985861740432707 0.7314747295890591 0.44179290490432715 0.740003974901559
0 0.44207292968750006 0.7354740015625001 0.4322963732676223 0.7298071683592029 0.40764650295512245 0.7723337152342029 0.417423059375 0.7780005484375001
0 0.4222582031249999 0.734235359375 0.41634690195580343 0.7243084880028767 0.37052360664330347 0.7515955645653767 0.37643490781249994 0.7615224359374999
0 0.4344072921874999 0.7437052109375 0.42864600937499986 0.728372984375 0.3831332947741898 0.7454749766597468 0.3888945775866898 0.7608072032222469
0 0.3918699765625001 0.7932182015625 0.34739201429971905 0.7838423785871573 0.34369653461221905 0.8013733629621573 0.38817449687500005 0.8107491859374999
0 0.41342359633971915 0.7801722325775025 0.4040804947977167 0.77408795687055 0.3805789500204976 0.8101772680430475 0.38992205156250004 0.8162615437500002
0 0.403526899351703 0.7800868628796271 0.3804938137685367 0.7683885149196487 0.37221061441683373 0.7846974536025215 0.39524370000000003 0.7963958015625
0 0.3926904656432827 0.7929158278763253 0.37906919120197846 0.7798967093043874 0.36894576618369584 0.7904883595530621 0.382567040625 0.803507478125
0 0.4260709007385718 0.7487308452711583 0.4189949035709227 0.7372773016954653 0.3733443434573509 0.7654802095493071 0.380420340625 0.776933753125
0 0.4195440361991107 0.7581622196118566 0.41083643295120564 0.7456668466117823 0.36497910925209487 0.7776232660624256 0.37368671249999996 0.7901186390625
0 0.6654131543579931 0.22867835124843494 0.6014873921875001 0.16778090937499995 0.5795399175170071 0.190819792501565 0.6434656796875001 0.25171723437499993