2 0.7883239875 0.1305545843750001 0.6800184137232412 -0.00004416447368424947 0.39834332141985673 0.23354905720323904 0.5066488951966155 0.3641478060519233
2 0.6193950703125 0.04913194843750013 0.49895285470199174 -0.02323901498840124 0.3333989360555872 0.25228143991324614 0.4538411516660955 0.3246524033391475
2 0.9151082265625 0.3049098296875001 0.7888010859375 0.13148803281250004 0.48853015599759997 0.3501823564611893 0.6148372966225999 0.5236041533361894
0 0.503898625 0.06713217031250007 0.48068370468750005 0.06256092656250008 0.46774027374196414 0.1282937411758013 0.4909551940544642 0.1328649849258013
0 0.4800931515625 0.2396843828125 0.4771730284800225 0.18194800666524422 0.4570897847300225 0.1829637535402442 0.4600099078125 0.2407001296875
0 0.4684576867877202 0.22418311958177245 0.4452926409345469 0.22135288725532104 0.43792557133432675 0.28165129579854864 0.46109061718750005 0.28448152812500005
0 0.5031187484374999 0.2654646968750001 0.49249704835246366 0.25164306246116414 0.4475249953125001 0.2862033500000001 0.45814669539753633 0.300024984413836
0 0.5272706687500001 0.1617473781250001 0.5111097056839567 0.15243035491447274 0.47708769819030855 0.211443667870079 0.4932486612563518 0.22076069108060636
0 0.5564800812499999 0.12218624687500006 0.5365027928425643 0.11764393996920999 0.5206211261203849 0.18749228863436146 0.5405984145278205 0.19203459554015154
0 0.5634963203125001 0.07918101562500009 0.5527933859700367 0.05848861883758598 0.4839675265624999 0.09408810312500004 0.4946704609049634 0.11478049991241415
0 0.5750749343750001 0.12703298437500005 0.5529015955674972 0.12236616606535008 0.5385917163860358 0.1903563423121676 0.5607650551935387 0.19502316062181757
0 0.6911462812500001 0.17308798593750002 0.6860634556338355 0.14986092997369477 0.60075450625 0.16852926718750003 0.6058373318661646 0.19175632315130528
0 0.6640845999999999 0.19194896718749999 0.6567933096703815 0.1721493061195281 0.57365493125 0.20276528750000003 0.5809462215796184 0.22256494856797185
0 0.6913368625 0.18282701406250004 0.6741707931402073 0.16112294498486204 0.6018595048578806 0.21831501278146295 0.6190255742176733 0.24001908185910095
0 0.43943143281249997 0.6766744234375001 0.43703574882728746 0.6563617605339545 0.37277889597347186 0.663940240719099 0.37517457995868436 0.6842529036226446
0 0.5418909171874999 0.7559279578125001 0.49935804977832243 0.6838884265928367 0.47612718749999994 0.6976041625 0.5186600549091775 0.7696436937196636
0 0.5606297406250002 0.7889994734375001 0.49857461462613173 0.7261766480555251 0.4805109515625 0.7440195718750002 0.5425660775613684 0.8068423972569752
4 0.560335390625 0.24165831250000008 0.5407086560944447 0.23652161578544026 0.5259214650795905 0.2930217925777604 0.5455481996101457 0.2981584892923202
4 0.5403257953125001 0.34433664531249997 0.5130980514104676 0.3082530849425783 0.5014144303291326 0.3170692505146474 0.528642174231165 0.35315281088456907
4 0.6279112656249999 0.26805001875 0.5691855497248163 0.2538126263749046 0.5651047833113537 0.2706447767250776 0.6238304992115373 0.28488216910017294
4 0.48485455 0.7546705062500001 0.4332440182827259 0.7255533868200216 0.42471372590592055 0.7406734582381256 0.47632425762319464 0.769790577668104
4 0.3748339067722759 0.8128852695427599 0.3586775868590124 0.7996207593145395 0.32861722968749996 0.8362346062500002 0.34477354960076345 0.8494991164782206
4 0.4250186357070217 0.8650998438075472 0.4012838135590152 0.8122583509425475 0.3847328499999999 0.8196925499999999 0.4084676721480065 0.8725340428649997
0 0.5409497189335489 0.8293021831199852 0.4863660750000001 0.8247561484375001 0.48477435215495557 0.8438677564834178 0.5393579960885045 0.8484137911659028
4 0.5539011562500001 0.8217169281250001 0.49133326602929006 0.8090933531164257 0.4878106175917901 0.8265531203039256 0.5503785078125002 0.8391766953124999
3 0.4000000000000002 0.7578125 0.3750000000000001 0.7578125 0.3750000000000001 0.7796875 0.4000000000000002 0.7796875
3 0.39531250000000007 0.7765625 0.3625000000000001 0.7765625 0.3625000000000001 0.7953125 0.39531250000000007 0.7953125
3 0.43750000000000017 0.7921875 0.4109375000000002 0.7921875 0.4109375000000002 0.8140625 0.43750000000000017 0.8140625
3 0.44843750000000016 0.8375 0.42187500000000017 0.8375 0.42187500000000017 0.8609375 0.44843750000000016 0.8609375
3 0.4234375000000002 0.815625 0.3968750000000001 0.815625 0.3968750000000001 0.8375 0.4234375000000002 0.8375
3 0.4359375000000002 0.85625 0.40937500000000016 0.85625 0.40937500000000016 0.878125 0.4359375000000002 0.878125
3 0.5375000000000002 0.8484375 0.5109375000000002 0.8484375 0.5109375000000002 0.871875 0.5375000000000002 0.871875
3 0.5546875000000002 0.8390625 0.5265625000000002 0.8390625 0.5265625000000002 0.8640625 0.5546875000000002 0.8640625
4 0.6864100328125 0.20471836562500015 0.6717106958725243 0.19672767122668325 0.6485629046874999 0.23930935000000003 0.6632622416274756 0.24730004439831693
4 0.6121039718750001 0.1621765156250001 0.5916790179110418 0.15185036103798122 0.5640959500000001 0.20640918906250008 0.5845209039639583 0.21673534364951896
4 0.5525341171875 0.7996052234375 0.508623792896499 0.7570167351969854 0.49580241602868497 0.7702360542989787 0.539712740319686 0.8128245425394933
1 0.6812500000000001 0.61875 0.3125000000000001 0.61875 0.3125000000000001 0.9390625 0.6812500000000001 0.9390625