1 0.37812500000000004 0.21250000000000005 2.6023744481881253e-17 0.2125 5.692694105411524e-17 0.7171875 0.3781250000000001 0.7171875
2 0.9815463401720421 0.3173148114939949 0.8045970656250001 0.12621370625000009 0.4989073426404578 0.40926583538100525 0.6758566171874999 0.6003669406250001
2 1.037872366027166 0.5457287143292971 0.9670901328125 0.33817169375 0.6293418554614416 0.45335246320116307 0.7001240886761076 0.6609094837804601
2 1 0.5698298140625002 0.7083820765625001 0.5698298140625001 0.7083820765625002 0.7430134968750001 1 0.7430134968750002
3 0.11250000000000004 0.371875 0.07812500000000004 0.371875 0.07812500000000004 0.409375 0.11250000000000004 0.409375
3 0.10000000000000005 0.421875 0.06250000000000004 0.421875 0.06250000000000006 0.465625 0.10000000000000005 0.465625
3 0.2953125000000001 0.5140625 0.2656250000000001 0.5140625 0.2656250000000001 0.540625 0.2953125000000001 0.540625
3 0.30156250000000007 0.5625 0.2718750000000001 0.5625 0.2718750000000001 0.5953125 0.30156250000000007 0.5953125
3 0.9578125 0.35625000000000007 0.93125 0.35625000000000007 0.93125 0.3921875000000001 0.9578125 0.3921875000000001
3 0.9734375 0.4156250000000002 0.94375 0.4156250000000002 0.94375 0.45312500000000017 0.9734375 0.45312500000000017
0 0.9908603433556674 0.5273236258523202 0.98147225625 0.4979376468749999 0.8958444894568325 0.5252935819601797 0.9052325765625 0.5546795609374999
0 0.7905873988503936 0.6450354809163292 0.77227196540647 0.6308695264643263 0.7180237368685765 0.7010080986729972 0.7363391703125001 0.715174053125
0 0.23600287900620504 0.42424925851547046 0.2087775223895881 0.41522058129271955 0.17671158557088318 0.5119132134022492 0.20393694218750008 0.5209418906250001
0 0.13595543081831865 0.5830165527982679 0.10737040625000001 0.4886481515625 0.0763867177554883 0.49803338523430946 0.10497174232380693 0.5924017864700774
0 0.11494860579143298 0.44503431821384754 0.09286744966332576 0.43404747228071167 0.04907543137189281 0.5220598462543642 0.07115658750000002 0.5330466921875001
4 0.26773417042316067 0.6464773488948419 0.21413715312499998 0.6140145015625 0.2030433327018394 0.6323306917301583 0.2566403500000001 0.6647935390625
4 0.276390390625 0.5962287515625 0.274072027488124 0.5236869537487849 0.2606051027593489 0.5241173431628777 0.2629234658962249 0.5966591409765928
4 0.11366513125 0.576162196875 0.09532784531249998 0.5078412078124999 0.07974024296958696 0.5120249048749146 0.09807752890708697 0.5803458939374146
4 0.07785880242758166 0.5041167586243223 0.07547981505137018 0.4815485041533041 0.031906107936288536 0.48614173927898185 0.03428509531250001 0.50870999375
4 0.8788700162655134 0.38203663324424747 0.8781981828125 0.35571985 0.8114868896490227 0.35742290306788627 0.8121587231020362 0.38373968631213373
4 0.8364213373668887 0.39277728702483394 0.8244850575332517 0.37656486005431306 0.7707681904788632 0.41611350740447917 0.7827044703125001 0.4323259343750001
4 0.8634321572182948 0.37917712493732153 0.8509208398977555 0.36682749556098315 0.8045439295544605 0.4138115971861617 0.817055246875 0.42616122656250005
4 0.931208076448593 0.4248783088884247 0.9021218824515014 0.39703358719359394 0.8905570591279084 0.4091140345551693 0.9196432531250001 0.43695875625000014
4 0.9226319500000001 0.5210870937500001 0.8735323848844185 0.49775177807929943 0.8646710098844185 0.5163968937042994 0.913770575 0.5397322093750001
4 0.9129924946961048 0.5515195477084035 0.9073467390625 0.5320259187499999 0.8481710818663952 0.5491644054165965 0.8538168374999999 0.5686580343750001
4 0.8870692771979012 0.5234765963504624 0.8775950701171595 0.5168900157285565 0.8386179991692584 0.5729550459405944 0.8480922062500001 0.5795416265625002
4 0.8771998250086253 0.5198255743946238 0.8639567573443635 0.5103574335745142 0.8254420854607384 0.5642278201173906 0.838685153125 0.5736959609375002
4 0.7394368129392533 0.6135666711579315 0.735316475 0.5546430968750001 0.7197709284866745 0.5557301474462659 0.7238912664259278 0.6146537217291973