2 0.36435013065219257 0.4900431179660977 0.24792397479038986 0.36662885400218626 -0.01825563711180269 0.6177365297860885 0.09817051875000002 0.7411507937499999
2 0.3315847663308009 0.43281571591323126 0.2744314591171131 0.30445145671065565 -0.019211255651187774 0.43519386423492445 0.03794205156250004 0.5635581234375
2 0.5105340784778092 0.6190084246925349 0.3547021032776265 0.4715524029932049 0.09903886562500012 0.7417380953125001 0.25487084082518285 0.88919411701183
0 0.13567584638229085 0.449983222137742 0.13526905679447704 0.42636184053358994 0.0681755953125 0.4275172734375 0.0685823849003138 0.4511386550416521
0 0.24750647812500004 0.4287072828125 0.19055633384387574 0.4187726303862549 0.18710062603137576 0.4385823881987549 0.24405077031250005 0.4485170406250001
0 0.29082983124999995 0.4351155468750001 0.28927363437500003 0.41177731093750003 0.22890742053146376 0.41580253861925226 0.23046361740646368 0.4391407745567523
0 0.30661620250362204 0.434087839228976 0.2941920515625 0.4218608781250001 0.25440865687137804 0.46228587795852416 0.2668328078125001 0.4745128390625001
0 0.22366487886884562 0.45926827402267484 0.2163868297057935 0.44209231328883947 0.1536671539619479 0.46866881114116465 0.160945203125 0.48584477187499997
0 0.18911413520908005 0.50461422185374 0.18755422979580447 0.4841094375634111 0.11655931802422441 0.4895103891471712 0.11811922343749999 0.5100151734375001
0 0.11830137487332745 0.4477637384504335 0.09906757656250001 0.43461881406250014 0.055345682939172615 0.4985931709245667 0.07457948125000007 0.5117380953125
0 0.18950773862798367 0.5249323500069062 0.18814886607904263 0.5022795346740657 0.11930481807605897 0.5064092768546595 0.120663690625 0.5290620921875
0 0.18115559882709648 0.5674829816825426 0.15872111406250006 0.5596073765625003 0.12979538242290367 0.6420053480049577 0.15222986718750006 0.6498809531250002
0 0.214768044250701 0.5465320326323866 0.19600455156250002 0.53688211875 0.155484757311799 0.6156696470551134 0.17424825 0.6253195609375
0 0.2274513723673511 0.5864546712569523 0.20800109975204917 0.5667714943607944 0.14242280238469812 0.6315738262288422 0.161873075 0.6512570031250001
0 0.6980919021211868 0.3985597905515582 0.6782226073828632 0.393706472816237 0.6628696755741765 0.45656078070217887 0.6827389703125 0.4614140984375001
0 0.7623093559619807 0.5580795718562287 0.699040615625 0.5003870218750001 0.6811491864647204 0.5200077213616325 0.7444179268017012 0.5777002713428612
0 0.7935659061600786 0.5862904164837747 0.7445758046875 0.510394725 0.7238873043583435 0.5237489972996013 0.772877405830922 0.599644688783376
4 0.2941120567467769 0.5206103978344451 0.29140554540847785 0.5005039519967225 0.23352440584920098 0.5082952822872774 0.23623091718749997 0.528401728125
4 0.35059035338084854 0.5103213498042811 0.3177183125 0.47967086874999987 0.3077104169316516 0.49040414082071876 0.34058245781250013 0.5210546218750001
4 0.2716306240780945 0.5956269882156451 0.2612072265792099 0.5362830383948138 0.24376707906361533 0.539346292366669 0.25419047656249993 0.5986902421875001
4 0.770509988440183 0.5083598267841289 0.7452172625 0.45577684375 0.7293252709348169 0.4634209857158712 0.754617996875 0.5160039687500001
4 0.8640544468750001 0.38963818906250003 0.8546146703125 0.37087138125 0.8127429759791335 0.3919330046624277 0.8221827525416335 0.41069981247492765
4 0.8805038515625 0.4552250234375001 0.8313571421875002 0.42455275468750003 0.8217611791305555 0.43992853309427016 0.8709078885055554 0.4706008018442702
0 0.843132703125 0.527496965625 0.8239970234375 0.5260455187499999 0.8198605775951527 0.5805798624088743 0.8389962572826526 0.5820313092838741
4 0.830508928125 0.5913382359375 0.8256045590725452 0.5276982898704018 0.8078456309475449 0.5290668695579017 0.8127499999999998 0.5927068156249999
3 0.790625 0.40937500000000016 0.7703125 0.40937500000000016 0.7703125 0.43281250000000016 0.790625 0.43281250000000016
3 0.80625 0.4000000000000002 0.790625 0.4000000000000002 0.790625 0.42968750000000017 0.80625 0.42968750000000017
3 0.8203125 0.44843750000000016 0.8 0.44843750000000016 0.8 0.4734375000000002 0.8203125 0.4734375000000002
3 0.865625 0.4656250000000002 0.8453125 0.4656250000000002 0.8453125 0.4906250000000002 0.865625 0.4906250000000002
3 0.84375 0.4390625000000002 0.825 0.4390625000000002 0.825 0.46406250000000016 0.84375 0.46406250000000016
3 0.884375 0.45625000000000016 0.865625 0.45625000000000016 0.865625 0.4812500000000002 0.884375 0.4812500000000002
3 0.865625 0.5546875000000002 0.8453125 0.5546875000000002 0.8453125 0.5796875000000001 0.865625 0.5796875000000001
3 0.853125 0.5687500000000002 0.8328125 0.5687500000000002 0.8328125 0.5953125000000001 0.853125 0.5953125000000001
4 0.22928696876046512 0.6312489320100034 0.223147234375 0.615685340625 0.17806194686453497 0.6334711898649967 0.18420168125000008 0.6490347812500001
4 0.20681808257621065 0.5384812003010369 0.19590639400801368 0.5192283513277722 0.14012087393180303 0.5508451900892355 0.15103256250000002 0.5700980390625001
4 0.8053687077925291 0.5770468655146623 0.76731285 0.5298424375 0.7529138547074709 0.5414508001103379 0.7909697125 0.5886552281250002
1 0.9171875 0.3625000000000001 0.6359375 0.3625000000000001 0.6359375 0.6984375 0.9171875 0.6984375000000002