1 0.946875 0.4718750000000001 0.5609375 0.471875 0.5609375000000001 0.9515625 0.946875 0.9515625
3 0.7718750000000001 0.7187500000000002 0.740625 0.7187500000000002 0.7406250000000001 0.7640625000000002 0.7718750000000002 0.7640625000000002
3 0.7984375000000001 0.7375000000000002 0.7718750000000002 0.7375000000000002 0.7718750000000002 0.7765625000000002 0.7984375000000001 0.7765625000000002
3 0.875 0.7062500000000002 0.8484375 0.7062500000000002 0.8484375 0.7390625000000002 0.875 0.7390625000000002
3 0.8796875 0.6265625000000001 0.853125 0.6265625000000001 0.853125 0.6531250000000002 0.8796875 0.6531250000000002
3 0.6875000000000001 0.7140625 0.6609375 0.7140625 0.6609375000000001 0.7515625 0.6875000000000002 0.7515625
3 0.10312500000000009 0.615625 0.08125000000000007 0.615625 0.08125000000000007 0.6453125 0.10312500000000009 0.6453125
3 0.0984375000000001 0.6421875 0.06093750000000009 0.6421875 0.06093750000000009 0.675 0.0984375000000001 0.675
3 0.12968750000000004 0.425 0.10625000000000004 0.425 0.10625000000000004 0.453125 0.12968750000000004 0.453125
2 0.39609142147389437 0.5916170013027 0.29181384730435556 0.38869016845280785 -0.025546306982038747 0.551771346837608 0.07873126718750005 0.7546981796875001
2 0.33235994375000005 0.382545984375 0.040808025571046305 0.36187084732836194 0.02913305312500007 0.5265063031250001 0.3206849713039538 0.5471814401716382
2 0.34660846845238213 0.33217010568676014 0.1234430501816953 0.2389678495074766 0.06865388593750006 0.37015616250000005 0.2918193042081868 0.4633584186792835
4 0.8950942135869496 0.6830316945567806 0.8893655151048232 0.645506241764805 0.8322781859374999 0.6542212890625 0.8380068844196262 0.6917467418544756
4 0.7051296905221657 0.718104413373381 0.6542991953125001 0.6630231093750001 0.6389022987532627 0.6772317758368732 0.6897327939629282 0.7323130798352542
4 0.6886331273120871 0.5198666157409583 0.67207703125 0.5047257234375001 0.6388015249734675 0.5411114573419031 0.6553576210355547 0.5562523496453613
4 0.6459009697744534 0.5641363809052913 0.6346628006152708 0.5520582713008284 0.5911552136533175 0.5925402372705373 0.6023933828125 0.6046183468750002
4 0.7136220738120682 0.7387661146969189 0.6566756300506709 0.6911254538691617 0.6464178765511026 0.7033868829222427 0.7033643203125 0.75102754375
4 0.20777766032147324 0.5528420230116088 0.20376750625 0.5271783375 0.14733298342852674 0.5359966785508912 0.1513431375 0.5616603640625
4 0.15401593125000002 0.5369246031250001 0.14301120468750006 0.5221930437500002 0.0988829538863567 0.5551576010915752 0.10988768044885666 0.5698891604665751
4 0.15094555047308963 0.6218336980096097 0.149554096875 0.6032016812500001 0.08333876358941036 0.6081466941778904 0.0847302171875 0.6267787109375
4 0.2329964984375001 0.4028594765625 0.18402678593750005 0.4028594765625 0.18402678593750005 0.4241386546875 0.2329964984375001 0.4241386546875
4 0.28218292991067345 0.41937293654618013 0.2384005816702425 0.4043226055413996 0.23295990937500002 0.4201498593750001 0.276742257615431 0.4352001903797807
0 0.21957371594609584 0.53568925478416 0.21058455937499998 0.5007170875 0.13725454030390416 0.51956564834084 0.146243696875 0.554537815625
0 0.17726580842836442 0.6256979605956665 0.10365546250000009 0.6219327734375 0.1019984817892213 0.6543271586814063 0.17560882771758565 0.6580923458395729
0 0.19640576421362557 0.4219700463558934 0.13368754053200993 0.4052865963405276 0.12846656093750006 0.42491386562500005 0.1911847846191157 0.4415973156403659
0 0.15307527968750007 0.3947728765625 0.08764233125000005 0.3947728765625 0.08764233125000005 0.42383123281249996 0.15307527968750007 0.42383123281249996
0 0.19040464104914612 0.31927980578857973 0.1808779765625 0.3019379078125 0.12776167613835385 0.33111701921142034 0.13728834062499998 0.34845891718750005
0 0.29224825000000004 0.34956162500000004 0.24967086875000008 0.3202418296875001 0.235267677578911 0.3411577383823553 0.2778450588289109 0.3704775336948553
0 0.21117051875 0.3080259109375 0.16452468437500006 0.2832950515625 0.15688869829029625 0.29769758148659 0.20353453266529625 0.32242844086158995
0 0.32184716406249997 0.34972805781250005 0.2776138095372259 0.3322582791377331 0.27172760484972597 0.34716210726273306 0.315960959375 0.36463188593750007
0 0.3270526489136903 0.36698341348055175 0.3222368703125 0.35335504218749997 0.27871422241412624 0.36873438810559855 0.28353000101531656 0.3823627593986504
0 0.6824301356085599 0.5527757423824601 0.6659662109375 0.5329313718750002 0.60903975189144 0.58016053105504 0.6255036765624999 0.6000049015624999
0 0.7340989698517111 0.7454166657834677 0.6730756296875 0.6524787578125002 0.6498716613145739 0.6677145607920874 0.7108950014787851 0.7606524687630548