1 0.7187500000000001 0.6375 0.3281250000000001 0.6375 0.3281250000000001 0.996875 0.7187500000000002 0.996875
3 0.640625 0.11250000000000009 0.5984375 0.11250000000000009 0.5984375 0.1468750000000001 0.640625 0.1468750000000001
4 0.564155134375 0.21110834531250006 0.5429123541057608 0.19430857562868503 0.4995948100215438 0.24908224741721016 0.5208375902907829 0.2658820171010252
0 0.6237091125 0.06989716875000007 0.5969933714106131 0.053850259811171065 0.5438730327834295 0.1422878036867057 0.5705887738728164 0.15833471262553472
2 0.5748964312500001 0.03403437656250007 0.370436268654811 0.026569499696975814 0.3582899855780546 0.35925161321853766 0.5627501481732435 0.36671649008406193
2 0.8010305359375 0.10008000781250011 0.6518088028611816 -0.05361594364034503 0.3334620427941607 0.25546347457065693 0.48268377587047917 0.4091594260235021
0 0.7293445752904782 0.2660110826592262 0.7077145230337669 0.23722880586026251 0.6188439000000001 0.3040156078124999 0.6404739522567114 0.3327978846114636
0 0.8564296296875 0.28474161875000015 0.8334257382614068 0.2613534971054411 0.7517896122355688 0.3416484694031469 0.7747935036616622 0.36503659104770597
0 0.8848267312500001 0.2904602500000002 0.8691155761079031 0.2720846830334315 0.7804747359374999 0.34787282031250005 0.7961858910795969 0.3662483872790688
0 0.46913339732355847 0.28300320527387873 0.4567079655042739 0.2701772359954392 0.39905754531250004 0.32602731250000017 0.4114829771317847 0.33885328177843965
0 0.43500597999502333 0.2653521563041415 0.4169863311475769 0.20024267511750757 0.3929582808400536 0.20689265943836607 0.41097792968749997 0.272002140625
0 0.4178780640625 0.31643332968750004 0.41541104656460776 0.24877077809974485 0.3836209121896077 0.24992986559974478 0.3860879296875 0.31759241718750003
0 0.5005385977761664 0.07329248779908584 0.48739177341213946 0.05442774727949566 0.41147880376097296 0.10733144229290983 0.42462562812499993 0.1261961828125
0 0.43051113462516255 0.14415752118228503 0.43040788281250003 0.0646474921875 0.40037262631233733 0.06468649600521499 0.40047587812499985 0.14419652500000002
0 0.7222074953125001 0.14973114531250012 0.6969815359553827 0.13806776851786864 0.6567601606530877 0.22505996610596962 0.6819861200102051 0.2367233429006011
0 0.47062802031250006 0.8123999859375001 0.4129612890625002 0.7645867671875002 0.3985320692979428 0.781989610168238 0.4561988005479427 0.829802828918238
0 0.5447905967067667 0.8587897063054181 0.47449185024199725 0.8209753717036428 0.4625748499999999 0.8431296734375 0.5328735964647693 0.8809440080392752
0 0.5012873109374999 0.71903096875 0.4887296120678194 0.7019181291041152 0.42836038863031944 0.746218113479115 0.44091808749999994 0.763330953125
0 0.4922850484375001 0.825043796875 0.4417117965298537 0.7672797132267271 0.4258452265625 0.7811711140625001 0.4764184784701463 0.838935197710773
2 0.9751960421874998 0.3040431234375001 0.8045155015625 0.09500332500000006 0.4633373091168206 0.37357457684465556 0.6340178497418206 0.5826143752821556
3 0.65625 0.2218750000000001 0.6125 0.2218750000000001 0.6125 0.2531250000000001 0.65625 0.2531250000000001
3 0.9015625 0.2406250000000001 0.853125 0.2406250000000001 0.853125 0.2812500000000001 0.9015625 0.2812500000000001
3 0.859375 0.2296875000000001 0.8140625 0.2296875000000001 0.8140625 0.2671875000000001 0.859375 0.2671875000000001
3 0.5921875000000002 0.8 0.5500000000000002 0.8 0.5500000000000002 0.8328125 0.5921875000000002 0.8328125
3 0.4156250000000002 0.865625 0.3781250000000001 0.865625 0.3781250000000001 0.8953125 0.4156250000000002 0.8953125
3 0.46093750000000017 0.8984375 0.4265625000000002 0.8984375 0.4265625000000002 0.925 0.46093750000000017 0.925
3 0.5140625000000002 0.8140625 0.47656250000000017 0.8140625 0.47656250000000017 0.84375 0.5140625000000002 0.84375
3 0.5656250000000002 0.8609375 0.5281250000000002 0.8609375 0.5281250000000002 0.890625 0.5656250000000002 0.890625
4 0.5241585265625001 0.26437144062500006 0.5032922106020087 0.25594897301762953 0.4800905590395087 0.3134301073926295 0.5009568750000001 0.3218525750000001
4 0.5210145234374999 0.37051230312500005 0.4775911555734198 0.33127602054522626 0.4624595859374999 0.34802235000000004 0.50588295380158 0.3872586325797739
4 0.5913994742761581 0.30982995643572664 0.5821157584894342 0.29367769546829015 0.5189994328124998 0.32995460000000004 0.5282831485992238 0.34610686096743654
4 0.7645780984374999 0.21677267812499998 0.758376293268312 0.20513098684489642 0.6912020765625 0.24091628593749997 0.6974038817316881 0.25255797721760354
4 0.7289768671875 0.26632171718750014 0.7132229719860853 0.25101831106850353 0.6579578312499998 0.3079103015625001 0.6737117264514145 0.32321370768149665
4 0.8438553750000001 0.2537628390625 0.8279249856228846 0.2350902441820421 0.7635059275007229 0.2900488980682825 0.7794363168778383 0.3087214929487404
4 0.5608221226963049 0.8399580576695935 0.5409964929794792 0.7875774824182771 0.5198457281249999 0.7955828781249998 0.5396713578418256 0.8479634533763164
4 0.43713474375000005 0.896302190625 0.4348147234375001 0.8792234109375 0.3887205721278174 0.8854849453844944 0.39104059244031736 0.9025637250719944
4 0.45641889186102436 0.7287470360454934 0.403210456510721 0.7106749682347422 0.3980849593750001 0.7257656421875 0.4512933947253034 0.7438377099982512
4 0.5091977390625 0.7146694296875 0.5076825697784422 0.69924536658512 0.45183657274294786 0.7047313490259404 0.45335174202700557 0.7201554121283203
4 0.49997786836525326 0.8142321740626883 0.4561508860763916 0.7683810312058601 0.44497594374999994 0.779062640625 0.4888029260388615 0.8249137834818281