1 0.8671875 0.6625000000000001 0.5921875 0.6625 0.5921875000000001 0.98125 0.8671875 0.98125
2 0.5917114081611141 0.38590731882197604 0.1769374421875 0.16759051093749994 0.05539637336903584 0.39850297082094716 0.47017033934264996 0.6168197787054233
2 0.6490896924650584 0.3260944963013241 0.3566963931052925 -0.00040627227475498184 0.181605975 0.1563935578125 0.4739992743597659 0.4828943263885791
2 0.7199213710516078 0.27462226886910146 0.5714351868861638 -0.06042302152827035 0.41223155937500006 0.010133228124999994 0.5607177435404441 0.3451785185223718
0 0.8039941640625001 0.8329091390625003 0.7748938350132212 0.8171294117548247 0.7367434640625 0.88748476875 0.765843793111779 0.9032644960576757
0 0.7165681609375001 0.7654410015625001 0.695853190960757 0.7486093093690421 0.6383076787892773 0.8194312768353802 0.6590226487660203 0.8362629690288381
0 0.8043048127190284 0.7284937128513788 0.7794129312500001 0.7234103640625001 0.7643836730215855 0.7970048644453172 0.7892755544906138 0.8020882132341958
0 0.7033499062500002 0.8238711484375001 0.674951517462316 0.815740311502436 0.6514465939262333 0.8978354220468228 0.6798449827139175 0.9059662589818867
0 0.7339605515625002 0.8638468140625001 0.7090059992784107 0.8520956227081804 0.6706269507400087 0.9335964633027884 0.6955815030240982 0.9453476546571082
0 0.3629226928433505 0.3147132116582597 0.232362978125 0.3032214640625 0.2300434602816496 0.32957390396674024 0.36060317500000005 0.3410656515625
0 0.36009726965431 0.28794825126432533 0.2353148234866489 0.28686491282804477 0.23512488351983887 0.30874281625121947 0.3599073296875 0.3098261546875
0 0.3258181609374999 0.41150490156249997 0.2089182499726146 0.3554344003334429 0.19616381403511465 0.3820257878334429 0.31306372499999996 0.4380962890625
0 0.22976677277498317 0.3995996811380521 0.08579656057905326 0.3890137947525557 0.08421839717907012 0.4104771386145035 0.22818860937500002 0.4210630249999999
0 0.29332880875942635 0.37396898017913544 0.29265662968750006 0.34667331875 0.15336205369310021 0.35010356714531243 0.1540342327650265 0.37739922857444785
0 0.259726890625 0.3445441171875001 0.19920019751606372 0.24106808451693035 0.16603968281249998 0.2604648109375 0.2265663759214362 0.3639408436080698
0 0.35016759999999997 0.2823644953125 0.24720448125 0.2190985640625 0.23215807350094492 0.2435860731723399 0.3351211922509449 0.30685200442233984
0 0.4324918296875001 0.13124229687499997 0.3695911550926768 0.03872682593544132 0.3434425765625001 0.056505076562499944 0.40634325115732334 0.1490205475020586
4 0.5288734828125001 0.2750005250000001 0.45604779835230147 0.2556693436793383 0.45137441718750015 0.27327520937500005 0.5242001016476988 0.29260639069566186
4 0.5249270962045613 0.25605814929123605 0.44965003016145627 0.25482492073688484 0.449376062081895 0.27154810894564896 0.5246531281250001 0.2727813375000001
4 0.50125 0.2278420875000001 0.43022247030822836 0.21416170043554555 0.4269866853025639 0.23096165020912954 0.4980142149943355 0.24464203727358408
4 0.5024461777762701 0.18892310585816285 0.4199143328125 0.18700997968750005 0.41940548420915374 0.20896159724697147 0.5019373291729238 0.2108747234176343
4 0.4949194671875 0.19885311562500002 0.44605226709515416 0.13564387464172822 0.42777941249999996 0.14977065781249999 0.47664661259234586 0.21297989879577178
4 0.3709978984375001 0.4022750343750001 0.2813222083247937 0.3717523938732207 0.27548292315854717 0.3889082466578945 0.36515861327125354 0.4194308871596739
4 0.33164768445067405 0.3997073954109533 0.23598455287057912 0.3679117127362594 0.23083033248240503 0.3834191282628062 0.3264934640625 0.4152148109375001
4 0.26856092500000006 0.41320203125 0.17645016388624707 0.37177998532202716 0.16842623750000002 0.3896228984375 0.260536998613753 0.4310449443654728
4 0.422024509375 0.34476488125000004 0.3959884734216655 0.3288060946070878 0.36294094374999997 0.3827216390625 0.38897697970333445 0.39868042570541223
4 0.30577591093750006 0.27143942500000007 0.21607441874445016 0.23212136635236366 0.20602474375000007 0.25504902031250004 0.29572623594305 0.29436707896013636
4 0.5889159656250001 0.31969485312500007 0.5703846063982276 0.3130323847787001 0.5531199017107277 0.3610533925912002 0.5716512609375001 0.3677158609375001
4 0.7785826767114816 0.7357601368070975 0.75677474375 0.7355693281250001 0.7562491551044226 0.7956399801627884 0.7780570880659042 0.7958307888448858
4 0.6681213812500001 0.8845663515625002 0.6529752443651567 0.8698074477940002 0.6017914735509345 0.9223341402363789 0.6169376104357779 0.937093044004879
4 0.8177488328125 0.7520006999999997 0.7912240694342743 0.6992315359213246 0.7779327863019768 0.7059124857948447 0.8044575496802026 0.7586816498735198
3 0.3015625 0.10781250000000005 0.2578125 0.10781250000000005 0.2578125 0.14375000000000004 0.3015625 0.14375000000000004
3 0.4578125 0.2390625000000001 0.4203125 0.2390625000000001 0.4203125 0.2671875000000001 0.4578125 0.2671875000000001
3 0.6609375000000002 0.9203125 0.6250000000000002 0.9203125 0.6250000000000002 0.965625 0.6609375000000002 0.965625
3 0.7234375000000002 0.903125 0.6937500000000002 0.903125 0.6937500000000002 0.928125 0.7234375000000002 0.928125
3 0.7546875000000002 0.915625 0.7265625000000002 0.915625 0.7265625000000002 0.9421875 0.7546875000000002 0.9421875
3 0.7062500000000002 0.7890625 0.6828125000000002 0.7890625 0.6828125000000002 0.8171875 0.7062500000000002 0.8171875