1 0.671875 5.616153680464816e-17 0.2453125 3.004211679158351e-17 0.24531250000000004 0.37031250000000004 0.671875 0.3703125000000001
3 0.4953125 0.17343750000000005 0.4578125 0.17343750000000005 0.4578125 0.2062500000000001 0.4953125 0.2062500000000001
3 0.5640625 0.13437500000000008 0.5265625 0.13437500000000005 0.5265625 0.16718750000000007 0.5640625 0.1671875000000001
3 0.5890625 0.1437500000000001 0.5578125 0.1437500000000001 0.5578125 0.1750000000000001 0.5890625 0.1750000000000001
3 0.5953125 0.12656250000000008 0.5640625 0.12656250000000008 0.5640625 0.15000000000000008 0.5953125 0.15000000000000008
3 0.56875 0.08125000000000007 0.5375 0.08125000000000007 0.5375 0.11093750000000006 0.56875 0.11093750000000009
3 0.5671875 0.040625000000000064 0.53125 0.040625000000000064 0.53125 0.07031250000000007 0.5671875 0.07031250000000007
3 0.4890625 0.04843750000000006 0.4546875 0.04843750000000006 0.4546875 0.08281250000000007 0.4890625 0.08281250000000007
3 0.3968750000000001 0.865625 0.3593750000000001 0.865625 0.3593750000000001 0.9 0.3968750000000001 0.9
3 0.36406250000000007 0.7375 0.3296875000000001 0.7375 0.3296875000000001 0.765625 0.36406250000000007 0.765625
2 0.5749723487121243 0.6508631666950352 0.4340672615484711 0.39771933436471446 0.017575470312499952 0.6295472703125 0.1584805574761532 0.8826911026428208
2 0.6758298877549074 0.6481456963960481 0.4559293603750739 0.6176335390525807 0.40427514531250014 0.9899044671875001 0.6241756726923336 1.0204166245309678
2 0.600562478958345 0.6258880572104756 0.3741305725322918 0.5018106127728585 0.1744150718750001 0.8662762234375 0.40084697830105326 0.9903536678751171
0 0.6249709171875 0.22008904375000013 0.601615803643661 0.20841071048399473 0.5721545109374999 0.26732937812500007 0.5955096244813389 0.2790077113910055
0 0.6165911265624999 0.2136456593750001 0.598383045005301 0.19822948898135156 0.550691609255343 0.25455797585854123 0.568899690812542 0.26997414625218974
0 0.49941160000000007 0.16692162656250004 0.43059191240199884 0.10742225253341782 0.4144964365773318 0.12603901339973125 0.4833161241753331 0.18553838742881346
0 0.5197601890624999 0.2507383312500001 0.44763528243973116 0.19642847225515575 0.4317347613249002 0.2175447782424244 0.5038596679476689 0.27185463723726877
0 0.4342314281250001 0.8581652921875002 0.4039983020529629 0.8435130008502332 0.35885102187500006 0.9366686296875002 0.3890841479470374 0.951320921024767
0 0.3780072625 0.770295934375 0.369875156530919 0.7456060548024797 0.26142230496841906 0.7813271719899797 0.2695544109375 0.8060170515625
0 0.5305328208841795 0.803070500126292 0.5005222233489215 0.7997875928830622 0.4908259024647422 0.8884262177567704 0.5208365000000001 0.8917091250000002
0 0.5855355499999999 0.7698447609375 0.5467607323745654 0.7589149321405025 0.5242295875 0.8388467453124999 0.5630044051254346 0.8497765741094974
0 0.5904350843749999 0.923993753125 0.5794327911545795 0.8973969863437526 0.4856695663979901 0.936184050220688 0.4966718596184105 0.9627808170019353
0 0.6063926840168412 0.8841014047207245 0.578845495501667 0.8824054228024378 0.5736641599223258 0.9665638837067133 0.6012113484375 0.9682598656250001
0 0.615317021875 0.8157880312500001 0.6081928031250001 0.734382959375 0.5869335678112875 0.7362434754257097 0.5940577865612874 0.8176485473007098
0 0.6357793515625001 0.6896805671875 0.6121844689356237 0.6846588069547723 0.5958155617424393 0.7615685808297441 0.6194104443693157 0.7665903410624717
0 0.6262795296874998 0.6813058140625001 0.6137010694842914 0.663134626202499 0.5453321132342914 0.7104609871399988 0.5579105734375 0.728632175
4 0.5154586546875002 0.8063820812500001 0.48678777047845057 0.8007331430421185 0.4710682718750001 0.8805166187500001 0.49973915608404973 0.8861655569578817
4 0.6508217843749999 0.12553521562500003 0.6454844742211048 0.11013536188791484 0.5876683148461048 0.13017339470041484 0.593005625 0.14557324843750002
4 0.6078143328125 0.20118230937500003 0.5506107244378292 0.18538417056058099 0.5465357226059401 0.2001393775919748 0.6037393309806108 0.21593751640639391
4 0.5607554338267094 0.19824839638221334 0.5074173734375 0.1670976671875001 0.4995295999374208 0.18060356416518727 0.5528676603266303 0.21175429335990054
4 0.5072079192992923 0.08679679498128852 0.44535525625000005 0.057532559375000084 0.43748360215871845 0.07417002685233272 0.4993362652080108 0.10343426245862115
4 0.5920499015625001 0.12849311718749995 0.5885075778774682 0.11451688054923899 0.5387855847843347 0.12711908515978668 0.5423279084693665 0.14109532179804765
4 0.613431734375 0.12271390000000004 0.5646098915064384 0.09386703074471765 0.5554116395323807 0.10943459922394345 0.6042334824009423 0.13828146847922584
4 0.515219090625 0.6703020593750001 0.4905007072244919 0.6666830162498157 0.4812434484375 0.729910909375 0.5059618318380082 0.7335299525001844
4 0.49268206922741503 0.7482668460726632 0.4758792469656713 0.74131145641079 0.44992653125000015 0.804007996875 0.4667293535117438 0.8109633865368734
4 0.48156575625000003 0.7609789796875 0.46513025843752 0.7487861935666775 0.42442096886926917 0.803661054243842 0.4408564666817492 0.8158538403646645
4 0.5476443468750001 0.6446384953125001 0.5162096328125 0.6033133937499999 0.50369994554247 0.6128291221445195 0.5351346596049702 0.6541542237070196
4 0.3943314184007747 0.7859260766779268 0.3917434421875 0.7651050671874999 0.3100212741510845 0.7752628372549273 0.31260925036435916 0.7960838467453542
4 0.47647658491888717 0.6539857408674596 0.4716669218749999 0.6427337124999999 0.4163481520302941 0.6663796396401083 0.4211578150741814 0.677631668007568
4 0.41414678196274063 0.7213358143437102 0.4111067055441576 0.7067167082409094 0.34179869375 0.7211294671874999 0.34483877016858305 0.7357485732903007