1 0.9859375 0.25468750000000007 0.5953125 0.25468750000000007 0.5953125 0.6640625000000001 0.9859375 0.6640625000000002
3 0.5140625000000002 0.765625 0.47968750000000016 0.765625 0.47968750000000016 0.8078125 0.5140625000000002 0.8078125
3 0.2453125000000001 0.8015625 0.2140625000000001 0.8015625 0.2140625000000001 0.840625 0.2453125000000001 0.840625
3 0.3812500000000001 0.7609375 0.35625000000000007 0.7609375 0.35625000000000007 0.7953125 0.3812500000000001 0.7953125
3 0.44843750000000016 0.8859375 0.4125000000000002 0.8859375 0.4125000000000002 0.93125 0.44843750000000016 0.93125
3 0.7875 0.4031250000000002 0.7609375 0.4031250000000002 0.7609375 0.4359375000000002 0.7875 0.4359375000000002
3 0.9140625 0.4078125000000002 0.8859375 0.4078125000000002 0.8859375 0.4437500000000002 0.9140625 0.4437500000000002
3 0.8875 0.5218750000000002 0.859375 0.5218750000000002 0.859375 0.5531250000000002 0.8875 0.5531250000000002
3 0.7796875 0.4656250000000002 0.753125 0.4656250000000002 0.753125 0.4937500000000002 0.7796875 0.4937500000000002
3 0.7296875 0.4453125000000001 0.70625 0.4453125 0.70625 0.4765625000000001 0.7296875 0.47656250000000017
4 0.3541880254313422 0.6054698349877079 0.3387488492290881 0.5906808932020493 0.29355548317274593 0.6378613035268413 0.30899465937500004 0.6526502453125
4 0.4167017156250001 0.5673161906249999 0.3628578546875001 0.5559743734375 0.35860133909971736 0.5761816497141329 0.4124452000372173 0.5875234669016327
4 0.31006516024264713 0.6490848055971175 0.2898279952909067 0.6450095193311405 0.2732563350482596 0.727301510609023 0.2934935 0.731376796875
4 0.410953925 0.9112335171875001 0.39567915 0.8260106375000001 0.3808057365229756 0.828676447962831 0.39608051152297563 0.913899327650331
4 0.519645950770453 0.8642613053553714 0.5036027859375001 0.84054838125 0.4363327882920472 0.8860604258946289 0.45237595312500006 0.9097733500000003
4 0.39041992795961844 0.6868004170380941 0.38812725613003185 0.6250326388203121 0.37365109062500007 0.625569959375 0.37594376245458666 0.687337737592782
4 0.4023631480338672 0.6273663507512005 0.38871432812500006 0.625491384375 0.380324753528633 0.6865633023737996 0.39397357343750017 0.68843826875
4 0.8302427656249998 0.35711929218750005 0.8260335424247318 0.3426510942862152 0.7763385549247317 0.3571088239737152 0.7805477781249999 0.3715770218750001
4 0.8629069953125 0.3724519812500001 0.8101549999999997 0.357656771875 0.8072593869976924 0.3679810166797165 0.8600113823101927 0.3827762260547166
4 0.8701020578125002 0.3815171265625002 0.8160917484375 0.36824275781250015 0.8124002152046629 0.3832627452581276 0.866410524579663 0.39653711400812763
4 0.8470704890625003 0.3996772484375001 0.7926284485644521 0.3889772608081617 0.787678715751952 0.4141617342456617 0.8421207562500002 0.42486172187500004
4 0.9020572843749999 0.5204606609375002 0.893583605948739 0.4983805966736824 0.8427173153237391 0.5179015810486824 0.8511909937500001 0.5399816453125001
4 0.778596846875 0.4340496921875 0.7249013687500001 0.4118288890625001 0.7190521821352871 0.4259631609046375 0.772747660260287 0.4481839640296374
0 0.292195359375 0.51362423125 0.2810517560205292 0.485468388348609 0.21248744820802917 0.5126049742861091 0.22363105156250002 0.5407608171875001
0 0.3146105183856043 0.5002999692258471 0.291445565625 0.49158173906249997 0.2613460820941153 0.5715581908247964 0.28451103485471957 0.5802764209881436
0 0.2489826771617553 0.5861456660515818 0.22417571542425369 0.5622785577945477 0.16365604763749833 0.6251814058054658 0.188463009375 0.6490485140625
0 0.12646594616586138 0.611971530197511 0.10926964056229205 0.5863222266889789 0.03646650220893073 0.6351323246164677 0.05366280781250006 0.6607816281249999
0 0.2509127243664257 0.5554961192135972 0.24461553437499997 0.5282524656250001 0.17214962240841597 0.5450024809660594 0.17844681239984175 0.5722461345546567
0 0.11268183430561689 0.6261097093980325 0.08349500000000007 0.6205419374999999 0.06543355655105003 0.7152218861255996 0.09462039085666685 0.7207896580236322
0 0.22213520937500006 0.6343378734374999 0.19968617914344367 0.6119872570570845 0.13524096508094363 0.6767162351820843 0.15768999531250003 0.6990668515625
0 0.24049163968149445 0.6529827366922533 0.2158497732272254 0.6278723250404626 0.14901617417073104 0.6934588492857094 0.17365804062500007 0.7185692609375001
0 0.24229982498866995 0.7698771310811476 0.21414221827373509 0.7589915997925842 0.17175117297256529 0.8686445280864368 0.19990877968750015 0.8795300593750002
0 0.5290736124684665 0.8232686187287941 0.4994772 0.7916160609375 0.42324845315653353 0.8628930000212061 0.45284486562500004 0.8945455578125001
0 0.6904487002250009 0.36590718953567586 0.6668606845835992 0.36343812628565136 0.6587963640460982 0.4404800242499756 0.6823843796875002 0.44294908750000006
0 0.747993573971581 0.40104654064470646 0.7351167957134361 0.3792548792432946 0.6754232904918551 0.41452800578608817 0.6883000687499999 0.43631966718750004
0 0.7491010382494211 0.3404645500910825 0.681310146875 0.31590700625 0.6724215252512317 0.3404439708122772 0.7402124166256527 0.36500151465335967
0 0.8035593421874999 0.3440461687500001 0.73544479375 0.3435956859375001 0.7352792090044988 0.3686326681596678 0.8033937574419987 0.36908315097216776