1 1 0.2250000000000001 0.675 0.2250000000000001 0.675 0.64375 1 0.6437500000000002
2 0.5044904719431385 0.445021882634591 0.24364477051595457 0.3693680515648473 0.09472424701031623 0.8828288751802565 0.35556994843750006 0.9584827062500004
2 0.4361138967591141 0.4152985741242093 0.2525673071092339 0.2601747631960557 -0.0639201005873801 0.6346510218843464 0.1196264890625001 0.7897748328125
2 0.3816993857218932 0.3578613996031622 0.29749557474773675 0.1853743270616812 -0.06879603909915646 0.36418859620851896 0.015407771875000042 0.53667566875
3 0.15781250000000008 0.7015625 0.11718750000000008 0.7015625 0.11718750000000008 0.74375 0.15781250000000008 0.74375
3 0.78125 0.3671875000000001 0.7515625 0.3671875000000001 0.7515625 0.4000000000000002 0.78125 0.4000000000000002
3 0.8875 0.4828125000000002 0.853125 0.4828125000000002 0.853125 0.5218750000000002 0.8875 0.5218750000000002
3 0.909375 0.42500000000000016 0.8828125 0.42500000000000016 0.8828125 0.45625000000000016 0.909375 0.45625000000000016
3 0.965625 0.4359375000000002 0.93125 0.4359375000000002 0.93125 0.47187500000000016 0.965625 0.47187500000000016
3 0.11718750000000008 0.646875 0.0828125000000001 0.646875 0.0828125000000001 0.690625 0.11718750000000008 0.690625
4 0.21243687968750008 0.6695957437500001 0.14557800989396097 0.6497719185867018 0.1356181632434847 0.6833630184315826 0.2024770330370238 0.7031868435948809
4 0.28122727968750005 0.8751257187500002 0.27774275625 0.7757790796874999 0.24521003413004383 0.7769201452915547 0.24869455756754383 0.876266784354055
4 0.30515982031250016 0.7887624578125001 0.28755757455735675 0.7874364113200242 0.27978912500342223 0.8905565952356591 0.2973913707585657 0.891882641728135
4 0.33797011315935915 0.8059911695773609 0.31884738674066015 0.8022701952628122 0.3004714031250001 0.8967075328124998 0.3195941295436991 0.9004285071270488
4 0.2983339851553607 0.6426652875608202 0.28595416875 0.6322191218750002 0.23449531953213937 0.6932033265016799 0.24687513593750005 0.7036494921875001
4 0.3647839939020988 0.47935860653442336 0.342753703125 0.4143759046875001 0.3261866935979011 0.41999241534057685 0.348216984375 0.4849751171875001
4 0.1923909601208142 0.5565548820582161 0.13852155952395534 0.5295673483455976 0.12555386250000006 0.5554519687500001 0.1794232630968589 0.5824395024626186
4 0.21720699185048248 0.4823441997228596 0.20530103172515077 0.4763799036298364 0.16907020625000008 0.5487040734375 0.18097616637533176 0.5546683695305232
4 0.2434030901663559 0.4920022436680391 0.22658234843749997 0.4772572421875 0.17485546920864406 0.5362660172694609 0.1916762109375 0.5510110187499999
4 0.8234758243714175 0.346442765432641 0.7745183953125 0.30402850625 0.7603542499914399 0.32037772825927674 0.8093116790503574 0.36279198744191776
4 0.83939389676176 0.40553195958570054 0.800468159375 0.3646164 0.7814249621573219 0.382733480675555 0.820350699544082 0.42364904026125555
4 0.905690506833302 0.5230729542171703 0.8664123671875 0.46150750625 0.848211982211074 0.4731191697124769 0.8874901218568757 0.5346846176796471
0 0.14642824808888852 0.5296530580090312 0.12926270967329054 0.5040640520476148 0.03798083814690201 0.5652974768510838 0.05514637656249999 0.5908864828125001
0 0.332428690625 0.33326766875 0.31332651874999995 0.319492740625 0.26166954418092886 0.3911272637097366 0.28077171605592893 0.4049021918347366
0 0.36497450937500014 0.7780515750000001 0.3231521096756524 0.772297371161898 0.30524419125398167 0.9024547557604684 0.34706659095332937 0.9082089595985707
4 0.2125007322535374 0.4932974025279428 0.19842187901895958 0.47290751276634746 0.12710773426542216 0.5221486508634046 0.14118658749999996 0.542538540625
0 0.8452619960305838 0.40419000775658354 0.8165904654074254 0.3988800503657236 0.8016831521893415 0.47937325510914003 0.8303546828125 0.48468321249999996
0 0.9207270483040395 0.5314052322929014 0.8844571203125 0.4498591703125001 0.8605731713583655 0.46048223521204434 0.8968430993499051 0.5420282971924456