1 0.975 0.0906250000000001 0.5171875 0.09062500000000007 0.5171875 0.6296875000000001 0.975 0.6296875000000002
2 0.3721367853940821 0.4175955566965115 0.09441277656250001 0.2472917625000001 -0.007970906908207852 0.4142546134839228 0.2697531019233743 0.5845584076804342
2 0.2990153432774288 0.5692266196944269 0.031644990625000056 0.45557862499999996 -0.015475149078950867 0.5664343282048968 0.2518952035734779 0.6800823228993237
2 0.2921085832267135 0.6746563124596562 0.2645132350776606 0.5390461423113516 0.0512563484375 0.5824418406249999 0.07885169658655293 0.7180520107733045
0 0.15284947076803918 0.6595645054456856 0.10475383125000004 0.6204591859375 0.08959784148874776 0.6390995404791295 0.1376934810067869 0.6782048599873151
0 0.16993223385268968 0.6733825438389913 0.1647052527750183 0.6576425390667915 0.11291736423482863 0.6748403936653 0.1181443453125 0.6905803984374999
0 0.22687232332567087 0.6270543041792055 0.1644667510734996 0.6151498078347577 0.1595271031250001 0.64104435625 0.22193267537717132 0.6529488525944478
0 0.2491102859375 0.6425459265625001 0.23875420312500006 0.6269169328125002 0.19752673472304 0.6542350752182083 0.20788281753554 0.6698640689682083
0 0.1285315099799378 0.5555506244972246 0.05674708593750004 0.5405809218750001 0.05202192489447797 0.5632395526134311 0.12380634893691574 0.5782092552356555
0 0.19305269375000003 0.38886530937499997 0.18899360670980409 0.36836256259117867 0.1212697140625 0.381770384375 0.12532880110269592 0.40227313115882135
0 0.7845945000000001 0.29786227031250007 0.6994786406250001 0.29301319218750005 0.6976285176828988 0.3254883967742187 0.7827443770578988 0.3303374748992187
0 0.6307209982832039 0.46289656529785655 0.6165526453124999 0.38389254375000004 0.5994640051865118 0.38695717109871886 0.6136323581572158 0.4659611926465754
0 0.628204514712659 0.48842692084210987 0.6068690265625001 0.4146515796874999 0.583571797787341 0.42138903072038997 0.6049072859375 0.49516437187499995
0 0.767459765625 0.42998374531250005 0.76452695 0.4024688781250001 0.6807338535905252 0.4114004023348817 0.6836666692155251 0.43891526952238163
4 0.7517029697414974 0.4415329011106481 0.7398214661901449 0.43110952277189946 0.6966538792611475 0.48031581853625155 0.7085353828125001 0.49073919687500017
4 0.7862688543762008 0.4544637249622929 0.774742660394586 0.44189352578764546 0.7262773528933852 0.48633359613785265 0.7378035468749999 0.49890379531250006
4 0.7239013938459455 0.49632325171470554 0.6698218093750001 0.4791779765625 0.6646264467790547 0.49556517641029457 0.7187060312500001 0.5127104515625002
4 0.6620661504804609 0.34800268008407 0.6497685484375 0.33564993906250007 0.6006758542070392 0.38452349804093017 0.61297345625 0.3968762390625001
4 0.7223550937500002 0.3224422750000001 0.7085546922907147 0.31588941506984736 0.6779831891657147 0.3802733666323474 0.691783590625 0.3868262265625001
4 0.8052184031249998 0.32796524531250004 0.7450658332696337 0.31354443149789624 0.7405324671875 0.33245415625 0.8006850370428662 0.3468749700646039
4 0.1704835078125 0.36948877812500003 0.16464878333690075 0.3519537863212583 0.11313362211919406 0.369095326812726 0.11896834659479331 0.38663031861646774
4 0.15131586787570916 0.4338703919760521 0.10863952833572728 0.40390059109665455 0.09662178702251809 0.42101359130810245 0.13929812656249999 0.4509833921875
4 0.21219372074304294 0.5643219837897191 0.16098882620229335 0.550076815861077 0.15652904218750002 0.566107709375 0.20773393672824958 0.580352877303642
4 0.2584545065542316 0.5750712722920036 0.2576030250455147 0.5649760666511565 0.20539358880378314 0.5693796787341531 0.2062450703125 0.579474884375
3 0.76875 0.3265625000000001 0.734375 0.3265625000000001 0.734375 0.3593750000000001 0.76875 0.3593750000000001
3 0.85625 0.3765625000000001 0.81875 0.3765625000000001 0.81875 0.42187500000000017 0.85625 0.42187500000000017
3 0.703125 0.34062500000000007 0.6609375 0.34062500000000007 0.6609375 0.3781250000000001 0.703125 0.3781250000000001
3 0.7109375 0.30937500000000007 0.671875 0.30937500000000007 0.671875 0.3531250000000001 0.7109375 0.3531250000000001
3 0.12031250000000004 0.375 0.07656250000000005 0.375 0.07656250000000005 0.421875 0.12031250000000004 0.421875
3 0.21093750000000008 0.384375 0.18281250000000004 0.384375 0.18281250000000004 0.41875 0.21093750000000008 0.41875
3 0.11093750000000006 0.515625 0.08125000000000007 0.515625 0.08125000000000007 0.553125 0.11093750000000009 0.553125