1 0.4859375 0.15000000000000002 0.05312500000000002 0.15 0.053125000000000054 0.6671875 0.4859375 0.6671875
3 0.2828125 0.315625 0.253125 0.315625 0.253125 0.3546875 0.2828125 0.3546875
3 0.26250000000000007 0.325 0.228125 0.325 0.22812500000000005 0.3671875 0.26250000000000007 0.3671875
3 0.2718750000000001 0.4265625 0.2484375000000001 0.4265625 0.2484375000000001 0.45625 0.2718750000000001 0.45625
3 0.2531250000000001 0.4234375 0.2296875000000001 0.4234375 0.2296875000000001 0.4578125 0.2531250000000001 0.4578125
3 0.2562500000000001 0.4546875 0.2312500000000001 0.4546875 0.2312500000000001 0.4859375 0.2562500000000001 0.4859375
3 0.2750000000000001 0.4734375 0.2515625000000001 0.4734375 0.2515625000000001 0.5015625 0.2750000000000001 0.5015625
3 0.2796875000000001 0.50625 0.2515625000000001 0.50625 0.2515625000000001 0.5390625 0.2796875000000001 0.5390625
3 0.2562500000000001 0.5125 0.2312500000000001 0.5125 0.2312500000000001 0.54375 0.2562500000000001 0.54375
3 0.2671875000000001 0.5359375 0.2406250000000001 0.5359375 0.2406250000000001 0.5671875 0.2671875000000001 0.5671875
0 0.4097389175769558 0.5442359012001178 0.3931202859374999 0.528317878125 0.3418605292980442 0.5818337581748823 0.35847916093750004 0.5977517812500001
0 0.42177593813442876 0.4598914674417749 0.3642939890625 0.38879440625000006 0.3395793103030712 0.4087762153707253 0.3970612593749999 0.4798732765625001
0 0.3617653355122109 0.3779208496441388 0.33632005710510554 0.37358678842211146 0.3209109309678947 0.46405378565297256 0.34635620937500006 0.46838784687499996
0 0.3313337678314304 0.563064324376452 0.28153150625 0.4995889078125001 0.2661702134154883 0.5116412450067355 0.3159724749969187 0.5751166615706875
0 0.3041675782025902 0.43971150409285437 0.23830224274238526 0.3690144851287241 0.21446339735229508 0.3912240997858697 0.28032873281250004 0.46192111875
0 0.31202912952139056 0.5174654584390406 0.26323277656250005 0.44659913593750006 0.24596774834346488 0.4584872991874406 0.2947641013023554 0.529353621688981
2 0.9649296859375 0.6057313484375002 0.7503382099618284 0.564960278154235 0.7226852622587987 0.7105067850632502 0.9372767382344703 0.7512778553465154
0 0.9243187563787278 0.6535223760191011 0.9054752660617705 0.6388827671688604 0.8660429940580426 0.6896383333372594 0.8848864843750001 0.7042779421875001
0 0.8917983515625002 0.6318646078125002 0.8322397437500003 0.6274997843750001 0.8308462070519115 0.646514781627977 0.8904048148644114 0.6508796050654772
0 0.8559323459790388 0.6620643077246843 0.8544970656249999 0.6436735078125 0.7946740823947716 0.6483422961719153 0.7961093627488104 0.6667330960840998
0 0.9077367909253378 0.6983084251666551 0.8574567456598423 0.6916666862386233 0.8548098031720046 0.7117048704469682 0.9050898484375001 0.718346609375
4 0.23981451352058186 0.49992182966749443 0.2143162796875 0.43620557031249996 0.20249220210441815 0.44093737814500555 0.2279904359375 0.5046536374999999
4 0.90213824025462 0.5435420780335167 0.861086296973743 0.5257904737682327 0.8551665739066227 0.539480286359716 0.8962185171874999 0.557231890625
4 0.8809088656250001 0.59496716875 0.8775697109375002 0.5734277578124999 0.8334994360032784 0.5802597675435466 0.8368385906907783 0.6017991784810468
4 0.8623320687499998 0.5766135093749999 0.8622139510209825 0.564811591159492 0.8237353531250001 0.5651966984375 0.8238534708540174 0.576998616653008
4 0.8695347091949239 0.5575646059484985 0.8389412180862882 0.5255728739934857 0.8291012260788643 0.5349827961699875 0.8596947171874998 0.5669745281250003
4 0.8883575964630317 0.5491423631302321 0.8482618234375 0.5299633734375002 0.8424993535369681 0.5420104462447682 0.8825951265624999 0.5611894359375003
4 0.9030400765624996 0.566429365625 0.9028869685396318 0.5510698370274012 0.8651654263521321 0.5514458557774012 0.865318534375 0.566805384375
4 0.8808089718750001 0.5711447749999999 0.8804270976442228 0.5541917471308887 0.8427342117067225 0.5550407955683887 0.8431160859374998 0.5719938234375
4 0.8082179885788421 0.591650026231799 0.7619318953125002 0.5861980953125002 0.7601104036086582 0.6016622925182015 0.8063964968750001 0.6071142234375002
4 0.25572895111799687 0.5052745310746944 0.22481593476856196 0.4491233469047404 0.21250448208806513 0.45590119395504597 0.24341749843750002 0.512052378125
2 0.9881536054754537 0.44034222840090004 0.8797078796874999 0.2425632734375 0.6098148307295326 0.39055044216729157 0.7182605565174862 0.5883293971306915
2 1.006461250554842 0.5983971963107978 0.9768901359374998 0.44552943437500003 0.6999502994451576 0.4991013552517022 0.7295214140625 0.6519691171875