1 0.5109375 3.4538866757202695e-17 0.053125 6.505936120470313e-18 0.05312500000000003 0.5171875 0.5109375 0.5171875
3 0.303125 0.19687500000000005 0.265625 0.19687500000000005 0.265625 0.2453125 0.303125 0.2453125
3 0.2765625 0.18125000000000005 0.24375 0.18125000000000005 0.24375 0.221875 0.2765625 0.221875
3 0.19375000000000003 0.2046875 0.16093750000000004 0.2046875 0.16093750000000004 0.24375 0.19375000000000003 0.24375
3 0.17656250000000004 0.2890625 0.14531250000000004 0.2890625 0.14531250000000004 0.3203125 0.17656250000000004 0.3203125
3 0.38125 0.22343750000000004 0.3484375 0.2234375 0.3484375 0.26406250000000003 0.38125 0.2640625000000001
3 0.9375 0.4203125000000002 0.9109375 0.4203125000000002 0.9109375 0.45312500000000017 0.9375 0.45312500000000017
3 0.9609375 0.3906250000000001 0.91875 0.3906250000000001 0.91875 0.42968750000000017 0.9609375 0.42968750000000017
3 0.8828125 0.6046875000000002 0.8546875 0.6046875000000002 0.8546875 0.6359375000000002 0.8828125 0.6359375000000002
2 0.9891660339590651 0.544494349107226 0.9559257890625 0.31433852656250005 0.6199798565316633 0.3628575036010231 0.6532201014282284 0.5930133261457491
2 0.9692162921874999 0.5474798531250001 0.6583037768497937 0.5193836098010205 0.6438595871250551 0.679222749416553 0.9547721024627611 0.7073189927405326
2 0.9057234765625 0.6957226437500001 0.6387236791706189 0.6333517775894297 0.610688140282736 0.753367478246303 0.877687937674617 0.8157383444068733
4 0.195938234375 0.2956976703125 0.19127495625 0.25771081093750003 0.1347779067050213 0.2646464054984847 0.1394411848300213 0.30263326487348474
4 0.389693753878592 0.30139476469636706 0.3435408531249999 0.24447060937499998 0.32695001643390786 0.25792210874113297 0.3731029171875 0.31484626406250005
4 0.3598201629743284 0.42457102400236835 0.34245157020024697 0.4130668609445662 0.31341219628841854 0.456909516629698 0.33078078906249997 0.46841367968750014
4 0.42292300407005745 0.39607049315423853 0.41523316406249994 0.380651825 0.36361258967994253 0.40639684747076155 0.3713024296875 0.4218155156250001
4 0.38672723906249995 0.27662583437500005 0.3384087921875 0.22024983281250005 0.32631257360884125 0.23061719620440982 0.3746310204838413 0.28699319776690985
4 0.8540101234375002 0.49364072656250013 0.7968909118467925 0.4935221948700056 0.796837009375 0.5194972453125 0.8539562209657074 0.5196157770049945
4 0.9039088258253418 0.5050831105496677 0.8944311937404459 0.489361754203796 0.8465877960401041 0.5182041842791283 0.8560654281250001 0.5339255406250001
4 0.9299896828125 0.4397446515625001 0.8638159998191506 0.4342704232240681 0.8622756328125 0.4528907203125 0.9284493158058493 0.4583649486509319
4 0.8002157312500001 0.6243564671875002 0.7531785959742962 0.6128163022303212 0.7480905647242961 0.6335548631678213 0.7951277000000001 0.6450950281250002
4 0.7512610703125 0.6206413265625 0.7050344377063384 0.6082683759369354 0.700835015428384 0.6239578550818721 0.7470616480345457 0.6363308057074366
0 0.862953756514916 0.5142065494059223 0.8504299997822343 0.48244753162955034 0.7734406760798184 0.5128072728486281 0.7859644328125001 0.5445662906250001
0 0.9165127812500001 0.40967964843750015 0.844437166500539 0.39617924745617183 0.838463752438039 0.42806996620617177 0.9105393671875002 0.4415703671875001
0 0.8552131859375001 0.632282334375 0.7946977828125003 0.6086545281250002 0.7873288056565514 0.6275279105496239 0.8478442087815512 0.6511557167996237
0 0.8953654406250001 0.6397379546875002 0.8307525903295986 0.6294500064931576 0.8261833450170986 0.6581468814931576 0.8907961953125001 0.6684348296875001
0 0.8392632337825916 0.7149020744356621 0.8298401019284993 0.6979723995256697 0.7747862322084079 0.7286156266525076 0.7842093640625001 0.7455453015625
0 0.7358069378957083 0.7008473657865151 0.7002330233563521 0.6634286439404986 0.681660234375 0.6810857625000001 0.7172341489143561 0.7185044843460165
0 0.8069624937500002 0.7532776031250001 0.764103638631646 0.7224668171413937 0.7545860792566458 0.7357060671413936 0.7974449343750001 0.7665168531250002
0 0.7015029867177149 0.6868000385724793 0.6605969765624999 0.66249155625 0.6524109794134192 0.6762668499136938 0.6933169895686342 0.7005753322361731
0 0.6974792156744537 0.6584179057426376 0.6932154163988752 0.6449807001196508 0.6483704460369215 0.6592105896895133 0.6526342453125 0.6726477953125001
0 0.4022239852853541 0.39559115091830854 0.38689044894886593 0.3752237377747393 0.32589517303851184 0.4211438196689308 0.341228709375 0.44151123281250004
0 0.37759847009314884 0.3061942129676663 0.3185731328125 0.21583975625000001 0.29388281428185115 0.23196905890733377 0.3529081515625 0.32232351562500006