1 0.9578125 0.6187500000000001 0.596875 0.61875 0.596875 0.9453125 0.9578125 0.9453125
2 0.5986372385969775 0.5064860316969947 0.4795574046875 0.05173147812500001 0.22709454635267043 0.11784018446490033 0.34617438026214786 0.572594738036895
2 0.4799248131352112 0.4829457203400743 0.2169022546875 0.12677646250000002 0.028435216568568733 0.26595490493413576 0.2914577750162799 0.62212416277421
2 0.2977010472252616 0.6140361494378559 0.03281623437500003 0.32850048750000005 -0.07827774137311097 0.43155979286002333 0.18660707147715055 0.7170954547978792
0 0.8509747114369238 0.8318311731549761 0.8404879328125 0.8004328234375002 0.7645766901255762 0.8257865252825243 0.77506346875 0.8571848750000001
0 0.803540386426089 0.7149981890520765 0.7905615225874746 0.6916751335464049 0.7108228252238854 0.7360482944943285 0.7238016890625 0.7593713500000001
0 0.7468301437500002 0.8211237156250002 0.6714967125000002 0.8139628234375001 0.669128203471531 0.8388798180506362 0.7444616347215309 0.8460407102381362
0 0.8675978416652527 0.7273117133584713 0.7838847244201095 0.7266245168963621 0.7836394765625001 0.7565001984375 0.8673525938076432 0.7571873948996093
0 0.9046194520241745 0.7699439884092616 0.8973800999317783 0.7433279791167775 0.8104529885326037 0.766971492270016 0.817692340625 0.7935875015625001
0 0.36768622656250005 0.33512226562499997 0.36574532074961663 0.20206824559506478 0.3394530859883974 0.20245177967596115 0.3413939918012808 0.33550579970589633
0 0.3552834187500001 0.2055424140625001 0.3336911862117221 0.2023524096631703 0.3154499268367222 0.32582230653817035 0.3370421593750001 0.3290123109375001
0 0.4714978890625 0.30515424062499996 0.4344624375 0.18088560312499993 0.4062029931540342 0.18930769017216967 0.4432384447165341 0.31357632767216964
0 0.4814197734375 0.07472397812500006 0.4600427144414992 0.07294739997491621 0.4480847488164992 0.21683419528741626 0.4694618078125 0.2186107734375001
0 0.43933813432398433 0.13800082979165776 0.41257387731012934 0.13259902078556374 0.38500749374999993 0.2691817421875 0.41177175076385486 0.274583551193594
0 0.40474988705581527 0.22196982426468614 0.3220954890625 0.129518440625 0.29499320498745435 0.1537487213009196 0.3776476029807696 0.24620010494060574
0 0.3242104833623104 0.3115696986254243 0.2955891927084054 0.19529459587261486 0.26726356875000007 0.20226699062500003 0.2958848594039051 0.3185420933778094
0 0.15643185133074858 0.36403201780923966 0.090428671875 0.26880895000000005 0.06526489760881611 0.2862510377932871 0.13126807706456467 0.38147410560252676
4 0.28551446755493937 0.48930855892327524 0.2851634125 0.4127428015625 0.2680841619306822 0.41282111016223977 0.26843521698562156 0.489386867523015
4 0.27898337656250005 0.40970520156250007 0.26250711967812607 0.40816300839622316 0.255476071240626 0.4832802912087232 0.2719523281250001 0.4848224843750001
4 0.24937232200755227 0.4527812231764893 0.2445510703125 0.3814279171875 0.22693846549244778 0.38261797838601086 0.23175971718750005 0.453971284375
4 0.2311088174104048 0.44982425168171 0.22526004241040484 0.36542344386921 0.20567173125 0.36678086718749997 0.21152050624999993 0.45118167499999995
4 0.21366000521147832 0.4364066468812474 0.1676324015625 0.3680599187500001 0.148931421266003 0.3806539570085921 0.19495902491498132 0.4490006851398395
4 0.4444537970761225 0.35209538968627396 0.42492576406250004 0.26032367343749996 0.4066326435488777 0.26421625250122605 0.4261606765625 0.3559879687500001
4 0.4466319828125 0.314406625 0.4279064359375 0.21526882343750003 0.4120450562450955 0.21826478465765123 0.4307706031200955 0.31740258622015116
4 0.4600227087654322 0.256424855355632 0.4488769546875 0.1542968046875 0.43049327174188273 0.15630310959411528 0.44163902581981496 0.2584311602622472
4 0.4188665002074602 0.3633347441415934 0.4040581914823189 0.33715196375616685 0.3458552443998587 0.3700700571145735 0.360663553125 0.39625283750000007
4 0.3206561791767518 0.2677321399731177 0.30981864374999996 0.167955596875 0.28567364321201694 0.1705781802055531 0.29651117863876875 0.2703547233036708
4 0.35728344375 0.5475918171875 0.35248551406250006 0.5284356609375 0.3031227711751702 0.5407992565599543 0.3079207008626702 0.5599554128099543
4 0.7464481120024491 0.8023392511468973 0.687402034375 0.7937799421875 0.6842610387814168 0.8154479846107812 0.7433071164088659 0.8240072935701784
4 0.9101466158565839 0.691061476130302 0.8982420319072849 0.6735825860056674 0.8376253691757011 0.7148675958128656 0.849529953125 0.7323464859375001
4 0.7006836828459406 0.8435434618002429 0.6508571359375 0.8143854531250001 0.6431691905915595 0.8275229678872575 0.6929957375000001 0.8566809765625003
3 0.19062500000000004 0.19375000000000003 0.14687500000000003 0.19375 0.14687500000000003 0.24375 0.19062500000000004 0.24375
3 0.2843750000000001 0.3765625 0.2500000000000001 0.3765625 0.2500000000000001 0.41875 0.2843750000000001 0.41875
3 0.9390625 0.6968750000000001 0.8859375 0.6968750000000001 0.8859375 0.7406250000000002 0.9390625 0.7406250000000002
3 0.8875 0.7609375000000002 0.8578125 0.7609375000000002 0.8578125 0.7937500000000002 0.8875 0.7937500000000002
3 0.896875 0.7953125000000002 0.8640625 0.7953125000000002 0.8640625 0.828125 0.896875 0.828125
3 0.7812500000000002 0.7312500000000002 0.7500000000000002 0.7312500000000002 0.7500000000000002 0.7593750000000001 0.7812500000000002 0.7593750000000001