2 0.6229782482741163 0.24663666816276225 0.36626155571029495 -0.013064089493893016 0.2449724625 0.10683134375000003 0.5016891550638214 0.36653210140665526
2 0.6083905279969772 0.31499635157728617 0.5813400912635396 0.025404255592476322 0.42035500468749987 0.040441671875000015 0.4474054414209375 0.33003376785980987
2 0.5121304732050624 0.3715558100176593 0.24441582343750007 0.10771965781250001 0.09410542126211514 0.26023968336045344 0.3618200710296776 0.5240758355656128
0 0.5608643789856999 0.13292130562224075 0.5573681171875 0.065909040625 0.5337753226275326 0.06713995837320903 0.5372715844257324 0.1341522233704498
0 0.5685242069449197 0.18763606555602586 0.5485373807667412 0.18552163576657552 0.5424505644468216 0.2430577811480497 0.5624373906250001 0.24517221093750002
0 0.5808147015625 0.28632307500000004 0.5746851736929972 0.22613411296680166 0.5514154658804973 0.22850385515430166 0.5575449937500001 0.28869281718750006
0 0.5709089281249999 0.2915904078125 0.5249829579285902 0.2561684599439972 0.5144981770849504 0.26976239707948324 0.56042414728136 0.3051843449479861
0 0.5470624008753487 0.21503475647165615 0.5194202305446385 0.1530313793974385 0.5023137640625001 0.1606577359375 0.5299559343932102 0.22266111301171768
0 0.5049766849477506 0.1871899895779498 0.49710133342594015 0.116426817024078 0.47666348124999997 0.11870137968750005 0.4845388327718104 0.18946455224137185
0 0.5513490171875 0.09703004375000006 0.4828989509674644 0.05843893692326798 0.4715593835432874 0.07855222739136627 0.540009449763323 0.11714333421809835
0 0.48525380061681317 0.18903319754946082 0.48037252974085093 0.12030007801709572 0.45771696562499986 0.12190902500000003 0.4625982365009621 0.1906421445323651
0 0.4285184734375 0.16100927968750006 0.342518906143663 0.13971693008366082 0.336818910532796 0.162739150046785 0.4228184778266331 0.1840314996506242
0 0.45253106093750006 0.19747690468750007 0.36906670257232843 0.16446379986648313 0.3614001975232572 0.18384640348081263 0.4448645558884287 0.21685950830182957
0 0.41708960156249997 0.2168555 0.35866758420687467 0.1487899047923588 0.33703467968749995 0.16735784531250006 0.39545669704312525 0.23542344052014127
0 0.6118779515625 0.6771538875 0.5499875639409859 0.6614224954505981 0.5449398937500001 0.6812810218750001 0.6068302813715141 0.6970124139244022
0 0.50655963125 0.6989328718750001 0.48632648166843107 0.6817370941495968 0.4308771244776106 0.7469807345454775 0.4511102740591797 0.764176512270881
0 0.49814717968750005 0.7447895859375002 0.4840790239347982 0.7245797458124557 0.4099392959869018 0.7761887260805099 0.4240074517396037 0.7963985662055545
4 0.4906698937500001 0.2918136390625 0.4825376240032894 0.23452562881191996 0.462410165625 0.23738280468750003 0.4705424353717106 0.29467081493808006
4 0.5139552078125 0.3171198765625001 0.5028792033562072 0.30749266336416914 0.47339461250000003 0.34141436562500005 0.48447061695629284 0.351041578823331
4 0.45540531689030317 0.2626189521616311 0.45173527598384294 0.24529633336284462 0.39279124843749996 0.25778445625000007 0.3964612893439602 0.2751070750487866
4 0.552754175 0.7435245171875001 0.5445600672904518 0.7279089832541407 0.4928918203125 0.7550214203124999 0.5010859280220482 0.7706369542458594
4 0.6414258312500001 0.8498921250000002 0.6189157377126325 0.8087809771727643 0.6004898049001326 0.8188699552977644 0.6229998984375 0.8599811031250002
4 0.5869654828125002 0.8285222171875002 0.5712641772343396 0.8194687068501473 0.5423257881718395 0.8696559240376471 0.5580270937500001 0.8787094343750003
0 0.4852776812500001 0.824708628125 0.4306321983038844 0.8224779221684935 0.4298494608038844 0.8416526002934936 0.48449494375000013 0.8438833062500002
4 0.4836700937666323 0.8261506860927463 0.4816210103123161 0.8084574685944081 0.41820291654568376 0.8158020325016618 0.42025199999999996 0.83349525
3 0.6015625000000002 0.7671875 0.5781250000000002 0.7671875 0.5781250000000002 0.7875 0.6015625000000002 0.7875
3 0.6109375000000001 0.7875 0.5796875000000001 0.7875 0.5796875000000001 0.8046875 0.6109375000000001 0.8046875
3 0.5625000000000002 0.7984375 0.5375000000000002 0.7984375 0.5375000000000002 0.81875 0.5625000000000002 0.81875
3 0.5484375000000001 0.84375 0.5234375000000002 0.84375 0.5234375000000002 0.865625 0.5484375000000001 0.865625
3 0.5734375000000002 0.8234375 0.5484375000000001 0.8234375 0.5484375000000001 0.84375 0.5734375000000002 0.84375
3 0.5578125000000002 0.8625 0.5328125000000001 0.8625 0.5328125000000001 0.8828125 0.5578125000000002 0.8828125
3 0.4578125000000002 0.846875 0.43281250000000016 0.846875 0.43281250000000016 0.86875 0.4578125000000002 0.86875
3 0.4421875000000002 0.834375 0.41718750000000016 0.834375 0.41718750000000016 0.8578125 0.4421875000000002 0.8578125
4 0.3747231093750001 0.2273532453125 0.3525783152637789 0.1832911577925146 0.33775311650178647 0.19074202979428584 0.35989791061300763 0.23480411731427128
4 0.46173607968749997 0.20194006093750003 0.4385495373199502 0.1451985995581141 0.4177658749999999 0.15369152968750005 0.44095241736754964 0.21043299106688593
4 0.47950482499999997 0.768191496875 0.46740101627280584 0.7542063991393745 0.4215534749999999 0.793886484375 0.43365728372719403 0.8078715821106257
1 0.6531250000000001 0.63125 0.3062500000000001 0.63125 0.3062500000000001 0.9234375 0.6531250000000002 0.9234375