1 0.9140625 0.5406250000000001 0.3296875000000001 0.540625 0.3296875000000001 1 0.9140625 1
3 0.6234375000000002 0.740625 0.5828125000000002 0.740625 0.5828125000000002 0.775 0.6234375000000002 0.775
3 0.5718750000000001 0.7796875 0.5328125000000001 0.7796875 0.5328125000000001 0.8140625 0.5718750000000001 0.8140625
3 0.6484375000000002 0.7453125 0.6093750000000002 0.7453125 0.6093750000000002 0.7765625 0.6484375000000002 0.7765625
3 0.6187500000000001 0.878125 0.5734375000000002 0.878125 0.5734375000000002 0.915625 0.6187500000000001 0.915625
3 0.6906250000000002 0.846875 0.6453125000000002 0.846875 0.6453125000000002 0.8828125 0.6906250000000002 0.8828125
3 0.603125 0.08437500000000006 0.5703125 0.08437500000000006 0.5703125 0.11718750000000008 0.603125 0.11718750000000008
3 0.5953125 0.1828125000000001 0.5625 0.1828125000000001 0.5625 0.21250000000000008 0.5953125 0.21250000000000008
3 0.4546875 0.07343750000000006 0.4234375 0.07343750000000004 0.4234375 0.09843750000000005 0.4546875 0.09843750000000007
3 0.4859375 0.13437500000000005 0.4609375 0.13437500000000005 0.4609375 0.15781250000000005 0.4859375 0.15781250000000005
2 0.7451208453125 0.10200621562500005 0.5382359800523607 0.009892450769117222 0.40586125009727037 0.3072022851185615 0.6127461153574096 0.39931604997444436
2 0.5397726781250001 0.014834542187500022 0.40099650816752375 -0.04971944219571598 0.26536009165693886 0.241867553865676 0.4041362616144151 0.306421538248892
2 0.3661118734375 0.025668254687500048 0.23999874128249515 0.013941613965178661 0.2146886162052289 0.28613714074150487 0.34080174836023375 0.2978637814638262
0 0.52506285775061 0.7779036216957704 0.458334235340405 0.7051002916316313 0.44078954375000007 0.7211810546875002 0.5075181661602052 0.7939843847516392
0 0.4969832921875 0.8111857250000002 0.4530375335093574 0.7294720247602381 0.4342233109375 0.7395903437500001 0.4781690696156426 0.8213040439897622
0 0.5994713671875 0.8282236578125002 0.591689116799859 0.8044069957331681 0.5169104296802643 0.828841421719703 0.5246926800679054 0.852658083799035
0 0.7063228990629135 0.7672921210468344 0.6094650968209713 0.7161669822359784 0.5958106203125 0.742035715625 0.6926684225544422 0.793160854435856
0 0.6174293953125 0.19191844218750004 0.6016093878115633 0.12092262396469441 0.5771148534365633 0.12638074427719442 0.5929348609375001 0.19737656250000002
0 0.4145986875000001 0.047147704687500055 0.3972308046875 0.04571747500000005 0.3916298814454122 0.1137318501458718 0.40899776425791234 0.11516207983337179
0 0.33873115531618525 0.08921288253765687 0.3221565353327013 0.07172939686323627 0.272199578125 0.11908937968750002 0.28877419810848404 0.13657286536192062
0 0.2900773444928152 0.14780332528161294 0.27387732968749995 0.091716975 0.2586788896430915 0.09610690147053791 0.2748789044484067 0.15219325175215082
0 0.335159203125 0.14925796875000003 0.31938876950884565 0.1482211592403519 0.31539477419634565 0.2089719889278519 0.3311652078125 0.21000879843750003
0 0.36000759563845997 0.1742995033269009 0.344795390625 0.10959749999999999 0.3280427517526583 0.11353624322182794 0.3432549567661182 0.17823824654872883
0 0.36699358125 0.160931703125 0.35930077322263 0.10993843061065985 0.34539579843750007 0.112036125 0.35308860646487006 0.16302939751434015
0 0.3263900562499999 0.22633171718750003 0.3040571607565514 0.1873495941666274 0.2867742295065515 0.19725100197912737 0.309107125 0.236233125
4 0.570126873991639 0.10723081104145823 0.554139783477771 0.09638311541139806 0.5260988079236322 0.13770927624493992 0.5420858984375 0.1485569718750001
4 0.6320314624999999 0.16367722968750004 0.6138687456612699 0.11446904155281379 0.59152532847377 0.12271598530281373 0.6096880453125 0.17192417343749997
4 0.4131102875 0.15421253593750006 0.3967973008467367 0.14771735045998352 0.3783615906173424 0.19401956861165484 0.39467457727060584 0.20051475408917135
4 0.4004230412952216 0.248057253435466 0.3962423623064505 0.2004455420763931 0.38398647187499996 0.20152170468749997 0.3881671508637711 0.24913341604657288
0 0.3521023322107416 0.24047311970126298 0.34083993579983496 0.23352206132072267 0.31318423952659336 0.2783309806819597 0.3244466359375 0.28528203906250005
4 0.5611349062500001 0.7878186421875 0.5375680968173887 0.7204809701901631 0.5169436414347361 0.7276991081987594 0.5405104508673475 0.7950367801960964
4 0.6035230125 0.8029636296874999 0.5848929460135068 0.7843192509621015 0.5454529771366092 0.8237289439974014 0.5640830436231024 0.8423733227227996
4 0.6001218796875 0.8524273828125001 0.5935605012950382 0.831805623877045 0.5376242841075382 0.8496032660645451 0.5441856624999998 0.8702250250000001
4 0.5920404968749999 0.8340047796874999 0.5794484768401642 0.814311168457375 0.5296739140625 0.8461368343749998 0.5422659340973357 0.8658304456051246
4 0.692333725 0.8494251531250001 0.6902596220252051 0.8307303514067426 0.6175204238673475 0.8388004336444205 0.6195945268421424 0.8574952353626779
4 0.69271243125 0.8768072640625 0.6831047887172079 0.8550794972720226 0.620845649654708 0.8826094113345224 0.6304532921875 0.904337178125