1 0.6531250000000001 0.24218750000000006 0.0031250000000000292 0.2421875 0.003125000000000061 0.7578125 0.6531250000000002 0.7578125
4 0.54375 0.6 0.4640625 0.6 0.4640625 0.634375 0.54375 0.634375
4 0.2984375000000001 0.4546875 0.2328125000000001 0.4546875 0.2328125000000001 0.534375 0.2984375000000001 0.534375
0 0.590625 0.3781250000000001 0.5390625 0.3781250000000001 0.5390625 0.471875 0.590625 0.471875
4 0.51875 0.3000000000000001 0.4515625 0.3000000000000001 0.4515625 0.3671875000000001 0.51875 0.3671875000000001
3 0.20468750000000008 0.4765625 0.15312500000000004 0.4765625 0.15312500000000004 0.5140625 0.20468750000000008 0.5140625
3 0.578125 0.5359375 0.5453125 0.5359375 0.5453125 0.5671875 0.578125 0.5671875
4 0.3703125000000001 0.45625 0.27812500000000007 0.45625 0.27812500000000007 0.4875 0.3703125000000001 0.4875
3 0.3687500000000001 0.478125 0.3234375000000001 0.478125 0.3234375000000001 0.5109375 0.3687500000000001 0.5109375
4 0.4859375 0.3078125000000001 0.4328125 0.3078125000000001 0.4328125 0.3843750000000001 0.4859375 0.3843750000000001
0 0.56875 0.5296875 0.5328125 0.5296875 0.5328125 0.6296875 0.56875 0.6296875
3 0.3531250000000001 0.5875 0.3046875000000001 0.5875 0.3046875000000001 0.6234375 0.3531250000000001 0.6234375
3 0.4453125 0.3968750000000001 0.3984375000000001 0.3968750000000001 0.3984375000000001 0.428125 0.4453125 0.428125
4 0.46875 0.421875 0.3890625000000001 0.421875 0.3890625000000001 0.471875 0.46875 0.471875
0 0.5484375 0.5078125 0.5078125 0.5078125 0.5078125 0.60625 0.5484375 0.60625
0 0.46875 0.49375 0.3359375000000001 0.49375 0.3359375000000001 0.521875 0.46875 0.521875
4 0.42802954218749995 0.5302192046875 0.42484546460614625 0.5111053314429609 0.329094296875 0.5270560046874999 0.3322783744563537 0.5461698779320391
3 0.5739807362520062 0.5285122119218553 0.568364939410759 0.4989009722311549 0.5366273515625001 0.5049200328125 0.5422431484037472 0.5345312725032003
0 0.4575761625 0.5443513375 0.4480936227809663 0.5122465698640905 0.321432575 0.549657475 0.3309151147190336 0.5817622426359096