1 0.659375 0.21718750000000003 0.007812500000000028 0.2171875 0.007812500000000059 0.753125 0.6593750000000002 0.753125
4 0.5390625 0.6140625 0.5109375 0.6140625 0.5109375 0.68125 0.5390625 0.68125
3 0.4578125 0.65625 0.415625 0.65625 0.415625 0.690625 0.4578125 0.690625
3 0.415625 0.3390625000000001 0.3734375 0.3390625000000001 0.37343750000000003 0.3765625000000001 0.415625 0.3765625000000001
3 0.525 0.48125 0.4796875 0.48125 0.4796875 0.5109375 0.525 0.5109375
3 0.3578125000000001 0.5890625 0.3109375000000001 0.5890625 0.3109375000000001 0.6234375 0.3578125000000001 0.6234375
3 0.509375 0.5734375 0.4703125 0.5734375 0.4703125 0.6046875 0.509375 0.6046875
3 0.4171875 0.5609375 0.37187500000000007 0.5609375 0.37187500000000007 0.59375 0.4171875 0.59375
4 0.562898446875 0.3830840218750001 0.4990276326270033 0.33388605663513954 0.4863437379074781 0.35035280845347627 0.5502145521554749 0.39955077369333686
4 0.4225664625 0.5001958609375 0.40966127000104446 0.4797901034292633 0.33142063803685085 0.5292717468492778 0.34432583053580645 0.5496775043575145
4 0.35094374500267655 0.5151117102930974 0.2973289105811834 0.4485233275196875 0.27411819843749996 0.4672118500000001 0.32773303285899313 0.5338002327734099
4 0.33598215625000005 0.44545864531249996 0.24938026928730675 0.39330173247498706 0.23760908281249998 0.41284673437499997 0.32421096977519326 0.4650036472125129
0 0.63102563125 0.4365321562500002 0.6158146960374562 0.4082903910285447 0.5165440478000454 0.46175728259874027 0.5317549830125892 0.4899990478201957
0 0.6020178580100387 0.41679739693190837 0.5094781633751218 0.36600245037742496 0.4936923718750001 0.39476145937500007 0.586232066509917 0.4455564059294835
0 0.4878001343749999 0.379571246875 0.4840397926968344 0.3475519802896008 0.3527264006117011 0.3629734209975583 0.3564867422898666 0.39499268758295747
0 0.47725656875 0.5892167640625001 0.4695729327351941 0.5641331372721476 0.35245787917045235 0.600007911321652 0.36014151518525833 0.6250915381120044
0 0.5911827437500001 0.5436309312500001 0.5900166766518906 0.5164906631994031 0.47917684312819137 0.5212528373529879 0.4803429102263008 0.5483931054035849