1 0.7609375 0.31718750000000007 0.18437500000000004 0.3171875 0.1843750000000001 1 0.7609375000000002 1
3 0.596875 0.675 0.5515625 0.675 0.5515625000000001 0.73125 0.5968750000000002 0.73125
3 0.5390625000000002 0.740625 0.5000000000000002 0.740625 0.5000000000000002 0.7890625 0.5390625000000002 0.7890625
3 0.425 0.6078125 0.3859375000000001 0.6078125 0.3859375000000001 0.65625 0.425 0.65625
3 0.5171875 0.5015625 0.4796875 0.5015625 0.4796875 0.55 0.5171875 0.55
3 0.61875 0.509375 0.5796875 0.509375 0.5796875 0.5578125 0.61875 0.5578125
3 0.58125 0.571875 0.546875 0.571875 0.546875 0.6109375 0.58125 0.6109375
4 0.46495504806403176 0.8703907202181502 0.42252562890622025 0.7710521666424809 0.3901434899404367 0.7848832050253696 0.4325729090982482 0.884221758601039
4 0.47799666496315724 0.728132122881069 0.4506368164746911 0.6380864361887059 0.43008930421725716 0.6443296760686897 0.45744915270572317 0.7343753627610529
4 0.5879028461048545 0.6043494762427108 0.5201973140939644 0.5924111591965564 0.5162178748113763 0.614979671382238 0.5839234068222663 0.6269179884283924
0 0.4482947747223302 0.6101260509163826 0.4258900042924318 0.6036977751582298 0.38891426048974653 0.7325710659972575 0.41131903091964495 0.7389993417554104
0 0.5967718852961137 0.5624879603839823 0.5290392135089822 0.4819490818913864 0.5042470846642326 0.502799100632336 0.5719797564513641 0.5833379791249319
0 0.44267667874009475 0.42558199845085465 0.42097540654626264 0.40948574309295277 0.35492525282886134 0.49853579432503137 0.37662652502269345 0.5146320496829333
0 0.39770135328459877 0.43970567213849476 0.37628945356871535 0.4169441082121961 0.3008116757113166 0.48794637393933665 0.3222235754272 0.5107079378656353
0 0.5127267983662074 0.41704767155911765 0.42685505468749996 0.39172228125 0.4174658888941676 0.4235584752245371 0.5033376325728749 0.4488838655336547
4 0.512271958113477 0.41452349997222193 0.44887125 0.38093987812499996 0.44001595097230173 0.39765731948575367 0.5034166590857787 0.4312409413329757
4 0.41143236499931807 0.4337423345908703 0.3976313319634589 0.4229076362263212 0.34931967316816437 0.4844461098060391 0.3631207062040235 0.4952808081705882