1 0.7406250000000001 0.35625000000000007 0.253125 0.35625 0.25312500000000004 0.984375 0.7406250000000002 0.984375
4 0.5531250000000001 0.64375 0.5296875 0.64375 0.5296875000000001 0.740625 0.5531250000000002 0.740625
3 0.4671875 0.5765625 0.4359375 0.5765625 0.4359375 0.6234375 0.4671875 0.6234375
4 0.45625 0.4640625 0.3843750000000001 0.4640625 0.3843750000000001 0.5046875 0.45625 0.5046875
3 0.621875 0.5921875 0.5875 0.5921875 0.5875 0.6375 0.621875 0.6375
0 0.515625 0.571875 0.48125 0.571875 0.48125 0.703125 0.515625 0.703125
3 0.44375 0.675 0.409375 0.675 0.409375 0.721875 0.44375 0.721875
3 0.434375 0.634375 0.4015625 0.634375 0.4015625 0.678125 0.434375 0.678125
3 0.6546875 0.4609375 0.6265625 0.4609375 0.6265625 0.5 0.6546875 0.5
0 0.6078125 0.471875 0.51875 0.471875 0.51875 0.5109375 0.6078125 0.5109375
3 0.5646234375000001 0.4630166671874999 0.5636436293210108 0.4336189657289421 0.5373864048642495 0.434494103648026 0.5383662130432387 0.4638918051065838
4 0.5172478667337237 0.47143435883759155 0.4433161808835043 0.46459261680076835 0.44036362664978057 0.4964978407756768 0.5142953125 0.5033395828125
0 0.375821875 0.6455666671875001 0.334484375 0.5113875000000001 0.30649771427734934 0.5200095432863915 0.34783521427734937 0.6541887104738915
0 0.4210839324906429 0.4637628846531525 0.395813789152867 0.4313105439668655 0.31144391916222414 0.49700807650121315 0.3367140625 0.5294604171875001
4 0.4800866673836546 0.8296707096414841 0.4313984375000001 0.7240854171875 0.4053454702557332 0.736099143994129 0.4540337001393876 0.8416844364481131
4 0.5313115519357906 0.7949575426497247 0.49314843750000004 0.6909229171875001 0.46943730708790027 0.6996208923020208 0.5076004215236909 0.8036555177642455
4 0.5167759498495199 0.41105090667800015 0.4982953125 0.3993229171875 0.4546226571972366 0.4681410641848792 0.47310329454675654 0.4798690536753794
4 0.6097890625 0.45952291718750005 0.6007845441486472 0.4373370270439779 0.540490625 0.4618083328125001 0.5494951433513527 0.48399422295602224
0 0.4983894433098358 0.4281207620648842 0.488003125 0.3901729171875 0.39665430669016405 0.41517507231011586 0.40704062499999993 0.45312291718750003