1 0.978125 0.22343750000000004 0.3296875 0.2234375 0.3296875 0.7562500000000001 0.978125 0.7562500000000002
4 0.75625 0.5390625000000001 0.6546875 0.5390625 0.6546875 0.5718750000000001 0.75625 0.5718750000000001
4 0.43125 0.425 0.3890625000000001 0.425 0.3890625000000001 0.490625 0.43125 0.490625
3 0.4765625 0.6 0.4421875 0.6 0.4421875 0.6296875 0.4765625 0.6296875
0 0.5671875 0.440625 0.453125 0.440625 0.453125 0.4796875 0.5671875 0.4796875
3 0.4328125 0.421875 0.4015625 0.421875 0.4015625 0.453125 0.4328125 0.453125
3 0.665625 0.4421875 0.6203125 0.4421875 0.6203125 0.4765625 0.665625 0.4765625
3 0.6765625 0.4734375 0.6421875 0.4734375 0.6421875 0.5 0.6765625 0.5
3 0.7328125 0.58125 0.6859375 0.58125 0.6859375 0.6171875000000001 0.7328125 0.6171875000000002
3 0.64375 0.4765625 0.6046875 0.4765625 0.6046875 0.5078125 0.64375 0.5078125
0 0.5309321671875 0.32045491875000004 0.5126543835967065 0.3003590604690999 0.4306309889575627 0.37496178883434844 0.44890877254835637 0.3950576471152486
0 0.5412084640625 0.4414594031250002 0.4521252984375 0.3704756187500001 0.4331122600889873 0.3943365844500982 0.5221954257139874 0.4653203688250983
0 0.6187943359375001 0.4691898359375 0.5489746562141187 0.40085524676291107 0.5212985343391188 0.42913284363791104 0.5911182140625001 0.49746743281250005
0 0.5186186426809287 0.5892675991279204 0.4936395026603659 0.5707829508298833 0.43691278810443723 0.647440322014463 0.461891928125 0.6659249703125001
4 0.6886932499999999 0.5457582640625 0.6121216910779912 0.49569609678095494 0.5996068453125 0.5148379218750001 0.6761784042345087 0.5649000891565452
4 0.8287220828124999 0.47256047812500024 0.7452064695520659 0.4195723095688798 0.7277743242395659 0.4470474298813797 0.8112899375 0.5000355984375001
4 0.6467072568871622 0.3791775889055323 0.55659987616739 0.34786320267924165 0.54908260625 0.3694942031250001 0.6391899869697724 0.40080858935129077