1 0.6796875000000001 0.23281250000000003 2.8511308292649316e-17 0.2328125 6.400693036168589e-17 0.8125 0.6796875000000002 0.8125
4 0.3671875000000001 0.5515625 0.2671875000000001 0.5515625 0.2671875000000001 0.5921875 0.3671875000000001 0.5921875
3 0.4203125 0.45 0.3687500000000001 0.45 0.3687500000000001 0.4875 0.4203125 0.4875
4 0.5296875 0.37968750000000007 0.478125 0.37968750000000007 0.478125 0.4578125 0.5296875 0.4578125
3 0.4296875 0.6015625 0.3781250000000001 0.6015625 0.3781250000000001 0.6421875 0.4296875 0.6421875
0 0.43125 0.49375 0.2968750000000001 0.49375 0.2968750000000001 0.5484375 0.43125 0.5484375
3 0.3187500000000001 0.4390625 0.2671875000000001 0.4390625 0.2671875000000001 0.4796875 0.3187500000000001 0.4796875
3 0.3578125000000001 0.425 0.30937500000000007 0.425 0.30937500000000007 0.4625 0.3578125000000001 0.4625
3 0.5640625 0.61875 0.5203125 0.61875 0.5203125 0.653125 0.5640625 0.653125
0 0.5453125 0.5140625 0.4921875 0.5140625 0.4921875 0.6078125 0.5453125 0.6078125
3 0.5755026344828289 0.552369418577159 0.570437593146877 0.5265972130188761 0.541572297726548 0.532270142879217 0.5466373390625 0.5580423484375
4 0.5309121117780498 0.512566865661614 0.5261041565989799 0.4384751173431957 0.49412985732093 0.44054999074408174 0.4989378124999999 0.5146417390625
0 0.46286034999999986 0.33830354375000005 0.44996638059426985 0.3120102315393055 0.3239057915317699 0.37382904560180547 0.3367997609375 0.4001223578125
0 0.540969265625 0.39765597031250005 0.4780874922482701 0.31761927742063656 0.44535874062499986 0.34333300781250004 0.5082405140017298 0.4233697007043635
4 0.2679417968750001 0.4672977187500001 0.2520003972094929 0.44344486789071647 0.15533155210651425 0.5080508432552846 0.17127295177202145 0.5319036941145682
4 0.31035584062499993 0.523099715625 0.2980557141607253 0.501041172159175 0.20127195432465497 0.5550090366972845 0.21357208078892959 0.5770675801631096
4 0.5991709093750001 0.48256693437500003 0.5198592037032126 0.45780724351290614 0.5136123341157159 0.47781758551810805 0.5929240397875034 0.5025772763802021
4 0.5764672366914311 0.5911482086589308 0.5440555937500002 0.5340176249999999 0.5232524104313367 0.5458198035633244 0.5556640533727676 0.6029503872222552
0 0.6065982046875 0.4709700859375 0.5550053553176785 0.3866307627414084 0.5220168299878252 0.40681081581485473 0.5736096793576467 0.49115013901094623