1 0.6875000000000001 0.24218750000000006 0.0015625000000000298 0.2421875 0.0015625000000000645 0.8078125 0.6875000000000002 0.8078125
3 0.5960568388447273 0.49224457803576743 0.5857992758030897 0.458244648193456 0.554996775 0.46753756718750006 0.5652543380416375 0.5015374970298115
3 0.5228603311060036 0.5314893895065962 0.5222770933105572 0.501101641283837 0.4911537720207253 0.5016989970721958 0.4917370098161717 0.5320867452949549
3 0.4737519197247357 0.47175834561539076 0.4612010684519423 0.43961423265075916 0.41902740387818643 0.45608117925078817 0.4315782551509798 0.48822529221541977
3 0.4379219291749214 0.5076116697067729 0.43214852535354487 0.4771207754150321 0.38600383560568535 0.48585820127002555 0.39177723942706194 0.5163490955617663
3 0.3674004979970894 0.40477131888988344 0.3642141045898011 0.3721254320414529 0.32327019947067326 0.37612175139236986 0.3264565928779616 0.4087676382408004
3 0.29622783766302385 0.44243806506931804 0.252209356560658 0.44094271616517605 0.25100677697939444 0.4763429671870701 0.2950252580817603 0.4778383160912121
0 0.5792967341508406 0.6266509234077464 0.5742757036817472 0.5291800218705298 0.5328155076996767 0.5313157660156794 0.5378365381687702 0.628786667552896
0 0.6286295280446543 0.5297562173995483 0.5266802775704084 0.49889334018583764 0.5172017903746647 0.5302035987383524 0.6191510408489107 0.5610664759520632
4 0.5378254197223965 0.6467026332061692 0.5324109690051518 0.6315135798195362 0.4514629637258336 0.6603691624610356 0.45687741444307833 0.6755582158476686
4 0.4362365445529708 0.6019158282148899 0.3412326582033562 0.5935435168757837 0.3399463162940445 0.6081401408675566 0.4349502026436592 0.6165124522066628
4 0.428371133703604 0.575804136641961 0.424580613319097 0.560178327387338 0.3349299218300382 0.5819258585415332 0.3387204422145452 0.5975516677961562
4 0.34543431820140713 0.554623437603962 0.337137360371502 0.5361222159871712 0.24788999204394893 0.5761456083220697 0.2561869498738541 0.5946468299388605
0 0.49692914760318674 0.5789099796922142 0.4926212314357348 0.486178487055973 0.4583209195990615 0.48777193566452165 0.4626288357665135 0.5805034283007628
0 0.5806750743150741 0.421422767538098 0.4875559419931954 0.36863017030286865 0.4744103690373782 0.39181721567715444 0.567529501359257 0.4446098129123838
4 0.46764004991742353 0.3337940722093687 0.44570949225803663 0.32763315643166424 0.42673393012004607 0.3951790659362962 0.44866448777943296 0.4013399817140006
0 0.40027179861248 0.44656120534194405 0.2856795201979794 0.3990139875629724 0.27472939203032853 0.42540459871281905 0.3893216704448291 0.47295181649179074