1 0.7578125 0.021875000000000065 0.25 0.021875000000000033 0.25000000000000006 0.6515625 0.7578125 0.6515625000000002
3 0.6234375 0.5171875 0.5890625 0.5171875 0.5890625 0.559375 0.6234375 0.559375
3 0.4828125 0.4703125 0.4484375 0.4703125 0.4484375 0.5125 0.4828125 0.5125
3 0.425 0.41875 0.38750000000000007 0.41875 0.38750000000000007 0.459375 0.425 0.459375
3 0.5015625 0.2312500000000001 0.465625 0.2312500000000001 0.465625 0.2765625000000001 0.5015625 0.2765625000000001
3 0.459375 0.2328125000000001 0.425 0.2328125000000001 0.425 0.2765625000000001 0.459375 0.2765625000000001
3 0.4515625 0.2750000000000001 0.4203125 0.2750000000000001 0.4203125 0.3125000000000001 0.4515625 0.3125000000000001
4 0.5234375 0.14843750000000006 0.49375 0.14843750000000006 0.49375 0.2609375000000001 0.5234375 0.2609375000000001
4 0.5328125 0.503125 0.4578125 0.503125 0.4578125 0.525 0.5328125 0.525
4 0.5984375 0.4921875 0.5265625 0.4921875 0.5265625 0.5390625 0.5984375 0.5390625
4 0.5867139599073798 0.5580600600121572 0.5168537875128435 0.51727551499538 0.5048831281200126 0.5377801529290738 0.5747433005145489 0.5785646979458509
0 0.546875 0.5375 0.44375 0.5375 0.44375 0.5828125 0.546875 0.5828125
0 0.6679192823345028 0.38820237186229456 0.582298328125 0.27554200937499995 0.5447486541552841 0.304079454529283 0.630369608364787 0.41673981701657753
0 0.5204181773214407 0.4348880142460777 0.5075587703125 0.30463624375000004 0.47534704144763007 0.3078164211123299 0.4882064484565708 0.43806819160840754
0 0.48353379549408615 0.3940857747003027 0.37263502874107546 0.3491865624224896 0.3560966004344894 0.3900356377221869 0.46699536718750007 0.43493485000000004
0 0.4759802060578708 0.446791560849179 0.3813461515625 0.3718033531250001 0.35552194706712925 0.40439313290082124 0.4501560015625 0.4793813406250001
4 0.5609809412666991 0.4912884461868209 0.5257225515625 0.40992694375000005 0.5035630790458009 0.41952985537567916 0.5388214687499999 0.5008913578125
4 0.43095066772377766 0.5538065530017506 0.3623187 0.5229542828125 0.3529570338387223 0.5437796407482495 0.4215890015625 0.5746319109375
4 0.4251183875079317 0.28328288973184773 0.40595306249999996 0.2733234890625001 0.36561765936706836 0.3509427290181525 0.384782984375 0.36090212968750013