1 1 0.22812500000000005 0.3375 0.228125 0.3375 0.7546875000000001 1 0.7546875000000002
4 0.6754505732645507 0.391984598538313 0.6455428602299198 0.38673842719991497 0.6316781557781603 0.46577923149431094 0.6615858688127914 0.471025402832709
4 0.5653387764701896 0.678732345185362 0.5103870510830392 0.6199448506185102 0.4935824031249999 0.635653028125 0.5485341285121503 0.6944405226918519
4 0.5389088391158392 0.6622362397332612 0.4762939955290085 0.6165118997038727 0.4628531288487765 0.6349178026499457 0.5254679724356073 0.6806421426793342
4 0.6107398289505237 0.5532115786943511 0.5934608864433797 0.53766091851192 0.5381583766388452 0.5991096850725132 0.5554373191459892 0.6146603452549443
4 0.5149511026720994 0.3117011565618785 0.5082765603241977 0.29417543475978486 0.4349573044058209 0.3220985345367877 0.4416318467537227 0.3396242563388814
4 0.47182506093750004 0.3738344687500001 0.453769055113136 0.3706075773758083 0.4412188176346873 0.44083217892899124 0.45927482345905135 0.44405907030318303
4 0.5833728508130467 0.5495541089843904 0.5658620026255096 0.5371328317608745 0.5186859479120365 0.6036390949501875 0.5361967960995736 0.6160603721737035
0 0.6062981147732616 0.5283775415802706 0.5857861684237156 0.5046494733662925 0.497430452987157 0.5810293825256395 0.517942399336703 0.6047574507396176
0 0.47053322031250006 0.5053870546875 0.4323494734375 0.50367215 0.427891614105729 0.6029300117164065 0.46607536098072905 0.6046449164039065
0 0.5929796171874999 0.4548610234375001 0.5808323505295945 0.4280890309305569 0.48050148080089966 0.47361219579391 0.49264874745880516 0.5003841883008533
0 0.6581787515625002 0.3926306671875002 0.6199190914521292 0.3824305308033065 0.5914120437500001 0.4893575281250002 0.6296717038603711 0.49955766450919387
0 0.45260919128276794 0.6156542841326378 0.419690889481869 0.5263254668334282 0.38293455625000006 0.5398704359375001 0.415852858050899 0.6291992532367097
3 0.453125 0.3906250000000001 0.4203125 0.3906250000000001 0.4203125 0.4203125 0.453125 0.4203125
3 0.4890625 0.4234375 0.453125 0.4234375 0.453125 0.453125 0.4890625 0.453125
3 0.5828125 0.4921875 0.5453125 0.4921875 0.5453125 0.5234375 0.5828125 0.5234375
3 0.6125 0.4875 0.5765625 0.4875 0.5765625 0.5234375 0.6125 0.5234375
3 0.61875 0.4015625 0.5796875 0.4015625 0.5796875 0.428125 0.61875 0.428125
3 0.628125 0.3390625000000001 0.5828125 0.3390625000000001 0.5828125 0.3750000000000001 0.628125 0.3750000000000001