2 0.5127234001094527 0.3459963337929969 0.40103781154082896 0.11749396654324436 0.2639417796875 0.18450268593750002 0.37562736825612375 0.41300505318725256
2 0.5497294533587755 0.33895987095725666 0.5384126725729179 0.11393700200862937 0.395900915625 0.12110415937499999 0.4072176964108576 0.34612702832362724
2 0.64151927301856 0.14926489466648502 0.5413785203124999 0.11882549687500002 0.4828165176064398 0.3114851240835151 0.5829572703124999 0.34192452187500005
4 0.5070030671875 0.22552165 0.5060211195624973 0.2150184859499329 0.4609069820624974 0.2192362359499329 0.4618889296875001 0.2297394
4 0.509672821875 0.1469741437500001 0.5002704511757589 0.1389861817185289 0.47444038363064783 0.16938991539787418 0.483842754329889 0.17737787742934538
4 0.48414958906249994 0.15488591093749998 0.48019129919808606 0.14635936539582503 0.44735020232308614 0.16160523258332507 0.4513084921875 0.170131778125
4 0.47644660937499994 0.15014424687500008 0.47244648528564887 0.14019097593180677 0.4391375078124999 0.15357753437500005 0.44313763190185096 0.16353080531819336
4 0.4504066203125 0.1428261000000001 0.4412453354439574 0.1357119218011628 0.4259274753246701 0.15543750024565745 0.43508876019321263 0.16255167844449475
4 0.453157559375 0.13223670937500007 0.4471975432437546 0.12399013357084632 0.4229940265625 0.14148264843750002 0.4289540426937455 0.14972922424165377
0 0.40640736093749996 0.21085856093750005 0.3367996795841095 0.19366228727670762 0.33314976615031133 0.20843653524919387 0.4027574475037019 0.22563280890998624
0 0.43853083281250005 0.2584649578125001 0.3737308642811078 0.24131206868002905 0.36932493424562773 0.25795673567727306 0.43412490277702 0.27510962480974405
0 0.42135295156249997 0.27328758281250004 0.41721912010519446 0.2612443724419228 0.379275103125 0.27426865468750006 0.3834089345823055 0.2863118650580773
0 0.42310184375000004 0.20458610000000008 0.35769118958537927 0.17751519100357677 0.3503873684383674 0.1951632027194212 0.4157980226029882 0.22223411171584448
0 0.4226784421875 0.2025878000000001 0.38190888676434237 0.15305436547080303 0.3679783484375 0.16452019375000002 0.40874790386065757 0.2140536282791971
0 0.4164079625000001 0.18791708749999994 0.3886772595265575 0.1360938748003188 0.36812923906250006 0.14708916093749996 0.39585994203594277 0.19891237363718112
3 0.5640625 0.18125000000000008 0.546875 0.18125000000000008 0.546875 0.1984375000000001 0.5640625 0.1984375000000001
3 0.584375 0.1984375000000001 0.5640625 0.1984375000000001 0.5640625 0.2171875000000001 0.584375 0.2171875000000001
3 0.5859375 0.21093750000000008 0.565625 0.21093750000000008 0.565625 0.2296875000000001 0.5859375 0.2296875000000001
3 0.5796875 0.2218750000000001 0.559375 0.2218750000000001 0.559375 0.2406250000000001 0.5796875 0.2406250000000001
3 0.5578125 0.20312500000000008 0.5390625 0.20312500000000008 0.5390625 0.2234375000000001 0.5578125 0.2234375000000001
3 0.55625 0.19218750000000007 0.5390625 0.19218750000000004 0.5390625 0.2062500000000001 0.55625 0.2062500000000001
1 0.4703125 0.3921875 0.14218750000000005 0.3921875 0.14218750000000008 0.696875 0.4703125 0.696875