2 0.5154091970392105 0.6537581572902031 0.37716458091753036 0.5891522985080936 0.2694839187500001 0.8195690453125002 0.40772853487168026 0.8841749040946096
2 0.5525324177970579 0.6601477024164714 0.40991728333783756 0.6554688091301362 0.4025294156250001 0.8806549125 0.5451445500842205 0.8853338057863352
2 0.6476188905819795 0.8482118350726429 0.5857034328124999 0.6566035984375 0.48610917348052063 0.6887860571148572 0.54802463125 0.88039429375
4 0.5117923078125001 0.7743143250000001 0.4666114328125001 0.7708845671875001 0.4658129400653529 0.7814032693727639 0.5109938150653528 0.7848330271852639
4 0.5158324984375 0.852803275 0.489475747532475 0.8228549688295503 0.48021421889416016 0.8310058072085396 0.5065709697991851 0.8609541133789891
4 0.49017507500000007 0.8453381531250003 0.45707290312500015 0.8306677656250002 0.45326402479598366 0.8392620951952361 0.4863661966709835 0.8539324826952359
4 0.48255602031250006 0.8502135328125002 0.44901848984283743 0.8374103340904547 0.4451926828125002 0.8474319015625003 0.4787302132821628 0.8602351002845458
4 0.45664771875000004 0.857985025 0.4409879310686309 0.838529783528626 0.4319522014709764 0.8458027648099804 0.44761198915234557 0.8652580062813543
4 0.4595830484375002 0.8685247921875001 0.4350779309459714 0.8514573510977754 0.4292627453125002 0.8598066875000002 0.4537678628040288 0.8768741285897249
0 0.41146782968749995 0.7907308171874999 0.40756062555087863 0.7760225187100762 0.3382636625426339 0.7944309961377477 0.3421708666792552 0.8091392946151712
0 0.4427555625000001 0.7425710390625 0.438059813845015 0.7260058017841693 0.3735690752080396 0.7442869947502194 0.37826482386302474 0.7608522320285501
0 0.42532160625000015 0.72805046875 0.3871560646832704 0.7156903833240129 0.3832330453125 0.7278039046875 0.42139858687922976 0.7401639901134871
0 0.4282692390625 0.7967109640625 0.420658529699873 0.7791931098244131 0.355730292351082 0.8074014701163342 0.363341001713709 0.8249193243544211
0 0.4278807765625 0.7987163500000001 0.41375225371495966 0.7874953895649052 0.3738533859375 0.83773280625 0.38798190878504035 0.848953766685095
0 0.4218672921875002 0.8134942625000002 0.40113050826101204 0.8028592635959193 0.3743084671875001 0.8551585515625002 0.39504525111398825 0.8657935504665811
3 0.5703125000000002 0.8015625 0.5531250000000002 0.8015625 0.5531250000000002 0.81875 0.5703125000000002 0.81875
3 0.5906250000000002 0.7828125 0.5703125000000002 0.7828125 0.5703125000000002 0.8015625 0.5906250000000002 0.8015625
3 0.5906250000000002 0.76875 0.5703125000000002 0.76875 0.5703125000000002 0.7875 0.5906250000000002 0.7875
3 0.5843750000000002 0.7578125 0.5640625000000001 0.7578125 0.5640625000000001 0.7765625 0.5843750000000002 0.7765625
3 0.5625000000000002 0.7765625 0.5437500000000002 0.7765625 0.5437500000000002 0.796875 0.5625000000000002 0.796875
3 0.5609375000000002 0.79375 0.5437500000000002 0.79375 0.5437500000000002 0.8078125 0.5609375000000002 0.8078125
1 0.4703125 0.30625 0.13906250000000003 0.30625 0.13906250000000006 0.6140625 0.4703125 0.6140625