2 0.5410966895356244 0.5046013405835372 0.5159949145466988 0.2537308297604678 0.24838101250000003 0.2805079265625 0.2734827874889256 0.5313784373855696
2 0.6098807235358358 0.5732717453070021 0.534225284375 0.4123371125000001 0.2888657186516644 0.5276807484429981 0.36452115781250005 0.68861538125
2 0.6166701565523874 0.5189736375520182 0.4863164623284499 0.45768983790978685 0.3584716135885626 0.7296221987952688 0.4888253078125002 0.7909059984375001
2 0.6599691627264483 0.5507092601824811 0.5430337110956356 0.5255054237226469 0.4821449249316875 0.8080043885401655 0.5990803765625002 0.8332082249999999
0 0.37273627032548073 0.5005803486959151 0.34867649412249035 0.4933658275048364 0.3264222034845098 0.5675818756839215 0.35048197968750017 0.5747963968750001
0 0.42272477057714103 0.5325335914866561 0.4223005015108002 0.5082272929925766 0.36334073249615917 0.5092564421309206 0.36376500156249997 0.5335627406250001
0 0.4225023125 0.5386617421875001 0.41358348982897863 0.515481920579567 0.3545086851414787 0.538211936204567 0.36342750781250005 0.5613917578125001
0 0.4938620045696056 0.36156696840591623 0.4734455582018719 0.3508178030535592 0.43072377550726626 0.43196149714764304 0.45114022187499997 0.4427106625
0 0.4350027274098376 0.42179409080442437 0.42807075 0.3857868328125 0.36694929290266237 0.3975536982580756 0.37388127031249996 0.43356095625
0 0.5592304361171732 0.5620305008590142 0.5144819046875 0.54173916875 0.5036188857578268 0.565695414765986 0.5483674171875 0.585986746875
0 0.49531886830826793 0.6455037006065111 0.44200745625 0.6179300703125 0.42882284904028156 0.6434214553890738 0.48213426109854945 0.6709950856830849
0 0.49539019444241167 0.684372503713707 0.43888229375 0.6653985093750001 0.4290166680575883 0.6947800822237931 0.48552456875 0.7137540765624999
0 0.4911930187500001 0.6609726640625001 0.4400259406250001 0.6554270312500001 0.43659811289666417 0.6870540673529792 0.48776519102166416 0.6925997001654793
0 0.5332443922913281 0.60227049159362 0.5199510765625 0.5908134156250001 0.47982594340154605 0.6373694535906 0.49311925913037424 0.6488265295592199
4 0.4071167690096333 0.5585030502908273 0.39584037629448743 0.5515104126055258 0.36627676353485406 0.5991849701271985 0.37755315624999997 0.6061776078125
4 0.46222316440163513 0.5485822550677559 0.448462071875 0.5346969671875 0.4069956809108648 0.575792466807244 0.4207567734375 0.5896777546874999
4 0.42824853020616993 0.5626948745963475 0.40962692343749996 0.5491013734375001 0.3785799842261656 0.5916322774782132 0.3972015909948356 0.6052257786370608
4 0.392111613073273 0.547739398231057 0.3794145562500001 0.5429266000000001 0.3604272634892271 0.5930186095814433 0.37312432031250004 0.5978314078125001
4 0.36382451865560606 0.5975919958766553 0.34728201096941225 0.552808334323859 0.335511834375 0.5571560859375001 0.3520543420611938 0.6019397474902964
4 0.5412196883021148 0.6109539254473392 0.529836221875 0.6048452546875 0.5051229460728853 0.6508982761151609 0.5165064125000001 0.657006946875
4 0.5014112281250002 0.57365103125 0.4915354432722504 0.5728992230811194 0.4870235151472505 0.6321681074561194 0.4968993000000001 0.632919915625
4 0.5209342497096433 0.584940192722421 0.5092868203124999 0.578307628125 0.48806290966535676 0.615578882277579 0.4997103390625 0.6222114468750001
4 0.46484821966250356 0.370012055101773 0.4579924656250001 0.353321903125 0.4120352506499964 0.3721995839607271 0.41889100468749996 0.38888973593750004
4 0.4188806727811281 0.398854180619307 0.38861433125 0.337489196875 0.377651264718872 0.342896383443193 0.40791760625 0.40426136718750005
4 0.4833003079086648 0.35017025559307463 0.4719958815211057 0.34357949973943586 0.4414764439249409 0.39592626289636124 0.45278087031250003 0.40251701874999996
4 0.5157730062111713 0.3935768859150154 0.48628188281249995 0.35096449375 0.47688550392959 0.3574675262027069 0.5063766273282614 0.40007991836772233
3 0.4203125 0.571875 0.4046875 0.571875 0.4046875 0.59375 0.4203125 0.59375
3 0.3750000000000001 0.590625 0.3593750000000001 0.590625 0.3593750000000001 0.6125 0.3750000000000001 0.6125
3 0.3890625000000001 0.5953125 0.3750000000000001 0.5953125 0.3750000000000001 0.6171875 0.3890625000000001 0.6171875
3 0.4015625 0.590625 0.3890625000000001 0.590625 0.3890625000000001 0.61875 0.4015625 0.61875
3 0.36406250000000007 0.553125 0.3500000000000001 0.553125 0.3500000000000001 0.5796875 0.36406250000000007 0.5796875
3 0.5046875 0.6671875 0.4890625 0.6671875 0.4890625 0.6921875 0.5046875 0.6921875
3 0.5125 0.6515625 0.5 0.6515625 0.5 0.671875 0.5125 0.671875
3 0.5140625 0.6328125 0.4984375 0.6328125 0.4984375 0.6546875 0.5140625 0.6546875
3 0.5234375 0.6203125 0.5078125 0.6203125 0.5078125 0.6421875 0.5234375 0.6421875
3 0.403125 0.3781250000000001 0.3843750000000001 0.3781250000000001 0.3843750000000001 0.409375 0.403125 0.409375
3 0.4859375 0.3906250000000001 0.46875 0.3906250000000001 0.46875 0.41875 0.4859375 0.41875
3 0.50625 0.3890625000000001 0.490625 0.3890625000000001 0.490625 0.4140625 0.50625 0.4140625
3 0.496875 0.3671875000000001 0.478125 0.3671875000000001 0.478125 0.3984375000000001 0.496875 0.3984375000000001