2 0.7428977 0.17251695468750006 0.6080482859375002 0.08501757656250009 0.46440036643128496 0.3064001531225008 0.5992497804937849 0.39389953124750077
2 0.6097537562500001 0.08235223437500008 0.49382157425302947 0.030052890937773923 0.3799768663912083 0.28241294985649074 0.49590904838817884 0.3347122932937169
2 0.4639615765625 0.08268039062500006 0.3526954708519578 0.07643740480889794 0.33887123207215686 0.3228209877210716 0.45013733778269893 0.3290639735371737
1 0.88125 0.3234375000000001 0.5578125 0.3234375000000001 0.5578125 0.6515625 0.88125 0.6515625000000002
4 0.7209063794325945 0.4210500013081166 0.7179454268783257 0.4103543433545248 0.6673474208832313 0.42436173735890825 0.6703083734375 0.4350573953125001
4 0.703637603125 0.4289910687500001 0.7000578220773638 0.4203643962684815 0.6544317002023636 0.4392977134559815 0.65801148125 0.44792438593750006
4 0.6780742406250001 0.4820925796875001 0.6645687499910057 0.4772598536374675 0.6490794546875001 0.5205460921875001 0.6625849453214945 0.5253788182375327
4 0.6797447829099783 0.5518721181697794 0.6698875312153463 0.5132486716226871 0.657035181117868 0.5165287737654076 0.6668924328125 0.5551522203125
4 0.7195151703125002 0.5692082078125001 0.672158692413597 0.5538138021534488 0.6679499093750002 0.5667609171875002 0.7153063872739034 0.5821553228465515
4 0.6934386233960319 0.4765143689080091 0.6707046167126764 0.4381496902331362 0.6608696515624999 0.44397765937500006 0.6836036582458555 0.4823423380498729
0 0.6569204575820324 0.4336579204514915 0.6378648931252806 0.43067155526075485 0.6284310796875001 0.4908673546875 0.6474866441442519 0.4938537198782367
0 0.6669967086687416 0.44882520428370565 0.6455073933335159 0.4468628118141904 0.6405464471647744 0.501187998155485 0.6620357625000001 0.5031503906250001
0 0.7436872344881894 0.5540449352844632 0.7408211420559154 0.5375838078112821 0.6719087625 0.5495823328125 0.674774854932274 0.5660434602856812
0 0.808454225 0.5254472718750001 0.7325346044512134 0.5229826771508577 0.7319290665045239 0.5416357281739004 0.8078486870533105 0.5441003228980429
0 0.8018952765625003 0.4481788953125 0.7969825740315116 0.4312686846083804 0.7275296870284201 0.4514459242498372 0.7324423895594087 0.4683561349539568
0 0.8339095046875 0.44326858593750007 0.8243458148954167 0.42497514306169215 0.7597246430204165 0.4587586602491923 0.7692883328125 0.4770521031250001
3 0.709375 0.4296875 0.684375 0.4296875 0.684375 0.4484375 0.709375 0.4484375
3 0.7203125 0.4390625 0.69375 0.4390625 0.69375 0.465625 0.7203125 0.465625
3 0.7140625 0.4609375 0.6890625 0.4609375 0.6890625 0.4796875 0.7140625 0.4796875
3 0.7328125 0.4640625000000001 0.7078125 0.4640625 0.7078125 0.4859375000000001 0.7328125 0.4859375000000002
3 0.7234375 0.3656250000000001 0.6953125 0.3656250000000001 0.6953125 0.3921875000000001 0.7234375 0.3921875000000001
3 0.7640625 0.3593750000000001 0.7296875 0.3593750000000001 0.7296875 0.3859375000000001 0.7640625 0.3859375000000001