2 0.8612829812499999 0.26900335156250005 0.7363953671875001 0.1677927328125 0.5702376739656106 0.37282100080350655 0.6951252880281105 0.47403161955350653
2 0.921927902746426 0.39232397629633353 0.8632908531249998 0.2665577171875001 0.6363428050426947 0.3723695943251677 0.694979854664121 0.49813585343400113
2 0.9086208938094813 0.5336651058662613 0.90803101875 0.4053157265625 0.6922569524221718 0.4063073927544215 0.692846827481653 0.5346567720581827
1 0.6015625 0.13437500000000008 0.2890625 0.13437500000000005 0.28906250000000006 0.4421875 0.6015625 0.4421875
4 0.5202434725711667 0.3173720333023696 0.5174791828125 0.265038521875 0.5063716149288334 0.26562523076013045 0.5091359046875 0.31795874218750003
4 0.5125422870226053 0.2847897172883215 0.5032062472791593 0.28431498627693347 0.50069861875 0.33362990156250005 0.5100346584934459 0.334104632573888
4 0.46925520238426854 0.33315767770201354 0.45970792530116034 0.3225600700039877 0.4248441432293918 0.3539684969894742 0.4343914203125 0.36456610468750006
4 0.43534725781250005 0.349444571875 0.4325070501051512 0.33684333270133326 0.3931343157301511 0.3457175983263333 0.3959745234375 0.35831883750000004
4 0.3956200713564646 0.3528967343305422 0.366345165625 0.31261517968749997 0.35533231301853546 0.32061884848195776 0.38460721875000004 0.360900403125
4 0.5060725127180494 0.31853746440697617 0.46256034092789033 0.30877147810647293 0.4600567844598409 0.31992602776199697 0.50356895625 0.32969201406250015
0 0.5191203390625 0.3391585312500001 0.5085164995001256 0.3243432142438237 0.4583944354376256 0.36021732518132366 0.468998275 0.3750326421875001
0 0.505327889502569 0.34401691623268604 0.4963952503996699 0.324374411729263 0.4466989327721008 0.346974343934077 0.45563157187499986 0.36661684843750003
0 0.39972166875 0.351826834375 0.3883827921930521 0.2824874975970748 0.3719437738847898 0.2851757263569169 0.38328265044173765 0.35451506313484205
0 0.4018513914874425 0.2883503855367482 0.3804806078125 0.21450623750000003 0.362874771532177 0.21960143500131046 0.3842455552071195 0.2934455830380586
0 0.4736548497445218 0.1976092586456959 0.4559940281250001 0.19686692812500003 0.45300312681797833 0.2680236069793042 0.47066394843750003 0.2687659375000001
0 0.471076123584764 0.17126869738475384 0.45077106875000006 0.16490221875000005 0.42915732082831787 0.23383645412759124 0.44946237566308184 0.240202932762345
3 0.5078125 0.2828125000000001 0.4890625 0.2828125000000001 0.4890625 0.3062500000000001 0.5078125 0.3062500000000001
3 0.4953125 0.2765625000000001 0.4703125 0.2765625000000001 0.4703125 0.3031250000000001 0.4953125 0.3031250000000001
3 0.4765625 0.2875000000000001 0.4578125 0.2875000000000001 0.4578125 0.3109375000000001 0.4765625 0.3109375000000001
3 0.4671875 0.2718750000000001 0.4453125 0.2718750000000001 0.4453125 0.2953125000000001 0.4671875 0.2953125000000001
3 0.5640625 0.2500000000000001 0.5390625 0.2500000000000001 0.5390625 0.27812500000000007 0.5640625 0.27812500000000007
3 0.5578125 0.2093750000000001 0.534375 0.2093750000000001 0.534375 0.24218750000000008 0.5578125 0.24218750000000008