0 0.8579109375000001 0.75435625 0.8530609375000001 0.644325 0.8212667637142159 0.6457264358908134 0.8261167637142159 0.7557576858908133
3 0.9125 0.7015625000000002 0.884375 0.7015625000000002 0.884375 0.7468750000000002 0.9125 0.7468750000000002
4 0.9239319685930882 0.8986285350983039 0.910503125 0.8716666671875002 0.8398789689069115 0.9068422992766966 0.8533078125 0.9338041671875003
4 0.5673587920068938 0.8149423755022983 0.5123562500000001 0.7851041671875001 0.49912558299310633 0.809493041685202 0.5541281250000001 0.8393312500000001
0 0.556940625 0.9771333328124999 0.5553151145876418 0.8534326380457534 0.5241673018616106 0.8538419412756489 0.5257928122739688 0.9775426360423956
3 0.07500000000000004 0.4078125 0.05312500000000005 0.4078125 0.05312500000000005 0.4390625 0.07500000000000004 0.4390625
3 0.057812500000000044 0.4078125 0.035937500000000046 0.4078125 0.03593750000000005 0.4375 0.057812500000000044 0.4375
3 0.021875000000000068 0.5578125 6.831232926493829e-17 0.5578125 7.022583988860603e-17 0.5890625 0.02187500000000007 0.5890625
4 0.03764039223024227 0.7262530209824362 0.012056250000000057 0.6705291671875 -0.0010560836594306177 0.6765493504028927 0.024528058570811594 0.7322732041978288
4 0.028285734753481596 0.7225316220830175 0.0016343750000000323 0.6796416671875001 -0.005663859753481537 0.6841767122919827 0.020987500000000027 0.7270666671875001
4 0.04010553096431142 0.45568441917843233 0.02735468750000005 0.44107291718750014 -0.012591468464311362 0.47593224800906775 0.00015937500000000603 0.49054375000000006
0 0.05271986423988173 0.43134095248672144 0.03909131294193864 0.4137670272080231 -0.011473863797943106 0.45298024190880176 0.0021546874999999856 0.47055416718750004
1 1 0.5375000000000001 0.6296875 0.5375 0.6296875000000001 1 1 1