0 0.3149837727690195 0.1990899293581029 0.313723471875 0.16715951874999999 0.20375336501074126 0.1715000649990757 0.20501366590476078 0.20343047560717858
3 0.253125 0.11562500000000005 0.20625 0.11562500000000005 0.20625 0.14843750000000006 0.253125 0.14843750000000006
4 0.0810759328125 0.137851475 0.053904884006100676 0.12602669566292235 0.021651472859861985 0.20013877703423516 0.04882252166626132 0.21196355637131278
4 0.2155151078125 0.522481309375 0.17919618445400454 0.47152511039285205 0.15660151406250003 0.48762941406250004 0.1929204374209955 0.538585613044648
0 0.145123375 0.5124948406250001 0.140016290435941 0.48166503102849356 0.0194838296875 0.501631728125 0.024590914251559015 0.5324615377215065
3 0.6468750000000002 0.9109375 0.6125000000000002 0.9109375 0.6125000000000002 0.9375 0.6468750000000002 0.9375
3 0.6500000000000001 0.928125 0.6156250000000002 0.928125 0.6156250000000002 0.953125 0.6500000000000001 0.953125
3 0.5031250000000002 0.98125 0.46875000000000017 0.98125 0.46875000000000017 1 0.5031250000000002 1
4 0.37422389375000004 0.9999999999999998 0.33178089637789665 0.986486555685109 0.3291457666025421 0.994762965719765 0.37158876397464546 1.008276410034656
4 0.6160888234374999 0.9619408812500001 0.6011104747587396 0.9499181877893749 0.567049566936468 0.9923526185887587 0.5820279156152284 1.0043753120493837
0 0.63844798125 0.9449896328125 0.6174105751804628 0.9346373046215444 0.5898984296875 0.9905459046875 0.6109358357570371 1.0008982328784555
1 0.446875 0.007812500000000028 9.567553118338697e-19 0.0078125 2.688482426253174e-17 0.43125 0.446875 0.43125