1 1 0.534375 0.65 0.534375 0.6500000000000001 1 1 1
0 0.8595375000000001 0.7479833328125 0.855538353157967 0.6456203130610512 0.8272758531579669 0.6467244802485511 0.831275 0.7490874999999999
4 0.918496875 0.9017333328125 0.902884375 0.8713645828125 0.8405135114317128 0.9034292910227449 0.8561260114317125 0.933798041022745
0 0.46963716341299416 0.7384782028017666 0.4420052438044032 0.728459982767294 0.409471205391409 0.8181942799655276 0.437103125 0.8282125000000002
0 0.5527953125 0.9745666671875 0.5505112800760384 0.8568071225108493 0.5269772424389306 0.8572635823687529 0.5292612748628922 0.9750231270454035
0 0.5638248820236815 0.9780721510305662 0.4927250000000001 0.9332645828125002 0.48021886797631874 0.9531090989694343 0.5513187500000001 0.9979166671875003
0 0.048234864269128375 0.43546589917720535 0.03654381054518598 0.419296965144038 -0.009626991223942349 0.4526810659668327 0.002064062500000041 0.4688500000000001
4 0.03966479997721732 0.7236436522763856 0.012487500000000073 0.6684729171875001 -0.001350737477217212 0.6752896820986145 0.02582656250000004 0.7304604171875
4 0.03660312499999998 0.4534770828125 0.02437165394451255 0.4418488075898859 -0.00815959605548744 0.47606755758988595 0.004071874999999991 0.48769583281249995
3 0.07343750000000004 0.409375 0.05312500000000005 0.409375 0.05312500000000005 0.4390625 0.07343750000000004 0.4390625
3 0.02343750000000007 0.55625 6.812097820257152e-17 0.55625 7.041719095097281e-17 0.59375 0.023437500000000073 0.59375
3 0.05625000000000004 0.409375 0.037500000000000054 0.409375 0.037500000000000054 0.4375 0.05625000000000004 0.4375
4 0.5728994347928198 0.8254576531892173 0.5150093750000001 0.7784395828125001 0.49706775270718034 0.800529846810783 0.5549578125 0.8475479171875001