1 0.99375 9.242256312315182e-17 0.515625 6.31458505810354e-17 0.515625 0.34843750000000007 0.99375 0.34843750000000007
0 0.7373744312499999 0.16023377500000002 0.7357368586889802 0.1320007940589841 0.6334545133764802 0.13793338624648407 0.6350920859375 0.1661663671875
4 0.9188272624999996 0.13022507031250002 0.8868832781249996 0.06773777031250003 0.8564999072062177 0.08326998127199747 0.8884438915812177 0.14575728127199747
0 0.8302076312500001 0.5514041093750002 0.7393925761714195 0.5220215708454145 0.7303447989556798 0.5499862882356007 0.8211598540342605 0.5793688267651864
0 0.9725705096460027 0.45438934936669984 0.9724350437500002 0.43067471093750004 0.8556060513315098 0.43134207696900395 0.8557415172275122 0.4550567153982038
0 0.9958223515625001 0.4313354703125002 0.9757778076652175 0.41926469635386826 0.9322506157162926 0.49154529018619186 0.9522951596135754 0.5036160641448237
0 0.4862466890625 0.998719728125 0.4512715887577817 0.9537421402200985 0.43554877945200793 0.9659683812916317 0.47052387975672616 1.010945969196533
4 0.746868440625 0.9658416312500003 0.739805092076482 0.952193961727336 0.6849856421901686 0.980565756717097 0.6920489907386866 0.9942134262397614
4 0.5050109703125001 0.9960554281249999 0.469677740625 0.9647382125 0.458483421143913 0.9773680537399331 0.49381665083141313 1.008685269364933
3 0.4546875000000002 0.9296875 0.4265625000000002 0.9296875 0.4265625000000002 0.95 0.4546875000000002 0.95
3 0.6125000000000002 0.9734375 0.5734375000000002 0.9734375 0.5734375000000002 0.9984375 0.6125000000000002 0.9984375
3 0.45312500000000017 0.9453125 0.42500000000000016 0.9453125 0.42500000000000016 0.965625 0.45312500000000017 0.965625
4 0.8454181999999999 0.4329464187500001 0.825825258888762 0.41388564516229487 0.771760783246967 0.4694595746560547 0.7913537243582051 0.48852034824376