1 0.978125 0.6531250000000001 0.4734375 0.653125 0.47343750000000007 1 0.978125 1
0 0.7068585734375001 0.8591618562500003 0.6057459257757138 0.84271760072057 0.6012056554632139 0.8706348725955699 0.7023183031250002 0.8870791281250001
4 0.8850054890625001 0.9048710265625001 0.8560914577127112 0.8867498350163835 0.8188229030252113 0.9462152490788837 0.8477369343750002 0.9643364406250001
0 0.8334312546874999 0.47757099062500014 0.8268551927245437 0.4489241205210052 0.7338248594019654 0.4702797951249975 0.7404009213649216 0.4989266652289924
0 0.9665298264942483 0.5865674201359791 0.8503500640625002 0.5770714109375001 0.848415426630752 0.6007409033015213 0.9645951890625002 0.6102369125000002
0 0.9879510890625 0.6116170046875 0.9508892002652065 0.5358178172083555 0.9298688947937853 0.5460956612034682 0.966930783591079 0.6218948486826127
0 0.5297653124999999 0.00197937187500008 0.5152676353852795 -0.011478117652202746 0.47650557018347844 0.030280035267739168 0.4910032472981989 0.043737524794941994
4 0.7865298062499999 0.05744703906250006 0.7343917237039022 0.024405376413543144 0.7261657803099496 0.037385501543746535 0.7783038628560472 0.07042716419270345
4 0.54822598125 0.006268946874999992 0.5381750218733915 -0.007288483319386474 0.5002467718733915 0.020830068243113554 0.51029773125 0.03438749843750002
3 0.49375 0.046875000000000056 0.4640625 0.046875000000000056 0.4640625 0.06875000000000006 0.49375 0.06875000000000006
3 0.6546875 0.010937500000000077 0.6140625 0.010937500000000076 0.6140625 0.037500000000000075 0.6546875 0.037500000000000075
3 0.49375 0.029687500000000054 0.4640625 0.029687500000000054 0.4640625 0.05156250000000007 0.49375 0.05156250000000007
4 0.838259675 0.5969036015624999 0.7892445175249668 0.5368291185705205 0.7680648776474004 0.5541097231160813 0.8170800351224334 0.6141842061080607