0 0.38065485468750004 0.8622685015624999 0.37703898298062466 0.830649535669188 0.2676140829806246 0.843163113794188 0.2712299546875 0.8747820796874999
3 0.3265625000000001 0.896875 0.2812500000000001 0.896875 0.2812500000000001 0.9296875 0.3265625000000001 0.9296875
4 0.15787394531249999 0.935429315625 0.11207186649118488 0.8688331242612618 0.08765629984418082 0.8856251312084048 0.13345837866549592 0.952221322572143
4 0.21645226093750009 0.5322140125000001 0.19119987253214712 0.5207168566220883 0.16527113125000004 0.5776668234375 0.190523519655353 0.5891639793154118
0 0.15128689375601984 0.5798345841828717 0.14870582595937215 0.5487911976144487 0.0254198493908523 0.559041672806577 0.028000917187500002 0.590085059375
3 0.5625 0.048437500000000064 0.5296875 0.048437500000000064 0.5296875 0.07187500000000006 0.5625 0.07187500000000006
3 0.5625 0.03125000000000007 0.5296875 0.03125000000000007 0.5296875 0.05468750000000007 0.5625 0.05468750000000007
3 0.409375 0.006250000000000049 0.3765625 0.006250000000000047 0.3765625 0.02968750000000005 0.409375 0.029687500000000054
4 0.2958489984375 0.025140370312500028 0.2889288099922521 0.012479923813329985 0.23512535555967803 0.041888842661739346 0.24204554400492592 0.054549289160909384
4 0.2860317015625 0.01537953750000003 0.2809986044228299 0.008415429713030087 0.2400722328125 0.03799372031249999 0.2451053299521701 0.04495782809946993
4 0.52581346875 0.024395482812500015 0.4884490316317097 -0.013112484497000976 0.47456609531250005 0.0007173265625000091 0.5119305324307903 0.038225293872001
0 0.550996278125 0.03676895937500006 0.5133217421701787 -0.012862877097236103 0.4946461703124999 0.0013133765625000127 0.5323207062673212 0.05094521303473618
1 0.49687500000000007 0.63125 0.009375000000000078 0.63125 0.0093750000000001 1 0.4968750000000002 1