1 0.9671875 0.08125000000000007 0.4390625 0.08125000000000004 0.4390625 0.5250000000000001 0.9671875 0.5250000000000001
2 0.6311237593749999 0.9595312937500001 0.4825096802511356 0.6436984762447212 0.31267554970396627 0.7236133600570972 0.46128962882783053 1.039446177562376
2 0.4136044312499999 0.9624559203124997 0.3780562229100405 0.6741174088657347 0.258506809933445 0.688856221999257 0.29405501827340447 0.9771947334460223
2 0.3319256999125044 0.6643376117878417 0.21049374178172037 0.647007774152387 0.17562934499421606 0.8913061951770456 0.2970613031250001 0.9086360328125
0 0.275262590625 0.8467319515624998 0.25092909883415965 0.7897205671796509 0.22883328208139658 0.7991514621032798 0.2531667738722369 0.856162846486129
0 0.2517886203125001 0.7759429843750001 0.23686181350520083 0.76784915244801 0.21154868124999998 0.8145321375 0.22647548805729928 0.8226259694269901
0 0.30258337425964354 0.7275262615046395 0.276330384862585 0.7251370508854957 0.27057241406250016 0.7884064609374999 0.29682540345955866 0.7907956715566435
0 0.30599051250000003 0.7161425296875 0.2938214828125001 0.7018796906250001 0.25619777146512795 0.7339801762529893 0.2683668011526279 0.7482430153154892
0 0.3442107187982284 0.8417666029160898 0.32112741443111326 0.840063154654246 0.31573074875788487 0.9131929814256562 0.33881405312500007 0.9148964296875001
0 0.5407793751664535 0.8352102083433037 0.5222233765625 0.8256895609375 0.49070138733354635 0.8871267682191963 0.5092573859374999 0.8966474156249997
0 0.7727521328125 0.2821469171875001 0.7410249991814277 0.27497398952558544 0.7222251210564277 0.3581291910880854 0.7539522546875 0.36530211875000007
0 0.6437359125000001 0.41996595781250007 0.570602355282564 0.3860755856010029 0.5633250743224496 0.4017795572234607 0.6364586315398857 0.43566992943495786
0 0.6114992640625 0.4207961125 0.5464627110956596 0.37995188382555983 0.5335646703125 0.40048952499999996 0.5986012232793404 0.4413337536744402
0 0.666666440625 0.2726035968750001 0.6410258468750001 0.2622002687500001 0.6093438085266157 0.34028549923607015 0.6349844022766157 0.35068882736107015
4 0.630416753125 0.2844121953125001 0.6225340071173567 0.27043270353749616 0.566382196875 0.30209554687500006 0.5742649428826432 0.316075038650004
4 0.6294349968749999 0.24840581562500005 0.619485024526985 0.23432946082838493 0.5666012812499999 0.2717107140625 0.5765512535980146 0.28578706885911515
4 0.566824646875 0.3424961265625 0.5652499061502385 0.2857856156952157 0.5480654828125 0.28626279375 0.5496402235372615 0.3429733046172843
4 0.6992652249999999 0.40133424687500013 0.6918692026781876 0.3856452119192805 0.628284915428812 0.41561970105390167 0.6356809377506244 0.4313087360096213
4 0.7337274881301525 0.3504692565532745 0.7319688109375 0.3352001078125 0.6612497534484547 0.34334542066545237 0.6630084306411073 0.3586145694062269
4 0.7495000125000001 0.2540244453125001 0.7300732518387968 0.2531699704796547 0.7273551343750001 0.31496724687500005 0.7467818950362034 0.3158217217078455
4 0.5486233133247249 0.8651766329482395 0.5346283843749999 0.85272535 0.4998340507377751 0.8918333061142605 0.5138289796875 0.9042845890625
4 0.484503115754396 0.9026884181835577 0.46745748725123215 0.8534044910576217 0.447694878125 0.860239703125 0.4647405066281637 0.909523630250936
4 0.35883957979232145 0.7589276092250703 0.34220041191747635 0.7587959155397888 0.3417797640625001 0.8119437203125001 0.35841893193734514 0.8120754139977816
4 0.37055914531250006 0.7150331359375001 0.36107188630360126 0.7114636377577543 0.34263400468750016 0.7604691140625001 0.35212126369639896 0.7640386122422459
3 0.7375 0.28593750000000007 0.70625 0.28593750000000007 0.70625 0.3187500000000001 0.7375 0.3187500000000001
3 0.7125 0.18750000000000008 0.66875 0.18750000000000008 0.66875 0.2234375000000001 0.7125 0.2234375000000001
3 0.7046875 0.3453125000000001 0.6671875 0.3453125000000001 0.6671875 0.3859375000000001 0.7046875 0.3859375000000001
3 0.7359375 0.3437500000000001 0.69375 0.3437500000000001 0.69375 0.3812500000000001 0.7359375 0.3812500000000001
3 0.5109375000000002 0.89375 0.46406250000000016 0.89375 0.46406250000000016 0.9359375 0.5109375000000002 0.9359375
3 0.5296875000000002 0.80625 0.49531250000000016 0.80625 0.49531250000000016 0.8328125 0.5296875000000002 0.8328125
3 0.3750000000000001 0.8640625 0.3375000000000001 0.8640625 0.3375000000000001 0.89375 0.3750000000000001 0.89375