1 0.89375 0.4281250000000001 0.484375 0.428125 0.4843750000000001 0.89375 0.89375 0.89375
2 0.3286703077262591 0.5629104658372135 0.2835771667375641 0.37992938916280017 -0.001264495676194932 0.4501246545755867 0.04382864531250001 0.6331057312499999
2 0.301282730208235 0.37546541313992327 0.2809807601865786 0.2597885344551837 -0.006549210646656356 0.31025172912776056 0.013752759375000024 0.4259286078125002
2 0.32015672104033743 0.2788560801920447 0.11681058686740076 0.190411950325376 0.06945416718750001 0.2992913625 0.27280030136043665 0.3877354923666687
0 0.5929118607683224 0.5194753781736166 0.5724384109375001 0.5170291562500001 0.5625047486066779 0.6001681124513836 0.5829781984375002 0.6026143343750002
0 0.5737294312500001 0.5317855812500001 0.5545256523089483 0.5310350010108817 0.5512626673572008 0.6145192688287299 0.5704664462982525 0.6152698490678482
0 0.6848834953124999 0.5195585734374999 0.6828922149617452 0.49736712954952605 0.6137556531249999 0.503570884375 0.6157469334757546 0.5257623282629738
0 0.7166920838125146 0.7792927724940018 0.6301605406249999 0.7138884390625001 0.6133014364765998 0.7361934488711841 0.6998329796641145 0.8015977823026859
0 0.15787880740764582 0.44174473392259805 0.08715677031250006 0.439260796875 0.08615511650462879 0.4677796346713392 0.15687715359977455 0.4702635717189373
0 0.13737446718750004 0.331634384375 0.07813215781250002 0.328058125 0.07721546213318996 0.343243592087776 0.13645777150818997 0.346819851462776
0 0.17880083714465747 0.35548957040710094 0.12114622187500002 0.333992615625 0.11351025584098365 0.3544721992853773 0.1711648711106411 0.37596915406747833
0 0.18396184687499997 0.2630220859375 0.1726403 0.24095730624999998 0.12347858110898517 0.26618242577365014 0.13480012798398516 0.2882472054611502
0 0.20513132173870355 0.25284589425378 0.16007570625 0.22078420781250002 0.14939114270166182 0.23579900086713904 0.19444675819036536 0.267860687308419
4 0.7671934679424808 0.534739890078297 0.7081675812500001 0.5120171078125001 0.7015101789325194 0.5293107239842032 0.760536065625 0.5520335062500001
4 0.6310898859375002 0.7328309703125002 0.6087591609375 0.6573986750000002 0.5896311349390396 0.6630612719897233 0.6119618599390397 0.7384935673022234
4 0.6191616298317208 0.7373796254179374 0.5886706281250002 0.6586057812500001 0.5741062104110238 0.664243232234714 0.6045972121177445 0.7430170764026516
4 0.6672834667655081 0.5539083703319023 0.6183717625 0.5236998765624998 0.6095074113594918 0.5380524796680974 0.6584191156249999 0.5682609734374999
4 0.5887923863934912 0.5292289383119674 0.5798687854809754 0.5133657837095174 0.5318532193999843 0.5403762844600499 0.5407768203125001 0.5562394390625001
4 0.6330542625 0.4823794546875 0.6197334887364997 0.46951639658509076 0.5861786574864998 0.5042652340850908 0.59949943125 0.5171282921875001
4 0.65663344375 0.4942905890625001 0.6523372665376856 0.4813819084463876 0.6109234884126857 0.4951649537588877 0.615219665625 0.5080736343750001
4 0.8278546453125 0.6354037218750002 0.820747425208776 0.6126563557235072 0.7572009578125 0.6325109062500001 0.764308177916224 0.655258272401493
4 0.21467844196944735 0.33920137718472365 0.16795925156250005 0.33745260156249995 0.1673784252180527 0.3529695931277763 0.21409761562500002 0.35471836875000007
4 0.2565458271619231 0.3565220791035396 0.2162155500000001 0.3406686906250001 0.21061557126247554 0.35491477403429555 0.25094584842439854 0.3707681625128351
3 0.690625 0.696875 0.6578125 0.696875 0.6578125000000001 0.7390625 0.6906250000000002 0.7390625
3 0.6843750000000002 0.75625 0.6546875000000002 0.75625 0.6546875000000002 0.7953125 0.6843750000000002 0.7953125
3 0.60625 0.6171875 0.5765625 0.6171875 0.5765625 0.6578125 0.60625 0.6578125
3 0.6484375 0.5953125 0.621875 0.5953125 0.621875 0.6359375 0.6484375 0.6359375
3 0.8140625 0.5968750000000002 0.7890625 0.5968750000000002 0.7890625 0.6312500000000002 0.8140625 0.6312500000000002
3 0.07500000000000007 0.5171875 0.04531250000000007 0.5171875 0.04531250000000007 0.546875 0.07500000000000007 0.546875
3 0.06875000000000006 0.5390625 0.03593750000000007 0.5390625 0.03593750000000007 0.5703125 0.06875000000000006 0.5703125
3 0.11562500000000005 0.3515625 0.08906250000000004 0.3515625 0.08906250000000004 0.378125 0.11562500000000005 0.378125