1 0.48087334924221814 0.4977506681047502 0.30698366093749996 0.09447705781249997 -0.013158128419452941 0.23252069504492892 0.1607315598852653 0.6357943053371791
2 1.0062600774612682 0.47773331999813634 0.9366022624999999 0.2605930796875 0.6073944126209304 0.36620178426417027 0.6770522275821986 0.5833420245748067
2 0.9769333795974608 0.6323957361082988 0.9757870437499999 0.490637321875 0.6902838604665594 0.4929460563182576 0.6914301963140203 0.6347044705515563
2 0.9406034921875002 0.6331674750000001 0.6776437341097619 0.6284314128582786 0.6756498653562599 0.7391367265493387 0.9386096234339982 0.7438727886910602
0 0.40938129289187264 0.42631992310256184 0.38303996288775016 0.4184963862894767 0.36119085905837756 0.4920608709994149 0.3875321890625 0.4998844078125001
4 0.3392624498833957 0.48462959861547256 0.2847195187500001 0.4790154781250001 0.2831056158892401 0.4946950476568279 0.33764854702263575 0.5003091681473004
4 0.3261531390625 0.5002439515625 0.3255252363550566 0.4828421693382697 0.27136476874999993 0.48479642343749985 0.2719926714574433 0.5021982056617302
4 0.3458639912101879 0.4663433833833716 0.30512366562500004 0.4424671078125001 0.2960158181648122 0.45800791817912856 0.33675614375000007 0.48188419375
0 0.4114994328125001 0.41593053906250005 0.3887754171875001 0.4030996359375001 0.3550246561881744 0.4628735125565179 0.3777486718131744 0.47570441568151783
0 0.23566715657272833 0.36793166159915236 0.16203215937499998 0.2986731546875 0.14233857311477166 0.31961119152584777 0.2159735703125 0.3888696984375001
0 0.3761024506799743 0.3297860983015417 0.3652286037332196 0.29879114842058074 0.28739248117824534 0.32609811574403913 0.298266328125 0.3570930656250001
0 0.32199344054839946 0.20588383818338768 0.22803649687500002 0.20182975781250004 0.22653356161940535 0.2366616284800665 0.32049050529280476 0.24071570885095417
0 0.34264867018960665 0.3851504541938664 0.3186996071307255 0.37483733282838394 0.28623899950219994 0.45021714379687283 0.31018806256108106 0.46053026516235535
0 0.9225552 0.6067217874999999 0.9197935671874999 0.5798103531249998 0.8561905223545901 0.5863372536661562 0.8589521551670902 0.6132486880411563
0 0.8704701421328627 0.4763192741166259 0.8593716373824473 0.4557761430155349 0.7921314655620846 0.49210290171140886 0.8032299703125 0.5126460328125
0 0.8784946066320731 0.6644859700594437 0.8668181638847882 0.6480058657030656 0.8178090260027151 0.6827296987686222 0.8294854687500003 0.6992098031250003
0 0.7761331502251517 0.6741556692004205 0.73724015 0.6413346031250001 0.7272519622197587 0.65317061688193 0.7661449624449105 0.6859916829573504
0 0.8532276015625001 0.6966808703125003 0.8048517640625 0.6824425937500002 0.7985559321411791 0.7038332543834142 0.8469317696411792 0.7180715309459142
0 0.7409694995381828 0.6621132704210501 0.7044512546874999 0.6443989156250002 0.6970604858752683 0.6596350282707766 0.7335787307259511 0.6773493830668265
3 0.9062445124675131 0.5724425711875953 0.8924769390624998 0.5471471609375002 0.8708747736009791 0.5589046060928957 0.8846423470059921 0.5842000163429912
3 0.21875000000000008 0.384375 0.19062500000000004 0.384375 0.19062500000000004 0.4171875 0.21875000000000008 0.4171875
3 0.2968750000000001 0.4265625 0.2687500000000001 0.4265625 0.2687500000000001 0.459375 0.2968750000000001 0.459375
3 0.3750000000000001 0.38906250000000003 0.3468750000000001 0.3890625 0.3468750000000001 0.421875 0.3750000000000001 0.421875
3 0.35625000000000007 0.38125 0.3359375000000001 0.38125 0.3359375000000001 0.4140625 0.35625000000000007 0.4140625
3 0.35156250000000006 0.3421875 0.3203125 0.3421875 0.32031250000000006 0.3765625 0.3515625000000001 0.3765625
3 0.19218750000000004 0.36875 0.16406250000000006 0.36875 0.16406250000000006 0.4015625 0.19218750000000004 0.4015625
3 0.3140625 0.340625 0.2859375 0.340625 0.28593750000000007 0.3765625 0.3140625000000001 0.3765625
4 0.38593750000000004 0.3234375000000001 0.365625 0.3234375000000001 0.36562500000000003 0.3968750000000001 0.3859375000000001 0.3968750000000001
4 0.29620391211701796 0.37335439193081077 0.2792617583941939 0.2952102880267152 0.25830354315217596 0.29975416640840447 0.275245696875 0.37789827031250006
4 0.9029527498288201 0.4621551344071503 0.894944744227641 0.4511723523093085 0.855827453125 0.4796944046875001 0.8638354587261791 0.49067718678534183
4 0.8278237390624998 0.5968830828125 0.8245516703124999 0.57876270625 0.7786943030331818 0.5870433541666913 0.7819663717831817 0.6051637307291913
4 0.7817108097920628 0.5873861853731099 0.737342034375 0.5818845109375 0.7356876308329373 0.5952266052518901 0.7800564062500001 0.6007282796875
4 0.8624650348672287 0.4704348374842436 0.8583748715191337 0.4574428062613274 0.804164897589405 0.4745092406520836 0.8082550609375 0.487501271875