1 0.890625 0.4796875000000001 0.403125 0.4796875 0.40312500000000007 0.9171875 0.890625 0.9171875
2 0.6646023968749999 0.0542248421875001 0.522263927253782 -0.045620280787933655 0.33043078362399664 0.22785563143673482 0.47276925324521446 0.32770075441216856
2 0.4600279359375 0.009770273437500065 0.34604903319960967 -0.018551453615768022 0.2756516868043141 0.2647579746088464 0.38963058954220453 0.2930797016621145
2 0.345658140563204 0.30040489937051873 0.3298136374999999 0.056502228125 0.22685472344755658 0.06319068635613581 0.24269922651076065 0.3070933576016545
0 0.597252596522335 0.5784957840361842 0.5119346250000001 0.5734498484375001 0.5107629367334323 0.5932610537541432 0.5960809082557671 0.5983069893528273
0 0.6104504093750001 0.566083621875 0.5288218506129012 0.556514869341152 0.526565046875 0.5757670796875 0.6081936056370989 0.585335832221348
0 0.517625475526377 0.6172620691751146 0.4956269921875 0.6137276421875001 0.48461562603612307 0.6822630386373854 0.5066141093750002 0.685797465625
0 0.7756881968750001 0.7277041859375 0.7316341597193314 0.632155234386898 0.7042878765625 0.6447635796875 0.7483419137181686 0.7403125312381021
0 0.49673545093872384 0.08538618006557952 0.46820724375000006 0.08392548437500007 0.46461219906127627 0.15413872618442065 0.49314040625000005 0.1555994218750001
0 0.3731809061171607 0.06798367713238714 0.3579049796875 0.06716574843750003 0.3547347694507931 0.12637371930979974 0.37001069588045377 0.12719164800468682
0 0.39054628125000007 0.1658716609375 0.3827918767240489 0.10756736640029899 0.36082450625 0.11048900156250001 0.3685789107759512 0.168793296099701
0 0.31147773125 0.11924934375000004 0.289581878098875 0.10769449681056176 0.26374920622387504 0.15664610931056172 0.28564505937500007 0.16820095625000003
0 0.2844656171875001 0.1822221625 0.26263730810154473 0.133589432072707 0.245176284375 0.1414266359375 0.26700459346095534 0.190059366364793
4 0.533732678125 0.7635310859375002 0.5126227677148607 0.703196026818994 0.49521407230939224 0.7092869465219983 0.5163239827195316 0.7696220056405045
4 0.7301392323166225 0.6277603614283475 0.6562333775905327 0.600811836486941 0.6492135827739104 0.6200635000585936 0.7231194375000001 0.6470120250000001
4 0.7325980000000001 0.6266823593749999 0.6601476231280203 0.5853101055008956 0.652034075 0.5995184109375 0.7244844518719799 0.6408906648116044
4 0.5570439343750001 0.6627948593750002 0.5253951677843526 0.6133316497772349 0.5113449011419116 0.6223216367416688 0.5429936677325591 0.6717848463394341
4 0.5532579953125001 0.5446005546875001 0.5380559614660724 0.5345921330406005 0.5077618594229392 0.5806065777607139 0.5229638932693668 0.5906149994076135
4 0.5101458390625 0.6004518640625002 0.4982433249953887 0.5862662577581468 0.4612384671828888 0.6173153952581467 0.4731409812500001 0.6315010015625001
4 0.5000166500000001 0.6155021843750001 0.4874391018789728 0.610316008797585 0.47080075187897286 0.650667447860085 0.48337830000000015 0.6558536234375001
4 0.6364428647007154 0.7744946057780139 0.6142466843750001 0.765817921875 0.5900077196742846 0.8278246098469861 0.6122038999999999 0.8365012937499999
4 0.38869138110911516 0.20060449739398992 0.37468612329661516 0.15337412551898993 0.36101055156249995 0.157429353125 0.37501580937499995 0.20465972499999996
4 0.38314606718750005 0.24420787187500004 0.3761935783998752 0.20319203684055043 0.3608526171875 0.20579244375 0.36780510597512484 0.2468082787844496
3 0.7265625 0.6703125000000001 0.6828125 0.6703125 0.6828125 0.70625 0.7265625 0.7062500000000002
3 0.784375 0.6718750000000002 0.74375 0.6718750000000002 0.74375 0.7046875000000001 0.784375 0.7046875000000001
3 0.6515625 0.584375 0.609375 0.584375 0.609375 0.6171875 0.6515625 0.6171875
3 0.6265625 0.628125 0.584375 0.628125 0.584375 0.6578125 0.6265625 0.6578125
3 0.6109375000000001 0.7953125 0.5750000000000002 0.7953125 0.5750000000000002 0.821875 0.6109375000000001 0.821875
3 0.578125 0.048437500000000064 0.546875 0.048437500000000064 0.546875 0.07968750000000006 0.578125 0.07968750000000006
3 0.6015625 0.03906250000000007 0.56875 0.03906250000000007 0.56875 0.07500000000000007 0.6015625 0.07500000000000007
3 0.40625 0.07968750000000005 0.378125 0.07968750000000005 0.378125 0.10781250000000005 0.40625 0.10781250000000005