1 0.934375 0.028125000000000077 0.4 0.028125000000000046 0.4 0.4453125000000001 0.934375 0.44531250000000017
3 0.6609375 0.2468750000000001 0.6234375 0.2468750000000001 0.6234375 0.2765625000000001 0.6609375 0.2765625000000001
3 0.615625 0.2015625000000001 0.5796875 0.2015625000000001 0.5796875 0.2312500000000001 0.615625 0.2312500000000001
3 0.6859375 0.2500000000000001 0.65 0.2500000000000001 0.65 0.2765625000000001 0.6859375 0.2765625000000001
3 0.678125 0.10937500000000008 0.6359375 0.10937500000000008 0.6359375 0.1390625000000001 0.678125 0.1390625000000001
3 0.74375 0.1531250000000001 0.7015625 0.1531250000000001 0.7015625 0.1828125000000001 0.74375 0.1828125000000001
3 0.5375000000000002 0.89375 0.5078125000000002 0.89375 0.5078125000000002 0.9234375 0.5375000000000002 0.9234375
3 0.5453125000000002 0.8 0.5156250000000002 0.8 0.5156250000000002 0.8265625 0.5453125000000002 0.8265625
3 0.3890625000000001 0.8890625 0.3593750000000001 0.8890625 0.3593750000000001 0.9109375 0.3890625000000001 0.9109375
3 0.4312500000000002 0.8359375 0.4078125000000002 0.8359375 0.4078125000000002 0.85625 0.4312500000000002 0.85625
2 0.67984305625 0.9314391687499999 0.5956075852341003 0.6170817430892849 0.3768600472545017 0.6756975109737291 0.46109551827040135 0.9900549366344442
2 0.46338641249999996 0.9854140828125001 0.3750341592108198 0.6761987975426047 0.22786808573277045 0.7182486405448925 0.31622033902195057 1.027463925814788
2 0.31114067260128875 0.674743493465645 0.18474575175616428 0.6665973187597964 0.16716350415487563 0.9394010424816516 0.2935584250000001 0.9475472171875001
0 0.5703054115457435 0.23321286544281686 0.556569955680222 0.21418995089325996 0.4761188625000001 0.2722794953125002 0.48985431836552157 0.291302409862057
0 0.5457006062499999 0.1921735703125001 0.5287008724537625 0.17923663207430574 0.4725133187499999 0.25306967031250005 0.4895130525462374 0.26600660855069436
0 0.6495922031250001 0.1913780703125 0.5795565516245689 0.15554650865273337 0.5681443669346442 0.17785253587508482 0.6381800184350754 0.21368409753485146
0 0.7455964233537717 0.2682747087354425 0.7361568196904692 0.24058843136148828 0.632493759375 0.27593222968750003 0.6419333630383026 0.3036185070614542
0 0.5677890703124999 0.8226585671875 0.54444994375 0.8134358562499999 0.5177185132940473 0.8810828033175243 0.5410576398565473 0.8903055142550244
0 0.3482315515625001 0.8657375953124999 0.330832133426571 0.8648640113765966 0.32740899436407095 0.9330436395015967 0.34480841250000005 0.9339172234375
0 0.276455377134166 0.8805016425118233 0.23452221033552992 0.825909749029415 0.21541662968749997 0.8405851421874999 0.2573497964861361 0.895177035669908
0 0.2375661431678414 0.8150214104664009 0.2232415563244082 0.8083079711853809 0.198467152219067 0.8611695654064799 0.21279173906250018 0.8678830046874999
0 0.2878792265625002 0.7600093468750001 0.2721407593860906 0.7585663519671118 0.26658205782359057 0.819194037904612 0.28232052500000016 0.8206370328125002
0 0.3107803515025602 0.7997909460948056 0.29485012124885435 0.7932800055251613 0.2697035806837942 0.8548057063053559 0.28563381093750007 0.8613166468750002
0 0.31558914375 0.8140870156250001 0.30218351382669606 0.8098399297901849 0.2866083109375001 0.8590019703125001 0.3000139408608041 0.8632490561473153
0 0.28571633125000007 0.7431403937500001 0.27019510312500006 0.7306572421875002 0.24203901472888206 0.7656657950289663 0.257560242853882 0.7781489465914663
4 0.5078208569352641 0.8989038089947483 0.48658994843750014 0.8536998656250002 0.46910273152904314 0.8619130761192082 0.4903336400268071 0.9071170194889564
4 0.5777934625000001 0.8528363500000001 0.5570152375000003 0.8411956593750002 0.5313782758048171 0.8869567379552414 0.5521565008048169 0.8985974285802414
4 0.36008696718750005 0.8279377 0.34912149465192427 0.7793215594462158 0.3319932769359518 0.7831848649000922 0.34295874947152755 0.8318010054538766
4 0.36223647630671013 0.7332636481941374 0.35029982544458826 0.7302834895202245 0.3387224984375001 0.7766550171875001 0.35065914929962194 0.7796351758614131
0 0.31332424596412284 0.7331953833114863 0.2930187 0.6846118296875001 0.28080757635417897 0.689715481313786 0.3011131223183018 0.7382990349377722
4 0.6054069890625 0.22528848906250007 0.5861656209086633 0.21493284311556313 0.5523550258423258 0.27775481583510403 0.5715963939961625 0.28811046178204097
4 0.6496424265625 0.21696092187500016 0.5998479908347865 0.181971208863685 0.5856427773184149 0.20218688171617938 0.6354372130461285 0.23717659472749447
4 0.6540210031249999 0.167574096875 0.6015576171874999 0.14124521875 0.5918510664677754 0.1605866625484461 0.6443144524052754 0.18691554067344612
4 0.6431571843749997 0.18450567968750006 0.5989740600242954 0.14528538260801915 0.5834563093749999 0.16276670625000017 0.6276394337257042 0.2019870033294811
4 0.7446279140625 0.18496447343750008 0.674046695239329 0.16561483087824228 0.6690736167532398 0.18375500787513097 0.7396548355764108 0.20310465043438883
4 0.7492854640625 0.157978725 0.692099465625 0.12104827343749994 0.6792111374115047 0.14100556845815787 0.7363971358490047 0.17793602002065795