1 0.5265625 0.553125 0.040625000000000064 0.553125 0.04062500000000009 0.9484375 0.5265625000000002 0.9484375
3 0.2765625000000001 0.7375 0.2328125000000001 0.7375 0.2328125000000001 0.76875 0.2765625000000001 0.76875
3 0.2578125000000001 0.7671875 0.22031250000000008 0.7671875 0.22031250000000008 0.79375 0.2578125000000001 0.79375
3 0.2890625000000001 0.84375 0.25468750000000007 0.84375 0.25468750000000007 0.871875 0.2890625000000001 0.871875
3 0.3671875000000001 0.85 0.34062500000000007 0.85 0.34062500000000007 0.878125 0.3671875000000001 0.878125
3 0.2828125000000001 0.6578125 0.2453125000000001 0.6578125 0.2453125000000001 0.684375 0.2828125000000001 0.684375
3 0.3921875 0.07968750000000005 0.3625 0.07968750000000005 0.3625 0.10156250000000004 0.3921875 0.10156250000000004
3 0.365625 0.059375000000000046 0.33125 0.059375000000000046 0.33125 0.09687500000000004 0.365625 0.09687500000000004
3 0.5828125 0.1062500000000001 0.5546875 0.1062500000000001 0.5546875 0.1296875000000001 0.5828125 0.1296875000000001
2 0.5707840103402968 0.33532607229880484 0.47598257896518453 0.009402079829486331 0.252692765625 0.07435033281249999 0.34749419700011225 0.4002743252818185
2 0.6461221194562363 0.04328864967582097 0.48171549531249996 0.028742170312500058 0.45595522429376373 0.31988885188667915 0.6203618484375001 0.33443533125
2 0.7675642194929446 0.12805604102670642 0.6373520890625 0.07098566875000008 0.5402692534390139 0.2924904942918939 0.6704813838694585 0.34956086656860025
4 0.3477205479107862 0.8867667806839192 0.3400031453125 0.8295360453125001 0.30238342793100104 0.8346089576695158 0.3101008305292872 0.8918396930409349
4 0.33430882812500007 0.65143055 0.3203710381755722 0.6357880219209677 0.26441100748279533 0.6856494733064975 0.2783487974322232 0.7012920013855298
4 0.49227183750000003 0.6719683484375001 0.44481435642932976 0.6493133009297345 0.43583939204179545 0.6681139325499219 0.4832968731124659 0.6907689800576875
4 0.44048764062499995 0.6383262718749999 0.40780897250643344 0.5907910788939539 0.39361057656250004 0.6005519453125 0.42628924468106655 0.648087138293546
4 0.3061692885151591 0.6533161693034166 0.2940887503424687 0.6428459871199441 0.24546149218750002 0.6989523125 0.2575420303601904 0.7094224946834725
4 0.47799577187500014 0.203338296875 0.45688585194219344 0.14575524752921085 0.4337530985739992 0.15423570448617913 0.45486301850680577 0.2118187538319683
4 0.48404064999999996 0.14267825312500004 0.4518512570109342 0.0979814134959098 0.4369298820109342 0.1087273634959098 0.4691192749999999 0.15342420312500005
4 0.40293016093749995 0.14780635312499998 0.39914316802034333 0.08151516786350058 0.3804880546875001 0.08258087187499999 0.3842750476046567 0.14887205713649942
4 0.6026091359375001 0.18755113750000008 0.5813642843750001 0.18539887343750006 0.5764827336294142 0.23358432743997953 0.5977275851919142 0.23573659150247955
4 0.6002283621852096 0.24011022533742063 0.5844984718750001 0.2343941578125001 0.5686863251177421 0.27790717318123676 0.5844162154279516 0.2836232407061573
0 0.5043340171875 0.21061612343749997 0.4635548930119806 0.13860131436685685 0.4338479208204828 0.15542319202659544 0.4746270449960022 0.22743800109723855
0 0.3850029640625 0.10158780781250003 0.35259126406249996 0.10011085625000002 0.34925323369254696 0.1733639281101725 0.38166493369254695 0.17484087967267253
0 0.601092012379828 0.13539630858273619 0.5815588515625001 0.12983358125000008 0.5637833584471535 0.1922510870633912 0.5833165192644815 0.1978138143961273
0 0.6124073156250001 0.08956540937500007 0.5833538 0.08903446406250007 0.5821583426741906 0.15445031250626234 0.6112118582991906 0.15498125781876237
0 0.7036013734375001 0.18438324062499994 0.6655943457802184 0.13412986431784488 0.6501408759990704 0.14581744625827323 0.6881479036563521 0.19607082256542827
0 0.6840996374999999 0.25284620781250017 0.6634382840820587 0.23808017745702328 0.6333798778320587 0.2801393727695233 0.65404123125 0.2949054031250002
0 0.7225267953125001 0.16835780156249996 0.7080918 0.16077541562499997 0.68354566729735 0.2075052066727478 0.69798066260985 0.21508759261024785
0 0.6717188218977059 0.28064966729758545 0.6569383185575649 0.27446048616747937 0.6385594203125 0.3183514890625001 0.6533399236526409 0.32454067019260624
0 0.6497250171875001 0.3248232515625 0.6293923982542984 0.2823951266269278 0.6166793691932545 0.2884875282067158 0.6370119881264562 0.33091565314228805
0 0.46417713437499997 0.6653662015624999 0.4102150421047277 0.6113553685131838 0.39217985872677374 0.6293742764730704 0.44614195099704607 0.6833851095223866
0 0.3445238796875 0.6703881484374999 0.3296953620402544 0.6469218122593625 0.23570660438304372 0.7063138682233909 0.25053512203028927 0.7297802044015282