1 0.896875 0.40312500000000007 0.5078125 0.403125 0.5078125000000001 0.8890625 0.896875 0.8890625
3 0.6984375 0.696875 0.671875 0.696875 0.6718750000000001 0.734375 0.6984375000000002 0.734375
3 0.7265625000000001 0.6921875000000001 0.6953125 0.6921875 0.6953125000000001 0.7312500000000001 0.7265625000000002 0.7312500000000002
3 0.7296875 0.6015625000000001 0.709375 0.6015625 0.709375 0.6296875000000001 0.7296875 0.6296875000000002
3 0.7484375 0.6046875000000002 0.728125 0.6046875000000002 0.728125 0.6375000000000002 0.7484375 0.6375000000000002
3 0.753125 0.5765625000000002 0.73125 0.5765625000000002 0.73125 0.6062500000000002 0.753125 0.6062500000000002
3 0.7375 0.5578125 0.7171875 0.5578125 0.7171875 0.5843750000000001 0.7375 0.5843750000000002
3 0.746875 0.5203125000000001 0.721875 0.5203125 0.721875 0.5515625000000001 0.746875 0.5515625000000002
3 0.7671875 0.5203125000000002 0.7453125 0.5203125000000002 0.7453125 0.5500000000000002 0.7671875 0.5500000000000002
3 0.7625 0.49531250000000016 0.7390625 0.49531250000000016 0.7390625 0.5250000000000001 0.7625 0.5250000000000001
0 0.6695482961319961 0.4498146354823854 0.6556562272614472 0.43293979217341716 0.5966635748794511 0.4815049832535318 0.6105556437499999 0.4983798265625
0 0.617188395093744 0.6377829003776803 0.5950119249999999 0.544432009375 0.5661961632740018 0.5512774917403125 0.5883726333677458 0.6446283827429926
0 0.6634881274470594 0.5834801177724546 0.641432240625 0.5678429343750001 0.5900255688631321 0.6403508602245548 0.6120814556851913 0.6559880436220092
0 0.7298525433372796 0.5428219157394379 0.6902330921875001 0.47454505156250004 0.6722601426002205 0.48497432957306214 0.71187959375 0.5532511937500001
0 0.7484592880007426 0.6764126905543164 0.7039339765624998 0.5900910640624999 0.6753037156774941 0.604858757099237 0.7198290271157368 0.6911803835910535
0 0.7359906943108669 0.5990511014520048 0.6970133125 0.5246285781250001 0.6778380041266331 0.5346712813604955 0.7168153859374999 0.6090938046875001
2 0.3334189984910019 0.25023160348322815 0.14224070085949234 0.15243289251985775 0.07445944062500003 0.28493265468750006 0.2656377382565095 0.38273136565087046
0 0.1873053483587505 0.23091410307208507 0.17596559531250003 0.20867751874999999 0.12198637664124948 0.23620472349041485 0.1333261296875 0.25844130781249997
0 0.2131395077234044 0.286499103315295 0.1585206234375 0.259426678125 0.15008442204093503 0.276446797477172 0.2047033063268394 0.303519222667467
0 0.2523900427415457 0.2608371318791558 0.19206448895660572 0.2566187504059974 0.19079077968750002 0.27483360781250005 0.25111633347244 0.27905198928565844
0 0.20576529204075955 0.21264200817486884 0.15976587656250002 0.19013911406250003 0.1509305455950351 0.20819990473373023 0.1969299610732947 0.230702798846099
4 0.7734119288774262 0.6295875110039096 0.765055534375 0.5612896640625 0.7524248127712594 0.5628350611328018 0.7607812072736857 0.6311329080742114
4 0.16048264531249998 0.38159596718750005 0.1293965125 0.34861420625000006 0.11904438515011972 0.35837134463627707 0.1501305179626197 0.391353105573777
4 0.1975341267810277 0.3187910874954064 0.1529296342709978 0.3156720471109433 0.15140950468750006 0.33741097968749995 0.19601399719752993 0.3405300200719631
4 0.2043940116053165 0.34694132669176714 0.16696522812500003 0.338006178125 0.16422469464468356 0.34948610299573285 0.20165347812500004 0.3584212515625
4 0.18801314705122862 0.3873376820746385 0.167192359375 0.3479968734375 0.15528383611620253 0.35429935787791356 0.17610462379243116 0.393640166515052
4 0.17395877475500185 0.3826032158298588 0.1435726484375 0.34807001249999997 0.13416560415671216 0.3563473690214901 0.16455173047421404 0.390880572351349
4 0.16169467187500003 0.34680046875000003 0.12500265468750002 0.33803965 0.12143540760079322 0.3529799763727498 0.1581274247882932 0.3617407951227498
4 0.184492809375 0.34713740625 0.15039927176714202 0.33256180507746247 0.14362116551714205 0.3484163566399624 0.177714703125 0.3629919578125
4 0.26984104803586295 0.3480356012501115 0.22861806406250004 0.32194350625000007 0.22050326408916252 0.33476410456709615 0.2617262480625254 0.3608561995672076
4 0.7620731562499998 0.6139861343749999 0.7518766390624999 0.5503785531250001 0.7380868066721431 0.5525891113669237 0.7482833238596431 0.6161966926169237
2 0.36858333693281314 0.543551938966733 0.2889054454555605 0.33505984480184126 -0.010386405539752674 0.44943801208510825 0.06929148593749998 0.65793010625
2 0.3300437133490831 0.360718581938982 0.2963186231104066 0.2263056398209567 -0.009627173051176507 0.30306945006947467 0.024097917187499995 0.43748239218749996