1 0.7015625 0.03906250000000007 0.3421875 0.03906250000000004 0.34218750000000003 0.37500000000000006 0.7015625 0.3750000000000001
3 0.7984375 0.5484375000000001 0.7609375 0.5484375000000001 0.7609375 0.5765625000000002 0.7984375 0.5765625000000002
3 0.7750000000000001 0.81875 0.7406250000000002 0.81875 0.7406250000000002 0.84375 0.7750000000000001 0.84375
3 0.759375 0.6765625000000002 0.728125 0.6765625000000002 0.728125 0.6953125000000002 0.759375 0.6953125000000002
3 0.90625 0.6390625000000002 0.865625 0.6390625000000002 0.865625 0.6671875000000002 0.90625 0.6671875000000002
3 0.4921875 0.20468750000000008 0.4625 0.20468750000000008 0.4625 0.22656250000000008 0.4921875 0.22656250000000008
3 0.5265625 0.08281250000000007 0.49375 0.08281250000000007 0.49375 0.10468750000000004 0.5265625 0.10468750000000004
3 0.628125 0.1312500000000001 0.6015625 0.1312500000000001 0.6015625 0.1546875000000001 0.628125 0.1546875000000001
3 0.546875 0.2250000000000001 0.521875 0.2250000000000001 0.521875 0.2468750000000001 0.546875 0.2468750000000001
3 0.5203125 0.27031250000000007 0.4921875 0.27031250000000007 0.4921875 0.2890625000000001 0.5203125 0.2890625000000001
4 0.6096022281250001 0.7185691875000001 0.5728490525609738 0.6645540450752496 0.555173300045193 0.6765810435478314 0.5919264756092193 0.7305961859725819
4 0.5671099453125001 0.6045096265625002 0.5485264828125 0.5954738406250002 0.524480295118213 0.6449284680780689 0.5430637576182131 0.653964254015569
4 0.6833855437499999 0.7500997796875 0.6063372711904923 0.7167807808601679 0.5981434961620703 0.7357284153600154 0.675191768721578 0.7690474141873476
4 0.8837333593750001 0.6726004593750001 0.7971969984375 0.6698226109375001 0.7967121979922153 0.6849252586375931 0.8832485589297153 0.6877031070750931
4 0.8909172234375001 0.6317800171874999 0.8603859446456182 0.5565175438414133 0.8338556437500001 0.5672799328125 0.864386922541882 0.6425424061585867
4 0.6599354015588743 0.6460234762609284 0.5990407240907567 0.6354238045831635 0.5965565390625 0.6496953453125001 0.6574512165306176 0.660295016990265
4 0.6622763062500001 0.6428880140625001 0.6042832467512487 0.6219842068315427 0.5996115046875 0.6349449375 0.6576045641862514 0.6558487447309576
4 0.43271253437499996 0.198882225 0.428902909375 0.14726726249999997 0.4138757290793393 0.14837639673087064 0.41768535407933927 0.19999135923087066
4 0.45772220366228505 0.12171121302490265 0.44795317616760133 0.11725557943225166 0.4252394740678163 0.16705563046984903 0.4350085015625 0.17151126406250003
4 0.4682739041652841 0.11562075834899317 0.4533417312964261 0.11092713894573761 0.4368411390625001 0.16342174375000004 0.4517733119313581 0.16811536315325562
4 0.4976345796874999 0.1497332765625 0.47402955312499995 0.13965556093750003 0.45224425074717567 0.1906832601141807 0.4758492773096757 0.2007609757391807
4 0.6121246640625 0.16479602343750005 0.60360595625 0.11098264218750002 0.5802466180669372 0.11468044693517858 0.5887653258794373 0.1684938281851786
4 0.5006478310035012 0.21749006190493475 0.48682351062738405 0.2103982031972127 0.4605152640624999 0.2616814625 0.47433958443861696 0.268773321207722
0 0.48240976093750004 0.7788042749999999 0.47012149531249997 0.7060962468749999 0.4402640392702903 0.7111424069785675 0.45255230489529036 0.7838504351035673
0 0.5337195135816266 0.7274704205551094 0.46174877294624583 0.6814006427310809 0.4484047921874999 0.7022467640624999 0.5203755328228807 0.7483165418865283
0 0.5810192640625 0.8357180890625001 0.5149379191420559 0.7719458796876564 0.49183272321268295 0.7958876944159011 0.5579140681331272 0.8596599037907448
0 0.56446944375 0.970012034375 0.5418409623826722 0.8866469870344449 0.5118368795701722 0.894791249534445 0.5344653609375001 0.9781562968750002
0 0.5038127169995901 0.829547293920975 0.5024952378738932 0.7551824123517284 0.47453766562499994 0.7556777203124999 0.4758551447506968 0.8300426018817465
0 0.63168171403898 0.942425842970852 0.5428259347941917 0.9050740175067702 0.5313115484375001 0.9324654437500002 0.6201673276822882 0.9698172692140818
0 0.6235465109375 0.8762180359374998 0.5970801046511169 0.7923254536207642 0.5657116734011168 0.8022215567457642 0.5921780796875 0.8861141390624999
0 0.645942690625 0.8646537093750002 0.5956848743628255 0.7856443798916826 0.5659998530318651 0.8045270151139592 0.6162576692940396 0.8835363445972767
0 0.80884394375 0.8724422437500001 0.7104007898373171 0.8081794194258756 0.6938988378838846 0.8334584857149308 0.7923419917965674 0.8977213100390553
0 0.8761196859375 0.628155315625 0.8222491671948859 0.5387730409647601 0.785134853125 0.5611417640624999 0.8390053718676143 0.6505240387227401
0 0.48211563125 0.30973960468750006 0.40843394895358065 0.28583359931225694 0.4011146174792407 0.30839281185526896 0.4747962997756601 0.3322988172305121
0 0.476861021875 0.3025748531250001 0.45476967404453805 0.2368520992881762 0.4307769783798382 0.24491674896240104 0.45286832621030026 0.3106395027992249
0 0.4054007484375 0.2291883703125 0.37920826451495376 0.22035836790915378 0.35762637968750005 0.28437682968750005 0.38381886361004625 0.29320683209084625
0 0.4229724757558741 0.1709572645474769 0.39762367817898747 0.17032842841731552 0.39594653054811335 0.2379353513698387 0.421295328125 0.2385641875000001