1 0.6843750000000001 0.6359375 0.20312500000000008 0.6359375 0.20312500000000008 0.9984375 0.6843750000000002 0.9984375
2 0.6123895890625001 0.3315730046875001 0.35135079708744515 0.006883208000183716 0.1483718484375 0.17007090312500003 0.4094106404125549 0.4947606998123164
2 0.6744774672090812 0.3115878820172185 0.5831374017700381 -0.03337226218278429 0.37114845937499996 0.022759103125000003 0.462488524814043 0.3677192473250027
2 0.7775512602650139 0.0189707145566801 0.60381839375 0.003248425000000077 0.5776002334849862 0.2929617088808201 0.7513331000000001 0.30868399843750016
3 0.37968750000000007 0.88125 0.3437500000000001 0.88125 0.3437500000000001 0.9125 0.37968750000000007 0.9125
3 0.4359375000000002 0.896875 0.3937500000000001 0.896875 0.3937500000000001 0.93125 0.4359375000000002 0.93125
3 0.5234375000000001 0.7078125 0.4984375 0.7078125 0.4984375000000001 0.7359375 0.5234375000000002 0.7359375
3 0.5796875000000001 0.7046875 0.5484375 0.7046875 0.5484375000000001 0.7328125 0.5796875000000001 0.7328125
3 0.421875 0.03593750000000005 0.3875 0.035937500000000046 0.3875 0.06093750000000005 0.421875 0.06093750000000005
3 0.484375 0.025000000000000057 0.4484375 0.025000000000000057 0.4484375 0.05156250000000005 0.484375 0.05156250000000007
0 0.5828139593749999 0.09956880312500001 0.56149775327947 0.012241367806200465 0.5315284781249999 0.019556723437500013 0.5528446842205297 0.10688415875629956
0 0.7311360875 0.2792463234375001 0.6649525339166434 0.2202376212923512 0.6495434669847269 0.23752027232320203 0.7157270205680835 0.2965289744683509
0 0.5002385625000001 0.7968026953124999 0.4060182754941527 0.7580699329282936 0.39511244695408526 0.784599161205095 0.4893327339599326 0.8233319235893013
0 0.5606542953125 0.883125525 0.5472076074078979 0.8527925834581636 0.4612873484374999 0.8908813031249998 0.4747340363421021 0.9212142446668363
0 0.5030515875000002 0.9301039921875003 0.4183083842311227 0.8802792168823306 0.40580799830722664 0.9015401807060496 0.4905512015761041 0.9513649560112192
4 0.6474162000000001 0.7542622546875002 0.6336465363935605 0.7392010306131558 0.5850882494103298 0.7835952494205767 0.5988579130167694 0.7986564734949211
4 0.580396125 0.7297774859375 0.5078693144867443 0.7270299417803385 0.5073592503581329 0.7404940836791989 0.5798860608713887 0.7432416278363604
4 0.5509922517349809 0.8960516355990821 0.5451416246306188 0.8801366977304632 0.4795936046875 0.9042333687499999 0.4854442317918621 0.9201483066186189
4 0.47620214687499995 0.965188025 0.4760702101280284 0.9216490573004839 0.45336526169052843 0.9217178604254839 0.45349719843749997 0.965256828125
4 0.4089782505049519 0.11634352070832725 0.38245308125 0.11265861406250006 0.3735249882883024 0.17692596183945092 0.40005015754325424 0.18061086848527816
4 0.45221125156249997 0.21326347968750006 0.4165060425038921 0.15691868949324017 0.39950047593744686 0.1676949708019752 0.4352056849960547 0.2240397609962351
4 0.44845775000000004 0.1785663515625001 0.40482318970910847 0.12902496739060693 0.3916308978840511 0.1406443410241375 0.43526545817494267 0.19018572519603066
4 0.46638515468749997 0.0769814421875 0.45581152161951694 0.06426837777834712 0.42449065991702695 0.09031837550955817 0.43506429298501 0.10303143991871104
4 0.5684986000000001 0.0900089281250001 0.5505170406250001 0.07986852187500007 0.5238135578265111 0.12722069393026866 0.541795117201511 0.1373611001802687
4 0.5931718015625 0.151834384375 0.58020294916083 0.09160735580386041 0.560362978125 0.09587955156249998 0.57333183052667 0.15610658013363957
4 0.6036295515625001 0.15830427187499993 0.5504199970300169 0.11551124868592826 0.5431885738186535 0.12450292020239088 0.5963981283511367 0.16729594339146256
4 0.5971419234375002 0.16728063749999997 0.5460894091352162 0.125101976930355 0.5357205427302816 0.13765232094998847 0.5867730570325655 0.17983098151963345
4 0.6306878404642104 0.28010664313890127 0.6294758961841312 0.26451674715813434 0.5709248359375 0.26906845312500005 0.5721367802175791 0.284658349105767