1 1 0.1421875000000001 0.6671875 0.14218750000000008 0.6671875 0.4328125000000001 1 0.43281250000000016
2 0.5975682172144009 0.5158687621271039 0.36644719005194965 0.3946626274276826 0.14812184315004906 0.8109747106130788 0.37924287031250026 0.9321808453125001
2 0.47660295705557365 0.512101234720234 0.3242746519139283 0.3340940724262964 -0.01212730201664538 0.6219675423935624 0.14020100312499992 0.7999747046875002
2 0.32853850886200137 0.3433792274321762 0.24301992861513938 0.2172994664145958 -0.07930745212186201 0.4359307499199197 0.006211128124999998 0.5620105109375001
0 0.9166250250128348 0.2556257690207889 0.8483627234374997 0.21384556718750014 0.8310816281121648 0.24208016847921146 0.8993439296874998 0.28386037031250017
0 0.8441247349260657 0.35879392927201936 0.7764115249999998 0.2976207468750001 0.7585187625119358 0.31742642536084836 0.8262319724380017 0.3785996077578676
0 0.8168137246754756 0.2269309638424904 0.7441066539197727 0.20807066365507634 0.73772753125 0.23266238906250009 0.8104346020057029 0.25152268924991417
0 0.9150213424679071 0.336736175418969 0.8340698062499998 0.31387888437500006 0.8259845392047698 0.3425137207072824 0.9069360754226772 0.36537101175125136
0 0.9549732657294101 0.32799423014881957 0.8755927234375 0.2854023546875002 0.8625516166471134 0.3097076973824408 0.9419321589390235 0.3522995728437602
0 0.33398800000000006 0.6308878046874999 0.30845590977419607 0.6245996345862425 0.27663410678404643 0.7538068812111038 0.3021661970098505 0.7600950513123613
0 0.3027548968750001 0.6299477484375 0.280998476803174 0.6281987979158931 0.270997531490674 0.7526075588533931 0.2927539515625001 0.7543565093750001
0 0.4283976375000001 0.6834402953125001 0.40251020781250013 0.6693116531250001 0.3403984811417772 0.7831168536261582 0.3662859108292772 0.7972454958136582
0 0.4069456968750001 0.7673076406250001 0.3857168872562375 0.7642298931460088 0.3650008841312375 0.9071188368960085 0.3862296937500001 0.910196584375
0 0.3632710223377247 0.6995109155002595 0.33603193437500006 0.6990347156250001 0.3335953866857201 0.8384075720280244 0.3608344746484447 0.8388837719032839
0 0.3446479596986175 0.7494776680141008 0.3236909327797946 0.7197717201898225 0.22235792620617714 0.7912603849882218 0.24331495312500007 0.8209663328125
0 0.28632836289835234 0.6440568077686217 0.26029717018930476 0.6308912360338542 0.20625323437500015 0.7377478265625002 0.23228442708404776 0.7509133982972676
0 0.1346513406651114 0.5551971128408089 0.1140561274457692 0.5325414464622049 0.028324075843157815 0.6104764695588961 0.0489192890625 0.6331321359375001
4 0.2886066661751053 0.46216867412461193 0.2719827714360926 0.458250377132849 0.25441716619848737 0.532774787383237 0.2710410609375001 0.536693084375
4 0.2743829781250001 0.4634889515625001 0.25798208806844153 0.4612852670467741 0.2479352193184415 0.5360589420467741 0.2643361093750001 0.5382626265625
4 0.24517397950641148 0.48962960244810294 0.228280490625 0.48450806875 0.20753180643108857 0.5529480491143971 0.22442529531250005 0.5580695828125
4 0.22671339343900687 0.48840239229765914 0.20793248437500003 0.48267334843750004 0.18324756093750008 0.5635952812500001 0.20202847000150687 0.5693243251101592
4 0.20669348903083667 0.497550974547884 0.19130485543959722 0.4810729153586695 0.13108226797126057 0.5373139642482855 0.14647090156250003 0.5537920234375
4 0.4126061431679068 0.6316186484827022 0.39565751406250005 0.6237107796875001 0.35598584120709337 0.708737540579798 0.37293447031250004 0.7166454093750001
4 0.4062503750000001 0.6688314375 0.3914694676575374 0.6623442291566194 0.3509227020325373 0.7547288041566194 0.365703609375 0.7612160125
4 0.4062548385965307 0.7283393948878724 0.38879364985929105 0.7222490828385391 0.35495974720026036 0.8192523488881667 0.3724209359375001 0.8253426609375
4 0.39020295386629844 0.6149114672596394 0.34089670312500003 0.5697442500000001 0.320578087701166 0.5919248227159285 0.36988433844246443 0.637092039975568
4 0.273003849640728 0.6859712681674032 0.2500676369827121 0.6779844581138369 0.21706302796698415 0.7727658196339338 0.23999924062500005 0.7807526296875
4 0.3716470890625 0.42152371718750004 0.3245954578125 0.4017694484375001 0.31697226402498047 0.4199267240915362 0.36402389527498047 0.43968099284153617
4 0.8099569533090053 0.2390291857954497 0.7504987979678049 0.23408664154617925 0.7486850406250001 0.25590590312500006 0.8081431959662005 0.26084844737427054
4 0.9440814934885875 0.40368534586768484 0.892838109375 0.35223567031250014 0.8778050427451906 0.36720846070240654 0.9290484268587781 0.4186581362575913
4 0.7728206371408206 0.21040554160236025 0.7682850312499999 0.19587532812499994 0.7131764097341794 0.21307748339763974 0.717712015625 0.22760769687500004
3 0.13281250000000008 0.678125 0.09531250000000009 0.678125 0.09531250000000009 0.7234375 0.13281250000000008 0.7234375
3 0.2656250000000001 0.528125 0.23593750000000008 0.528125 0.23593750000000008 0.5671875 0.2656250000000001 0.5671875
3 0.975 0.3609375000000001 0.9265625 0.3609375000000001 0.9265625 0.4000000000000002 0.975 0.4000000000000002
3 0.9390625 0.2984375000000001 0.9125 0.2984375000000001 0.9125 0.3296875000000001 0.9390625 0.3296875000000001
3 0.95625 0.2687500000000001 0.9265625 0.2687500000000001 0.9265625 0.2984375000000001 0.95625 0.2984375000000001
3 0.828125 0.30937500000000007 0.7984375 0.30937500000000007 0.7984375 0.3343750000000001 0.828125 0.3343750000000001