1 0.93125 0.037500000000000096 0.6140625 0.037500000000000075 0.6140625 0.3921875000000001 0.93125 0.3921875000000001
2 0.5749402461547121 0.6257460995726736 0.48671881009909007 0.3801656175466073 0.04559756863187803 0.5386324023489337 0.13381900468750002 0.784212884375
2 0.6234357939732743 0.6929623424503653 0.47187166173211353 0.5133206006021025 0.13688378906249996 0.7959506046875001 0.28844792130366076 0.9755923465357629
2 0.7274651386874971 0.8044872122982609 0.6193923554254641 0.6969736927481928 0.3449094375000002 0.972884415625 0.4529822207620331 1.080397935175068
0 0.8473677109375 0.21263852031249994 0.8193801894733852 0.13765835117781347 0.78836695 0.149234528125 0.8163544714641148 0.22421469725968649
0 0.75140278125 0.2672827140625 0.7042738114886659 0.18914119401569657 0.681417919936212 0.20292611426294477 0.7285468896975462 0.2810676343097482
0 0.833143518111336 0.3160810164392133 0.8285028985707136 0.24111106471726512 0.8031457976468775 0.2426806623405518 0.8077864171875 0.3176506140625
0 0.7464450703125001 0.20758157968749996 0.7345943268083294 0.12301416053171858 0.7053407161507957 0.12711357659447786 0.7171914596549664 0.21168099575025928
0 0.7823213531249998 0.17225513281250002 0.7556585305705391 0.08620612246465438 0.72931138422758 0.09436995008938795 0.7559742067820407 0.1804189604372336
0 0.33984038906250014 0.6379873218750001 0.20887490973632333 0.6315001633542368 0.20756617370455155 0.6579214757306545 0.3385316530307284 0.6644086342514177
0 0.3348036187500001 0.6688259546875 0.21077232656250003 0.6549048453124999 0.20833782342440327 0.6765952553163839 0.33236911561190335 0.6905163646913839
0 0.31519715000000004 0.5633924437500001 0.3062676453125 0.5352847671875001 0.18270189016765792 0.5745402704777445 0.19163139485515793 0.6026479470402445
0 0.21984795625000003 0.5403399312499999 0.07563148437500007 0.5334108281249998 0.0746020372550686 0.554836866811413 0.21881850913006856 0.561765969936413
0 0.2777999905235535 0.5960414244900074 0.14033841751079978 0.57325850081601 0.1358739582372464 0.6001949732010028 0.2733355312500001 0.6229778968750002
0 0.24782850700650566 0.6275978496104552 0.2210799469416614 0.6019489642464485 0.13595290625000006 0.6907257562500001 0.16270146631484433 0.7163746416140067
0 0.32133674999999995 0.6946648515625 0.3098447755671599 0.6683215979052066 0.19907877087965992 0.7166421322802066 0.2105707453125 0.7429853859375
0 0.3818276609375 0.8557736578125003 0.3584078132125957 0.8345292453678296 0.28324361875000004 0.9173902796875002 0.30666346647490433 0.9386346921321707
4 0.49727861406250007 0.7268282078125001 0.49510097679836373 0.7087432716035832 0.4202936453125001 0.7177509468750001 0.4224712825766363 0.7358358830839169
4 0.4927904796875001 0.7284384390625002 0.41747357500000015 0.7240332281250002 0.4165073341558917 0.7405532700919772 0.49182423884339166 0.7449584810294773
4 0.46336077500000006 0.7696832562499999 0.4624945813838132 0.7525964693342739 0.3902543450799523 0.7562585991323953 0.39112053869613916 0.7733453860481213
4 0.461279203125 0.7900074937500002 0.4592389846329902 0.7704784899321162 0.37509371119549023 0.7792692477446163 0.3771339296875 0.7987982515625002
4 0.45305736406249986 0.7975090703125002 0.4369284083956851 0.7809766787738006 0.3797397546875002 0.8367697718750001 0.3958687103543151 0.8533021634136997
4 0.35865265156250004 0.5788202906250001 0.35525782707349635 0.5610187260334072 0.26220692425901937 0.5787638788245094 0.2656017487480231 0.5965654434161023
4 0.3193280446257324 0.575886450770902 0.31638220000000006 0.5598126234375 0.2172249524099037 0.577985136981222 0.22017079703563605 0.5940589643146239
4 0.25873333125000003 0.5537431625000001 0.25327074635624125 0.5349571802337207 0.15629156718749998 0.5631567703125 0.1617541520812588 0.5819427525787794
4 0.401178809375 0.6428722906250001 0.3759564899412654 0.584882121548824 0.3479528 0.5970620828125002 0.3731751194337346 0.6550522518886762
4 0.275856603125 0.6993054703125001 0.2690956434444002 0.6752023021619219 0.174795103125 0.7016536859375002 0.1815560628055998 0.7257568540880784
4 0.5629570156249999 0.690925140625 0.5525435624999999 0.6409686875 0.5332653125348912 0.6449872504640555 0.5436787656598912 0.6949437035890554
4 0.8153186180939629 0.24553340799504939 0.7935541570808974 0.2431505307821928 0.78706074375 0.30245935312500005 0.8088252047630655 0.3048422303378567
4 0.7200065265624997 0.14257419531250007 0.6766311760624066 0.08343528527247748 0.6595783987646413 0.0959426208285441 0.7029537492647346 0.15508153086856669
4 0.8497282421874999 0.29467384374999994 0.8374961174965462 0.28620812338763163 0.8038854427800135 0.33477220848395295 0.8161175674709673 0.34323792884632126
3 0.25468750000000007 0.8203125 0.2062500000000001 0.8203125 0.2062500000000001 0.8625 0.25468750000000007 0.8625
3 0.42656250000000007 0.7203125 0.3859375000000001 0.7203125 0.3859375000000001 0.753125 0.4265625000000002 0.753125
3 0.725 0.05625000000000009 0.6828125 0.05625000000000009 0.6828125 0.10781250000000009 0.725 0.10781250000000009
3 0.78125 0.10468750000000009 0.7484375 0.10468750000000009 0.7484375 0.13281250000000008 0.78125 0.13281250000000008
3 0.8125 0.09375000000000008 0.78125 0.09375000000000008 0.78125 0.12500000000000008 0.8125 0.12500000000000008
3 0.7484375 0.21093750000000008 0.721875 0.21093750000000008 0.721875 0.24218750000000008 0.7484375 0.24218750000000008