1 0.890625 8.055879725641184e-17 0.425 5.204748896376251e-17 0.425 0.3937500000000001 0.890625 0.3937500000000001
2 0.4681363547720025 0.6915925752978567 0.4122592930911373 0.5091377644414544 0.13871684375 0.5929105531250001 0.19459390543086524 0.7753653639814024
2 0.4847976941255599 0.6673383576574893 0.38768869535720946 0.5811090457417136 0.2289705203125 0.759852940625 0.3260795190808504 0.8460822525407756
2 0.5372058938598567 0.7104349916547174 0.4497964339137134 0.6552826685506149 0.3384587218750001 0.8317388671875001 0.4258681818211434 0.8868911902916023
3 0.65625 0.15625000000000008 0.61875 0.15625000000000008 0.61875 0.1984375000000001 0.65625 0.1984375000000001
3 0.6984375 0.1671875000000001 0.6671875 0.1671875000000001 0.6671875 0.2078125000000001 0.6984375 0.2078125000000001
3 0.73125 0.17187500000000008 0.6984375 0.17187500000000008 0.6984375 0.2078125000000001 0.73125 0.2078125000000001
3 0.721875 0.15000000000000008 0.69375 0.15000000000000008 0.69375 0.18125000000000008 0.721875 0.18125000000000008
3 0.678125 0.1437500000000001 0.6484375 0.1437500000000001 0.6484375 0.1765625000000001 0.678125 0.1765625000000001
3 0.603125 0.20468750000000008 0.5734375 0.20468750000000008 0.5734375 0.2390625000000001 0.603125 0.2390625000000001
3 0.6734375 0.11562500000000009 0.640625 0.11562500000000009 0.640625 0.1546875000000001 0.6734375 0.1546875000000001
3 0.5859375 0.07500000000000007 0.55 0.07500000000000007 0.55 0.12031250000000009 0.5859375 0.12031250000000009
3 0.5609375 0.07031250000000007 0.5234375 0.07031250000000007 0.5234375 0.11250000000000007 0.5609375 0.11250000000000009
4 0.3979002105284589 0.7245086099939837 0.3891861185650286 0.7171752371032522 0.3618889595990697 0.7496118739842687 0.37060305156250006 0.7569452468750001
4 0.4335814678674114 0.6668737682784691 0.42624379869022605 0.6639679943196776 0.4089485183228147 0.7076420885412085 0.41628618750000007 0.7105478625
4 0.36285445894525614 0.7327471436937408 0.3543397343750001 0.7276572859375001 0.33781405511724405 0.7553027750562593 0.3463287796875001 0.7603926328125
4 0.34546417968750004 0.7137845968750001 0.3346717950615402 0.7133703477878993 0.33325235781250007 0.7503507859375 0.3440447424384599 0.7507650350246008
4 0.35487909062500006 0.7042707453125 0.3463459557523225 0.7035258983600303 0.3427965875000001 0.7441882625 0.3513297223726776 0.7449331094524696
4 0.36605711022721465 0.7330201956138157 0.362132315625 0.6957366703125001 0.3517497678977853 0.6968296293861843 0.35567456249999996 0.7341131546874999
4 0.3913305013763606 0.7074097130650515 0.38072649062499997 0.7006231218749999 0.362869673424877 0.7285242988094172 0.37347368417623766 0.7353108899994687
4 0.3768357453125001 0.7179625187500001 0.3696541423689234 0.7133954972443728 0.35253341893142337 0.7403176909943728 0.35971502187500004 0.7448847125
4 0.7004850736532804 0.14030202070563386 0.6662872559787607 0.07292149171486613 0.6481340307629804 0.08213484600923229 0.6823318484375 0.149515375
4 0.6923166610973961 0.16293613770981077 0.66279515 0.09270880625000003 0.647394735777604 0.09918268885268926 0.6769162468750001 0.16941002031250002
0 0.49696937343750003 0.7048396140625 0.49486643442433087 0.690344877926943 0.45126458754933074 0.696670762301943 0.4533675265625 0.7111654984374999
0 0.4579006953125 0.7414867562499998 0.45636151406250003 0.7256213765624999 0.41588942785645255 0.729547779678198 0.4174286091064525 0.7454131593656979
0 0.4942640375 0.71030584375 0.48125885312500005 0.7035205375000001 0.46275628653727113 0.7389838284729211 0.4757614709122711 0.7457691347229211
0 0.4754083187500001 0.7412442734375002 0.46493823639083465 0.7369932232256242 0.4464468082658346 0.7825365044756242 0.45691689062500007 0.7867875546875002
0 0.4556140421875 0.7427753640625001 0.4483787160990878 0.733767794703429 0.4067989973490878 0.767166685328429 0.4140343234375 0.7761742546875001
0 0.46896284687499995 0.7504622281249999 0.4611237984375 0.7360810296874999 0.41843414741921103 0.7593507344736965 0.426273195856711 0.7737319329111965
0 0.4337303781250001 0.8054134124999999 0.38838041063526507 0.8023189681113575 0.38716073563526504 0.8201936540488577 0.43251070312500006 0.8232880984375001
0 0.4532585909694678 0.7894947221716931 0.4431596494694817 0.7847699668063643 0.4249094803750141 0.8237788415096716 0.4350084218750001 0.8285035968750002
0 0.443446325863178 0.7907875363840436 0.41900930141102233 0.7824086220468793 0.4130764786728445 0.7997116434753357 0.4375135031250002 0.8080905578125002
0 0.4345007982640399 0.8049997913687786 0.4192001739008987 0.7940030888126034 0.41064934282435883 0.8059005693188247 0.4259499671875001 0.816897271875
0 0.46140701618575813 0.7565991557463688 0.4528058576969093 0.7462418668233836 0.4115246524486511 0.7805236360770149 0.42012581093750007 0.7908809250000002
0 0.4562562650759988 0.7668471087741011 0.4458943838823478 0.7556852038378856 0.404930814118849 0.7937127310012847 0.4152926953125001 0.8048746359375001
0 0.6260426892599739 0.20829777314399722 0.5542637625 0.15688972812500002 0.535736271677526 0.18275889716850288 0.6075151984375 0.23416694218750006