1 1 0.46562500000000007 0.484375 0.465625 0.4843750000000001 0.94375 1 0.94375
3 0.8140625 0.6812500000000001 0.7640625 0.6812500000000001 0.7640625 0.7203125000000001 0.8140625 0.7203125000000001
3 0.83125 0.7078125000000002 0.7890625 0.7078125000000002 0.7890625000000001 0.7421875000000002 0.83125 0.7421875000000002
3 0.8125 0.7906250000000001 0.7734375000000002 0.7906250000000001 0.7734375000000002 0.825 0.8125 0.825
3 0.7296875000000002 0.8140625 0.6984375000000002 0.8140625 0.6984375000000002 0.846875 0.7296875000000002 0.846875
3 0.7859375 0.6046875000000002 0.74375 0.6046875000000002 0.74375 0.6390625000000002 0.7859375 0.6390625000000002
3 0.559375 0.06093750000000007 0.5265625 0.06093750000000007 0.5265625 0.08906250000000007 0.559375 0.08906250000000007
3 0.5890625 0.034375000000000065 0.546875 0.034375000000000065 0.546875 0.07812500000000007 0.5890625 0.07812500000000007
3 0.378125 0.12500000000000006 0.3453125 0.12500000000000006 0.3453125 0.15312500000000004 0.378125 0.15312500000000004
2 0.66154571875 0.034982270312500084 0.4226628450538218 0.018381044944671465 0.3993315979647944 0.3541053802303783 0.6382144716609727 0.3707066055982069
2 0.5108667300415093 0.31272485787292614 0.428028334375 0.033911654687499994 0.26741991370849066 0.08163014056457381 0.350258309375 0.36044334375
2 0.35957073935899714 0.3684455293100009 0.2833116625 0.10507588593750002 0.1649277053030877 0.1393541390237256 0.24118678216208483 0.4027237823962265
4 0.7581145609375001 0.7956215109375001 0.7199357031250001 0.7929527015625001 0.7159664396460875 0.8497353055960885 0.7541452974585875 0.8524041149710884
4 0.7633676359375001 0.6428713500000002 0.704106037306129 0.5997608814835695 0.6915412703125 0.6170329781250002 0.750802868943871 0.6601434466414308
4 0.5873237667218598 0.6402671638766849 0.5690715330629805 0.6272208262134321 0.5403992812500001 0.6673342015625001 0.5586515149088794 0.6803805392257529
4 0.623620965625 0.5784044640625001 0.6094702447133786 0.569923056104247 0.5789186437177121 0.6208965714947198 0.5930693646293335 0.629377979452973
4 0.787823809375 0.6467287609375002 0.7289962781250001 0.6014270234375002 0.7192761897052645 0.6140492502398331 0.7781037209552645 0.6593509877398331
4 0.490930857612452 0.20317694557728685 0.48782309999999995 0.14614221562500002 0.4618864689500479 0.1475554731727131 0.46499422656249995 0.20459020312499998
4 0.48427722656249994 0.10250929375000002 0.4671818958656385 0.09582498839809381 0.44708824899063854 0.1472151508980938 0.4641835796874999 0.15389945625
4 0.546598838216841 0.13324257858413538 0.5376688500000001 0.0674460828125 0.5191546883456594 0.06995884954086459 0.5280846765625002 0.13575534531249994
4 0.37028325812048984 0.25460362575278966 0.36010188125 0.20670401875 0.33928770520646256 0.21112820892207457 0.3494690820769524 0.2590278159248642
4 0.38114933035666626 0.30091288397179994 0.3663740203125 0.255397153125 0.350925823064542 0.2604119447083821 0.3657011331087083 0.30592767555518197
0 0.47979596250000006 0.14263507187500007 0.4437190708471169 0.1411134721754301 0.4405285640625001 0.21675989062500003 0.47660545571538326 0.21828149032456995
0 0.5837266940037006 0.1514469864638462 0.5683979765624999 0.07933103281250002 0.5366741664395361 0.08607413606374767 0.5520028838807369 0.15819008971509382
0 0.37607108906250003 0.21139262968750003 0.3493085328125 0.15219674375 0.330846678266597 0.16054337819830797 0.35760923451659704 0.21973926413580797
0 0.35336599734333285 0.1764927949958798 0.33976172343750005 0.11248971250000002 0.3113383618370021 0.11853128395966524 0.3249426357428349 0.18253436645554505
0 0.27635845937500003 0.17672162343750006 0.2574148184192481 0.17100872275965567 0.23991684062500002 0.22903098281250003 0.2588604815807519 0.23474388349034436
0 0.32333085312500004 0.30604036562500003 0.28031080506461253 0.2793290687872702 0.2666349988146125 0.30135472503727023 0.309655046875 0.32806602187500006
0 0.26077840741847935 0.2516980811182788 0.23100432968750004 0.2067137140625 0.21746376653841343 0.2156758892826657 0.24723784426939271 0.2606602563384445
0 0.32932613593750004 0.3481272671875001 0.30304148077698845 0.3084926901114089 0.28968714796448847 0.31734894792390894 0.31597180312500006 0.35698352500000013
0 0.34258996799631136 0.31380660913183417 0.32855956716557577 0.31104781181714164 0.319600553125 0.35661062187500003 0.3336309539557356 0.35936941918969256
0 0.6239132359374999 0.6019689312500001 0.6010794705379419 0.5899906597354703 0.5667180578125001 0.655492634375 0.5895518232120581 0.6674709058895297
0 0.7932659609375002 0.6663064296875001 0.6999461851129225 0.6120907711642349 0.685131178125 0.6375913953125002 0.7784509539495776 0.6918070538357654