1 0.3921875 0.24843750000000003 3.042481891631706e-17 0.2484375 6.266747292511846e-17 0.775 0.3921875000000001 0.775
2 0.9676298424939953 0.7158311511545836 0.6824294828124999 0.41214468593750003 0.4925807090685047 0.5904369207204166 0.77778106875 0.8941233859375002
2 1.0863728034207232 0.5601450016833398 0.7939489002404334 0.2724450184554382 0.6622398499447101 0.4063166792720986 0.954663753125 0.6940166625
2 1.00849701228876 0.2917760445946662 0.724432934375 0.2777388968750001 0.71593592208624 0.4496894960303341 1 0.46372664375000017
3 0.1062500000000001 0.5625 0.07031250000000007 0.5625 0.07031250000000007 0.603125 0.1062500000000001 0.603125
3 0.09843750000000007 0.5046875 0.057812500000000065 0.5046875 0.057812500000000065 0.5515625 0.09843750000000007 0.5515625
3 0.2984375000000001 0.4453125 0.2671875000000001 0.4453125 0.2671875000000001 0.4734375 0.2984375000000001 0.4734375
3 0.30937500000000007 0.3890625 0.2765625000000001 0.3890625 0.2765625000000001 0.4234375 0.30937500000000007 0.4234375
3 0.9484375 0.6390625000000002 0.91875 0.6390625000000002 0.91875 0.6765625000000002 0.9484375 0.6765625000000002
3 0.96875 0.5796875000000001 0.9375 0.5796875000000001 0.9375 0.6187500000000001 0.96875 0.6187500000000001
0 0.9915706318651442 0.5069836206045805 0.9080597031250001 0.47372123125000004 0.8966446228223559 0.5023807465829196 0.9801555515624999 0.5356431359375001
0 0.7999967056298813 0.37558817119477145 0.7507732437500001 0.3018362875 0.7315142584777355 0.31469011414011494 0.7807377203576168 0.38844199783488637
0 0.2313618575398561 0.5571507078839464 0.20611897031249998 0.4584568078125 0.17833012427565936 0.46556434643625 0.20357301150301552 0.5642582465076964
0 0.14263316708668092 0.39179120550092017 0.11237963370090272 0.3802675206832965 0.07728143380172184 0.4724120542448764 0.10753496718750004 0.4839357390625
0 0.11205235808756879 0.5279719604668719 0.07450644843750001 0.43711920468750004 0.051712677945039975 0.4465389833188998 0.08925858759510877 0.5373917390982716
4 0.27851770193345055 0.33767741779034466 0.268728578125 0.31863197812499994 0.21299762775404946 0.3472770072096553 0.2227867515625 0.36632244687500004
4 0.2836476703125001 0.3884074390625 0.2702435733128764 0.38703869288704346 0.26287059734472745 0.4592420617987384 0.2762746943443511 0.46061080797419496
4 0.11991902968750005 0.39707397343750006 0.10466123740671177 0.3918131312420752 0.08160278896921173 0.45868854842957524 0.09686058125000004 0.4639493906250001
4 0.07917428697396448 0.46644618396346366 0.03602713125000005 0.45882459375 0.03207965898190642 0.48117192493642225 0.07522681470587084 0.48879351514988595
4 0.8672549818739166 0.6435305934210455 0.8023705286811534 0.643427513438471 0.802327984307237 0.6702073825174256 0.8672124375000001 0.6703104625
4 0.8281223542960889 0.6304290902926187 0.7772951124999999 0.5872296828125001 0.7642569877672681 0.6025699839187854 0.8150842295633571 0.645769391398904
4 0.8541186771686246 0.6458803017917358 0.8111321828125 0.5957755625 0.7977898767929597 0.607222363152274 0.8407763711490844 0.6573271024440097
4 0.9232624283967537 0.6066844001637903 0.9142234874999999 0.5921605125000001 0.8807395742886286 0.6129992245250305 0.8897785151853823 0.6275231121888207
4 0.9230734000000002 0.5084455890624999 0.9155342296875002 0.48922775312499994 0.8649264792602747 0.5090812085735837 0.8724656495727745 0.5282990445110837
4 0.915580287418549 0.47741485029884584 0.8577443000000002 0.4561902281250001 0.8507524907064511 0.47524254345115435 0.9085884781249998 0.4964671656250001
4 0.8877640398853682 0.5035811795584728 0.8527928140625001 0.44493381875000004 0.8428822301530342 0.4508434669107464 0.8778534559759026 0.5094908277192189
4 0.8776639473230645 0.5065348499161386 0.8430009031250002 0.45010904062500023 0.8291296309350973 0.4586303277282318 0.8637926751331616 0.5150561370193703
4 0.7467755761620676 0.40341224095171035 0.7313437260152791 0.40124343344500757 0.7231231154782116 0.45973605186829725 0.7385549656250001 0.46190485937500003