1 0.35000000000000003 0.3625 0.023437500000000045 0.3625 0.023437500000000066 0.725 0.3500000000000001 0.725
3 0.853125 0.2875000000000001 0.8234375 0.2875000000000001 0.8234375 0.3265625000000001 0.853125 0.3265625000000001
4 0.7879374566542764 0.3973102092115624 0.7692400765625 0.37718285781250016 0.7202729745957236 0.42267103453843796 0.7389703546875 0.44279838593750015
0 0.9133125888381807 0.31552296491195875 0.89498348125 0.28957082187500005 0.8134738767868195 0.34713825696304135 0.8318029843750001 0.3730904000000001
2 0.9871902629041591 0.5291907232139015 0.9402113125 0.3298605359374999 0.6180542126029587 0.40578783337902796 0.6650331630071177 0.6051180206554295
2 0.963083717480281 0.32437894795989725 0.8285930125000001 0.12239966250000016 0.501031384724395 0.3405111096403378 0.6355220897046759 0.5424903951002349
0 0.7054927836765041 0.2373001858414975 0.672612925723146 0.2253246520282181 0.6341127686091419 0.3310301443117207 0.6669926265624999 0.34300567812500005
0 0.6625535575697746 0.12882420816953508 0.6364485828124999 0.1066044796875 0.5645968830552255 0.19101985901796487 0.5907018578125001 0.21323958749999994
0 0.6416490057570872 0.08808033623635855 0.6199533155180095 0.07760362505273814 0.5687931691359223 0.18354857944137964 0.590488859375 0.19402529062500004
0 0.7313093890625001 0.49300038906250016 0.7158713549868182 0.4840899487016932 0.6757200487368182 0.5536552237016934 0.6911580828125001 0.5625656640625003
0 0.8093573875000001 0.5371666765625 0.808446261985748 0.5125102442700209 0.7406131619857479 0.5150168708325209 0.7415242874999999 0.539673303125
0 0.7681016524325446 0.5642202831745701 0.763509946875 0.5315579937500001 0.6964637625490887 0.5409834303193625 0.7010554681066333 0.5736457197439325
0 0.9280802265625001 0.41531562187500015 0.9054905345279967 0.4090343764916732 0.8813065203125001 0.4960090765625001 0.9038962123470036 0.502290321945827
0 0.9465476399546118 0.5067252569755611 0.940308025 0.47755648593750005 0.8624809287953884 0.494204808649439 0.8687205437500001 0.5233735796875001
0 0.8130489405901393 0.23209477787821467 0.796415103125 0.2098232812500001 0.7196502312848605 0.26715640180928557 0.73628406875 0.28942789843750016
0 0.2592914546875 0.6401473890625 0.2005334812500001 0.593681740625 0.18651093621570786 0.6114139009704939 0.24526890965320775 0.6578795494079938
0 0.19078279879431542 0.5907719741482386 0.1367990186132197 0.5322084889416062 0.11816587763140433 0.5493845054183675 0.17214965781250005 0.6079479906249999
0 0.29665973357714387 0.5476997187981432 0.2764490588102071 0.5415131379582301 0.25410724242056326 0.614500656660087 0.27431791718750004 0.6206872375000001
0 0.2506797886366403 0.6125850427342563 0.18366321874999997 0.5751267671875 0.1733742238633597 0.5935347994532439 0.24039079375000005 0.6309930750000001
2 0.8328341937499999 0.11793535000000013 0.5944188908819147 -0.004759548098607036 0.3928700239476332 0.3868813016638464 0.6312853268157186 0.5095761997624535
3 0.74375 0.29375000000000007 0.7171875 0.29375000000000007 0.7171875 0.3359375000000001 0.74375 0.3359375000000001
3 0.6734375 0.05937500000000009 0.6375 0.05937500000000009 0.6375 0.10468750000000009 0.6734375 0.10468750000000009
3 0.69375 0.09687500000000009 0.6609375 0.09687500000000009 0.6609375 0.1390625000000001 0.69375 0.1390625000000001
3 0.19062500000000004 0.4765625 0.16250000000000003 0.4765625 0.16250000000000003 0.5171875 0.19062500000000004 0.5171875
3 0.1625000000000001 0.6625 0.1359375000000001 0.6625 0.1359375000000001 0.6984375 0.1625000000000001 0.6984375
3 0.1218750000000001 0.625 0.09843750000000007 0.625 0.09843750000000008 0.6578125 0.1218750000000001 0.6578125
3 0.1937500000000001 0.55625 0.1671875000000001 0.55625 0.1671875000000001 0.5921875 0.1937500000000001 0.5921875
3 0.13750000000000007 0.515625 0.11093750000000005 0.515625 0.11093750000000006 0.5515625 0.1375000000000001 0.5515625
4 0.73412091707477 0.4488068120871926 0.7254566703124998 0.4273794640624999 0.6692382660283085 0.4501116344989898 0.6779025127905787 0.4715389825236825
4 0.6696960154546894 0.4868394702258499 0.6222889140625001 0.45252268906250015 0.6090545626703108 0.4708053547741504 0.6564616640625001 0.5051221359375002
4 0.6823309342171872 0.37551243336060064 0.6647981104802977 0.3705540482209245 0.6448464715756106 0.44110293829782393 0.6623792953125001 0.44606132343750016
4 0.7300028631589492 0.18405251252018928 0.7172046634966167 0.18126737323812256 0.7008707659626676 0.2563244747804334 0.713668965625 0.2591096140625001
4 0.6922861056556392 0.23327440093429694 0.6729787695247439 0.22332840732254838 0.6357434607441047 0.29561023763825156 0.655050796875 0.3055562312500001
4 0.6897330427746394 0.12745763372385585 0.669364734375 0.11246310468750007 0.6207621775378604 0.17848397565114427 0.6411304859374999 0.19347850468750005
4 0.21018312555993263 0.519690100823078 0.1548252101946435 0.5111882407661104 0.1513922424472109 0.5335412243180323 0.20675015781250003 0.5420430843749999
4 0.1448137734375 0.6890885796874999 0.1426163125 0.6426058015625 0.12540626189419257 0.6434194021144498 0.12760372283169258 0.6899021802394498
4 0.3140524636180556 0.6384762482690831 0.2853126574807313 0.5901879391212626 0.27161740167517573 0.5983389596021794 0.30035720781249997 0.6466272687500001
4 0.309648414743105 0.5897018747331918 0.30351885646400417 0.533941612259726 0.2881092953125 0.5356355390624999 0.29423885359160085 0.5913958015359657
4 0.24622542714206846 0.5982946890459139 0.1915954156250001 0.5670436875 0.1838456806704316 0.5805910328290864 0.23847569218750003 0.6118420343750002