1 0.6625 5.415235064979703e-17 0.221875 2.71718508560819e-17 0.22187500000000004 0.38125000000000003 0.6625 0.3812500000000001
3 0.4796875 0.17500000000000004 0.440625 0.17500000000000004 0.440625 0.2093750000000001 0.4796875 0.2093750000000001
3 0.546875 0.13125000000000006 0.5078125 0.13125000000000003 0.5078125 0.16562500000000008 0.546875 0.16562500000000008
3 0.571875 0.13906250000000006 0.5390625 0.13906250000000003 0.5390625 0.17187500000000006 0.571875 0.17187500000000008
3 0.5765625 0.12343750000000009 0.5453125 0.12343750000000009 0.5453125 0.14843750000000008 0.5765625 0.14843750000000008
3 0.546875 0.07812500000000007 0.5140625 0.07812500000000007 0.5140625 0.10937500000000007 0.546875 0.10937500000000008
3 0.5453125 0.03750000000000007 0.5078125 0.03750000000000007 0.5078125 0.06875000000000006 0.5453125 0.06875000000000006
3 0.4671875 0.05000000000000006 0.43125 0.050000000000000044 0.43125 0.08437500000000006 0.4671875 0.08437500000000006
3 0.41718750000000016 0.8703125 0.3781250000000001 0.8703125 0.3781250000000001 0.90625 0.41718750000000016 0.90625
3 0.3765625000000001 0.74375 0.3421875000000001 0.74375 0.3421875000000001 0.7734375 0.3765625000000001 0.7734375
2 0.5827651693721959 0.6467326609184891 0.4288046613686154 0.40131015705741985 0.025016596875000064 0.6546178796875001 0.1789771048785806 0.9000403835485695
2 0.6833422649705679 0.6387404427097398 0.4621462203356218 0.6197788061060491 0.43004595156250003 0.9942429218750002 0.6512419961974462 1.0132045584786908
2 0.6070131342412272 0.6204524993448091 0.3743978324809973 0.5083956283348476 0.19403069062500009 0.8828140531249999 0.42664599238523 0.9948709241349614
0 0.6101502406250001 0.21393217968750008 0.5862159386082595 0.20349216360416947 0.5598785859375 0.26387197031250004 0.5838128879542406 0.27431198639583065
0 0.6014447140625 0.20793619062500007 0.5824547655169358 0.19349408462146916 0.5377766948350329 0.25224135203225995 0.5567666433805972 0.2666834580357909
0 0.48198043125000006 0.16740889374999995 0.41014110267830955 0.11159280476273721 0.3950420111890152 0.13102642353314162 0.46688133976070567 0.18684251252040437
0 0.506687759375 0.25004576718750016 0.4318193410163368 0.19958506366710216 0.4170457528619675 0.2215045990963455 0.4919141712206308 0.2719653026167435
0 0.45306648437500013 0.8611165000000002 0.42210794945917296 0.8480665684370516 0.38189793125000004 0.9434573562500003 0.4128564661658272 0.9565072878129488
0 0.39232064531250005 0.776310109375 0.3829075155489669 0.7520796680112374 0.2764727936739669 0.7934278148862375 0.2858859234375 0.81765825625
0 0.546352461044918 0.8010571880372186 0.5162111789042853 0.7993494132158168 0.5111671334843674 0.888374028303598 0.5413084156250001 0.890081803125
0 0.5995409109375001 0.7649983640625002 0.5602472111522518 0.7561128305686854 0.5419302500000001 0.8371142890625002 0.5812239497852485 0.8459998225563149
0 0.612501265625 0.9186796781250003 0.6001220829285734 0.8926951753361859 0.5085173132660383 0.9363362712899157 0.520896495962465 0.9623207740787301
0 0.6263491951461325 0.878006844928383 0.5987509965570731 0.8777548945439827 0.5979812717234407 0.9620691886781 0.6255794703125 0.9623211390625002
0 0.631686053125 0.8093200281250003 0.6203111843750001 0.728399371875 0.5991784571852958 0.7313699607116723 0.6105533259352958 0.8122906169616725
0 0.645520384375 0.6823144734375001 0.6210503398391564 0.6819701332734796 0.6199676050115015 0.7589131455084595 0.6444376495473452 0.75925748567248
0 0.63559528125 0.6744483812500001 0.6220830529329949 0.6569604018320483 0.5562846654329949 0.7078000565195482 0.5697968937500001 0.7252880359375
4 0.5314722671875002 0.8051531515625001 0.5025450324036127 0.8010124738200748 0.4910226234375001 0.8815093031250003 0.5199498582213875 0.8856499808674254
4 0.631017115625 0.1181550046875 0.6248811540731716 0.10305558843867976 0.5681929384481716 0.12609202281367976 0.5743289 0.1411914390625
4 0.5920276671875 0.19594926250000005 0.5340756447390962 0.18316658120426896 0.530778455849475 0.19811483502733612 0.5887304782978787 0.21089751632306722
4 0.5448797121176037 0.19548224271453135 0.48998444531249985 0.16716570312500006 0.48281432638093574 0.18106590411982976 0.5377095931860396 0.20938244370936104
4 0.48557265537438604 0.08698584328792208 0.4222731875 0.06099883125000004 0.415283059314957 0.07802546724190569 0.478582527189343 0.10401247927982774
4 0.5724805828124999 0.12418473437500002 0.5682116542596707 0.11041304345564351 0.5192173508356451 0.1256002257731636 0.5234862793884745 0.1393719166925201
4 0.5935306515625001 0.11729440000000006 0.54326598729353 0.09104220204692379 0.5348950855881587 0.10706983388945053 0.5851597498571286 0.1333220318425268
4 0.5241111546875 0.6692721609375001 0.4992372414236841 0.6669517376152836 0.49330176093750006 0.7305774671875 0.518175674201316 0.7328978905097165
4 0.5056853809673781 0.7483095964110738 0.4885415685611097 0.742243130638258 0.46590570468750003 0.8062120078125001 0.4830495170937684 0.8122784735853159
4 0.4952496046875002 0.7615860921875003 0.4781985094103531 0.7502701830499945 0.4404169393864736 0.8072003989406618 0.4574680346636207 0.8185163080781674
4 0.5551488453125002 0.6419467609375002 0.5215944234375001 0.602323459375 0.5095998944716645 0.6124808533639061 0.5431543163466646 0.6521041549264064
4 0.4094404481169115 0.7910644905818197 0.4057663312499999 0.7704074609374999 0.32468777742437194 0.7848283184995382 0.3283618942912835 0.805485348143858
4 0.4845678132407308 0.6550058298481177 0.47917585625000003 0.644020940625 0.42517043109762565 0.6705296221212967 0.4305623880883564 0.6815145113444145
4 0.42584826135312354 0.7255256895792126 0.4220472458833425 0.711085724319215 0.35358852656250006 0.7291060343749999 0.3573895420322811 0.7435459996349976