2 0.9690792325100805 0.3966831256773725 0.884028815625 0.23140642968749997 0.5852921547784067 0.3851345605149493 0.6703425716634872 0.5504112565048219
2 0.9771453623767419 0.5647273889110869 0.9564988078125001 0.40436516718750004 0.6680271697668806 0.44150574400871195 0.6886737243311225 0.6018679657322987
2 0.8831216156249997 0.23088113125000015 0.7165478921874999 0.09567089531250014 0.4824383159581445 0.3840847386470006 0.6490120393956444 0.5192949745845006
0 0.9358286421875002 0.5421836140625 0.9324786375000003 0.5187612703125 0.8661584998203032 0.5282467758824807 0.8695085045078033 0.5516691196324808
0 0.8159807222692945 0.537532674707782 0.7582671998954822 0.5334575508703636 0.7568515890625 0.55350599375 0.8145651114363124 0.5575811175874184
0 0.7754020753682165 0.5692156457706397 0.7737880858204711 0.5459342244494638 0.7131867515625 0.5501354249999999 0.7148007411102453 0.5734168463211757
0 0.7445548973139298 0.5164581416950477 0.7306033281836237 0.5064541694828152 0.6968057511821939 0.5535883699752675 0.7107573203124999 0.5635923421875001
0 0.8464602533143072 0.508002523107639 0.8392162953125 0.4904694796875001 0.7766608831719484 0.5163148943980687 0.7839048411737556 0.5338479378182077
0 0.8824347335734727 0.48391246262085064 0.8802519109375 0.4633705671875 0.8095786612686797 0.4708804471611069 0.8117614839046523 0.49142234259445755
0 0.9406952580186532 0.467499108639693 0.9201984740353529 0.4568683926004402 0.8840197488291996 0.5266235730232472 0.9045165328125 0.5372542890625001
0 0.8787836318000608 0.46713315039729447 0.8763849968749998 0.4445475390625 0.8078641002574607 0.45182458874191767 0.8102627351825216 0.47441020007671214
0 0.854567584368793 0.3300411409082896 0.8313604618296411 0.3251480814206985 0.8130824243358482 0.411838353012409 0.836289546875 0.41673141250000006
0 0.8307622931986016 0.3574364185778024 0.8111239399152879 0.35045102712352316 0.7810438107791863 0.4350166819832209 0.8006821640625 0.4420020734375001
0 0.8460637172251186 0.3464966253397049 0.826752109375 0.325524909375 0.7607668765248816 0.38628679184779513 0.7800784843750002 0.4072585078125
0 0.340420379555083 0.5555906771715111 0.32039778906250005 0.551239134375 0.3068359235699171 0.613640836890989 0.32685851406250005 0.6179923796875001
0 0.31632998899226494 0.4910170920483831 0.2466151843750001 0.4447722593750001 0.23170243600773527 0.4672534595141172 0.3014172406250001 0.5134982921875002
0 0.2740587210037872 0.4895862603970057 0.21456970625 0.4243282859375001 0.19580585555871288 0.4414333677279946 0.2552948703125001 0.5066913421875002
4 0.7647032233370352 0.47328334077773937 0.7611453499999998 0.45326785624999993 0.7041760501004647 0.4633944935972606 0.7077339234375 0.483409978125
4 0.692169631249601 0.4969551561323609 0.6575605125 0.4678762609375003 0.6481449559152727 0.479082467836035 0.6827540746648736 0.5081613630308957
4 0.7494708732842612 0.44379371896084086 0.7383264609375 0.38440335625 0.7213038062555681 0.3875976031673932 0.7324482186023292 0.44698796587823414
4 0.2712619870728947 0.5548599429746319 0.244885859375 0.5017962703125 0.22934006862304934 0.5095235485325547 0.25571619632094406 0.5625872211946866
4 0.193393618123107 0.6254477985948853 0.18099284252586462 0.608619408170014 0.14285593534025764 0.6367223470751288 0.1552567109375 0.6535507375
4 0.18300318235035712 0.5822385612632032 0.1314762914231699 0.55577075498685 0.12318607001031294 0.5719099593486469 0.17471296093750013 0.598377765625
0 0.17497537343749997 0.4966188171875001 0.1746529260243887 0.4418944958698351 0.1554639444214148 0.4420075614561984 0.15578639183452608 0.4967318827738635
4 0.1910890179775823 0.4923972173018397 0.18153566891640707 0.4292740774573276 0.1639247421875 0.431939396875 0.17347809124867522 0.4950625367195121
3 0.23593750000000008 0.5875 0.2156250000000001 0.5875 0.2156250000000001 0.6125 0.23593750000000008 0.6125
3 0.2171875000000001 0.5890625 0.2000000000000001 0.5890625 0.2000000000000001 0.621875 0.2171875000000001 0.621875
3 0.20312500000000008 0.5484375 0.1828125000000001 0.5484375 0.1828125000000001 0.575 0.20312500000000008 0.575
3 0.15937500000000007 0.534375 0.13750000000000004 0.534375 0.13750000000000007 0.5609375 0.1593750000000001 0.5609375
3 0.17968750000000008 0.559375 0.1593750000000001 0.559375 0.1593750000000001 0.5859375 0.17968750000000008 0.5859375
3 0.1390625000000001 0.5453125 0.11875000000000009 0.5453125 0.11875000000000009 0.571875 0.1390625000000001 0.571875
3 0.15312500000000004 0.4453125 0.13125000000000003 0.4453125 0.13125000000000003 0.471875 0.15312500000000004 0.471875
3 0.16406250000000006 0.4296875 0.14062500000000006 0.4296875 0.14062500000000006 0.45625 0.16406250000000006 0.45625
4 0.8113709689294666 0.3416151411628321 0.8034072441210174 0.32705900584092457 0.7601448392540507 0.3507280553030926 0.7681085640624999 0.36528419062500006
4 0.8524406741891433 0.4262045806932596 0.8432275781249998 0.405729978125 0.7873298820608567 0.43088264430674067 0.796542978125 0.4513572468750001
4 0.24304039689013104 0.4790090359410433 0.20355479843750005 0.4318577531250001 0.18948463603462237 0.4436404396103463 0.22897023448725337 0.4907917224263896
1 0.37500000000000006 0.31093750000000003 0.07031250000000004 0.3109375 0.07031250000000007 0.6671875 0.3750000000000001 0.6671875