1 0.5140625 3.7122106099154144e-17 0.0921875 1.1289712679639661e-17 0.09218750000000002 0.3921875 0.5140625 0.3921875000000001
2 0.8699131546875003 0.5481886703125003 0.6008433741821054 0.4719853809042858 0.5485802773071053 0.6565236090292859 0.8176500578125001 0.7327268984375002
2 0.8006773734375002 0.7248858515625001 0.5587348317773073 0.6294228421050633 0.5153306254823228 0.7394269583531902 0.7572731671425157 0.834889967810627
2 0.700765971875 0.8095792062499999 0.5354531561471764 0.6652107391991471 0.4727720525525679 0.7369853444147181 0.6380848682803915 0.881353811465571
3 0.340625 0.17656250000000004 0.3078125 0.17656250000000004 0.3078125 0.215625 0.340625 0.215625
3 0.29375 0.19218750000000004 0.2671875 0.19218750000000004 0.2671875 0.23125 0.29375 0.23125
3 0.2640625 0.203125 0.234375 0.203125 0.234375 0.2359375 0.2640625 0.2359375
3 0.2671875 0.17812500000000003 0.2421875 0.17812500000000003 0.2421875 0.2078125 0.2671875 0.2078125
3 0.3109375 0.16718750000000004 0.284375 0.16718750000000004 0.284375 0.19843750000000004 0.3109375 0.19843750000000004
3 0.39375 0.2171875000000001 0.3671875 0.2171875000000001 0.3671875 0.2500000000000001 0.39375 0.2500000000000001
3 0.315625 0.13906250000000003 0.2859375 0.13906250000000003 0.2859375 0.17500000000000004 0.315625 0.17500000000000004
3 0.3984375 0.08750000000000005 0.3671875 0.08750000000000005 0.3671875 0.12968750000000004 0.3984375 0.12968750000000004
3 0.4265625 0.07968750000000005 0.39375 0.07968750000000005 0.39375 0.11875000000000005 0.4265625 0.11875000000000005
4 0.6670367350210442 0.7302074140823304 0.6345791250000001 0.7040689546875 0.627288582166456 0.7131220359176698 0.6597461921875001 0.7392604953125
4 0.6156305615664296 0.6946277768016292 0.5915349828124999 0.6546591874999999 0.5846535728085702 0.6588077341358705 0.6087491515624999 0.6987763234374998
4 0.6881368464983411 0.7376400949844525 0.6723189796875 0.7082088421874999 0.6639332417775167 0.7127157684228816 0.6797511085883577 0.7421470212198342
4 0.6960148171875 0.7281632828125 0.685338211790898 0.6916333628913856 0.6751598246154173 0.6946082016997135 0.6858364300120194 0.7311381216208279
4 0.6857907046875 0.72320984375 0.6743017065202606 0.6835088690930962 0.6661999320596781 0.6858534279542684 0.6776889302269173 0.7255544026111722
4 0.671780875 0.7147792640625001 0.666013676661733 0.6766708259069716 0.6559909065448494 0.678187637037541 0.6617581048831165 0.7162960751930696
4 0.6586743296875 0.714483203125 0.6428342703125001 0.6845919234375001 0.6319457023340961 0.6903620197696008 0.647785761709096 0.7202532994571007
4 0.674918860948556 0.7215195420137073 0.655604570042893 0.6961536888015979 0.6488091562500001 0.7013279125000002 0.6681234471556632 0.7266937657121095
4 0.29314713165825335 0.09910289882215573 0.2738083829895865 0.0947766157489723 0.2569751450813332 0.17002221380181656 0.27631389375 0.17434849687500004
4 0.2990571226262241 0.11760942309824554 0.28309435702742886 0.11446352967233495 0.2681509109637048 0.1902889612615895 0.28411367656250003 0.19343485468750005
0 0.5733748109430709 0.69619479314608 0.5284671515625 0.6883042765625002 0.5259571671817593 0.7025894659321572 0.5708648265623301 0.7104799825157372
0 0.6115728773447646 0.7343061692820002 0.6114728062500001 0.7181495203125 0.5708081776976734 0.7184013889954867 0.570908248792438 0.7345580379649868
0 0.5631248125 0.7347061796874998 0.5434043671875001 0.6997195546874999 0.5306771557745231 0.7068933325711979 0.5503976010870231 0.7418799575711978
0 0.5871864546874999 0.7731851374999998 0.5602979963625928 0.7321925247902048 0.5508241260500929 0.738406760727705 0.5777125843750001 0.7793993734375
0 0.6244291822432729 0.7530885804883335 0.5771837633923519 0.7286963743876409 0.571736657711579 0.7392469079618076 0.6189820765625 0.7636391140625001
0 0.6122900657075515 0.7487452215724387 0.567357465625 0.7295835015625001 0.5609346456570373 0.7446444669076261 0.6058672457395889 0.7638061869175646
0 0.6507630093749999 0.8027214062499999 0.6468517761839657 0.7852454854041999 0.6024739168089658 0.7951775604041998 0.60638515 0.8126534812499997
0 0.6136778707863806 0.8116456726095871 0.5890737843750001 0.7770033312500002 0.5799375714011197 0.7834921586404133 0.6045416578125 0.8181345000000002
0 0.6227542199704725 0.7866425038246644 0.6146109363403327 0.7702755463404096 0.5914242413698602 0.7818119503282455 0.599567525 0.7981789078125001
0 0.625791880414156 0.7924868894531133 0.61569417305286 0.7818853040062705 0.602020430138704 0.7949091536156574 0.6121181375 0.8055107390625003
0 0.6208828859375 0.7669308453125001 0.5722570499999999 0.7458096640625003 0.5668777310660914 0.7581940982870645 0.6155035670035914 0.7793152795370645
0 0.6283131965078477 0.7782225626903662 0.5800160984375 0.7538876593750002 0.5729336816171523 0.7679440201221341 0.6212307796875001 0.7922789234375002
0 0.4177791410359166 0.17659389170510645 0.39355123910956885 0.157623730102346 0.33666140119865223 0.2302810665222396 0.360889303125 0.24925122812500003