1 0.9875 0.2484375000000001 0.5921875 0.2484375000000001 0.5921875 0.6625000000000001 0.9875 0.6625000000000002
3 0.5203125000000002 0.765625 0.48437500000000017 0.765625 0.48437500000000017 0.8078125 0.5203125000000002 0.8078125
3 0.2515625000000001 0.80625 0.22031250000000008 0.80625 0.22031250000000008 0.8453125 0.2515625000000001 0.8453125
3 0.3859375000000001 0.7625 0.3609375000000001 0.7625 0.3609375000000001 0.796875 0.3859375000000001 0.796875
3 0.45625000000000016 0.8875 0.4203125000000002 0.8875 0.4203125000000002 0.9328125 0.45625000000000016 0.9328125
3 0.7859375 0.3984375000000001 0.7578125 0.3984375000000001 0.7578125 0.4312500000000002 0.7859375 0.4312500000000002
3 0.9125 0.4000000000000002 0.884375 0.4000000000000002 0.884375 0.4359375000000002 0.9125 0.4359375000000002
3 0.8890625 0.5156250000000002 0.8609375 0.5156250000000002 0.8609375 0.5468750000000002 0.8890625 0.5468750000000002
3 0.778125 0.4593750000000002 0.7515625 0.4593750000000002 0.7515625 0.4890625000000002 0.778125 0.4890625000000002
3 0.728125 0.4406250000000001 0.7046875 0.440625 0.7046875 0.4718750000000001 0.728125 0.47187500000000016
4 0.35605093588200976 0.6079985416824523 0.3403560080800229 0.5934813027350422 0.29599293626051315 0.6414432610525902 0.3116878640625 0.6559605000000002
4 0.4178892312500001 0.56875969375 0.3642929073776357 0.5564546796283352 0.3596690776901356 0.5765944593158351 0.4132654015625 0.5888994734375
4 0.31269597714289243 0.6523769178014793 0.2923907715170283 0.6486554393736921 0.2772578271866359 0.7312241153222128 0.2975630328125 0.73494559375
4 0.4181445015625 0.9127249531250003 0.4013847093749999 0.8277816343750002 0.3865600852909292 0.8307066156750371 0.40331987747842923 0.9156499344250373
4 0.528084396744241 0.8588649760900031 0.509208609161609 0.8400985715134721 0.44929485121932544 0.9003615464261033 0.4681706388019575 0.9191279510026344
4 0.39369673524239424 0.688684403018633 0.39032641516729033 0.6269660437326208 0.37586183281249996 0.6277559265625 0.3792321528876039 0.6894742858485123
4 0.40432079171970825 0.6274618050840972 0.39092140468750014 0.6274144734375 0.39069949292727396 0.6902367451318057 0.4040988799594822 0.6902840767784029
4 0.82769885625 0.35137752187500004 0.8232377691242606 0.336984988237845 0.7738026722492606 0.352307813237845 0.7782637593749999 0.366700346875
4 0.860625703125 0.36613780781250016 0.8076235296875 0.3522655000000001 0.8049085403589753 0.36263870806432524 0.8579107137964753 0.3765110158768252
4 0.867977878125 0.37507600000000013 0.813744125 0.36274626250000014 0.8103152885364528 0.3778283897772455 0.8645490416614529 0.39015812727724547
4 0.8452667546875002 0.39363531250000017 0.7906462650672362 0.38388710127192044 0.7861368166297361 0.4091541247094203 0.8407573062500001 0.41890233593750004
4 0.9023531359374999 0.5134406781250002 0.8934953980813841 0.4915118632627564 0.842977543393884 0.5119176132627564 0.8518352812499999 0.5338464281250002
4 0.7774034234375 0.42919755000000015 0.7233283171875 0.40791724843750005 0.7177266990762363 0.42215144966105267 0.7718018053262364 0.4434317512235527
0 0.29246478593749997 0.5172488484375 0.2808314924929888 0.4892917749448637 0.2127512253054888 0.5176208390073638 0.22438451874999998 0.5455779125
0 0.3146439896625554 0.5035354150248293 0.2913304109375 0.4952227968750001 0.26263129278199926 0.5757123777023925 0.2859448715070547 0.5840249958522218
0 0.25191567870421894 0.5934331072541089 0.22749474856105745 0.569102534226199 0.1666907823568385 0.6301323097845903 0.1911117125 0.6544628828125001
0 0.12847700595722614 0.6184735365295285 0.11083567446567719 0.5931282579432644 0.03889548257095106 0.643201519851236 0.056536814062499996 0.6685467984375001
0 0.25191920321278627 0.559834838288458 0.24514750468750002 0.5327052359375 0.17298495838004652 0.5507174058944927 0.17975665690533277 0.5778470082454508
0 0.11494174333006484 0.6328501374562499 0.08566218281250008 0.62779259375 0.06925588261849021 0.722773336834086 0.09853544313605496 0.7278308805403358
0 0.22452204843750004 0.6391668218750002 0.2016863650172917 0.6172113991491625 0.13838064314229176 0.6830552428991623 0.1612163265625001 0.7050106656250001
0 0.24320108113730607 0.6574884820146872 0.21812473074934596 0.6328119547771623 0.15244595273703995 0.6995548977624753 0.17752230312500009 0.7242314249999999
0 0.24704907804964535 0.7743335153836272 0.21870578071839336 0.7639410603254922 0.1782349011062482 0.8743171136918649 0.2065781984375002 0.88470956875
0 0.5347109993489721 0.8227119790258811 0.5045666812500001 0.7915807703125002 0.42959349908852823 0.864177227224119 0.45973781718750023 0.8953084359375001
0 0.6880794507993098 0.3626038234466079 0.6644519368138566 0.36054680390365607 0.657733411014547 0.4377177101445483 0.681360925 0.4397747296875002
0 0.7462288271294422 0.39673352673016354 0.7329736923447459 0.37516991435604624 0.6739048808403038 0.41147946418838277 0.6871600156250001 0.4330430765625001
0 0.7462788219790117 0.3361414346495627 0.678069665625 0.31277074687500006 0.6696106279092685 0.33745910143788194 0.7378197842632803 0.3608297892124446
0 0.8032819702787737 0.35092817552039746 0.7981924501875095 0.3260876075677396 0.7319410111587358 0.3396616945473422 0.73703053125 0.3645022625000001