2 0.7481269562499999 0.8975596187500001 0.49241205089529966 0.6358029805546147 0.37104850063179795 0.7543652794254323 0.6267634059864983 1.0161219176208176
2 0.5716124656249999 0.9608783328124998 0.4357651990786408 0.669562110552058 0.30841795355222107 0.7289469778716194 0.4442652200985802 1.0202632001320613
2 0.8924417453125001 0.7374120718750002 0.6166755121806725 0.4885289186797328 0.4729327809306724 0.6477980014922328 0.7486990140625001 0.8966811546875002
0 0.4586302593749999 0.9309040515624998 0.452628681748316 0.86417836946556 0.4290631098733161 0.8662979522780601 0.4350646875 0.9330236343749998
0 0.4529918109375001 0.7568087484375001 0.4331247609375001 0.7536992953125001 0.4241855394223072 0.8108141491675209 0.44405258942230724 0.8139236022925209
0 0.43979976286296807 0.771008856906938 0.43877595156250015 0.7102707015625 0.41544196644469106 0.7106640226555277 0.416465777745159 0.7714021779999657
0 0.47858605 0.7335764921875001 0.4374728907157646 0.6945046703064305 0.4254646234375 0.70714031875 0.46657778272173556 0.7462121406310696
0 0.49176425 0.8392502000000001 0.4640971899387358 0.7770039005770955 0.4470508640155072 0.784580603570114 0.47471792407677144 0.8468269029930185
0 0.5166783859375 0.8816478249999999 0.5081848627364657 0.8105220288474817 0.4878422115470652 0.8129512569081028 0.49633573474809956 0.884077053060621
0 0.5191609187500001 0.9251508671875002 0.45443325356161657 0.8825521398490116 0.4416260078125001 0.9020124187500003 0.5063536730008837 0.9446111460884886
0 0.535677996875 0.8787713312499997 0.5285534172519541 0.8096578208516781 0.5060137317420027 0.8119813287037401 0.5131383113650485 0.8810948391020617
0 0.6559275515625 0.8451013828125001 0.5730373056706208 0.8176180997088001 0.5655544359375 0.8401866156250002 0.6484446818293792 0.8676698987287003
0 0.6309856265625 0.8235150078124999 0.5515029296178404 0.7843764169991235 0.542181953125 0.8033054671875 0.6216646500696597 0.8424440580008765
0 0.6571350937500002 0.835435628125 0.5911981331267357 0.7709982747764619 0.5718574087051245 0.7907891028962222 0.637794369328389 0.8552264562447605
0 0.458230740625 0.317962278125 0.39511806074667083 0.3037086436840216 0.3906122491734834 0.32365961440578284 0.4537249290518125 0.3379132488467612
0 0.5684131906250001 0.24985283593750002 0.546743274489826 0.2337839499679956 0.496913225 0.3009829453125 0.5185831411351741 0.31705183128200454
0 0.5935019072959363 0.22308286469837868 0.5789462248529084 0.20286160144786874 0.50612470625 0.25528003281250006 0.520680388693028 0.27550129606301
4 0.5330008078125001 0.76323323125 0.5242004997432762 0.705496885371507 0.5041443520319262 0.7085538900339287 0.5129446601011501 0.7662902359124216
4 0.5238336343750001 0.6590258078125002 0.5131355576603748 0.6490366674281745 0.48228521220568404 0.6820764836334657 0.4929832889203093 0.6920656240177915
4 0.6029651781250001 0.7440497031250001 0.6006662055871062 0.7268832049578562 0.5407739828738933 0.7349040938957437 0.5430729554117872 0.7520705920628876
4 0.511557834375 0.24514147500000005 0.5046547498711937 0.22921257420094268 0.4502833789315991 0.2527754159135374 0.45718646343540514 0.26870431671259476
4 0.4082249934333751 0.17574533197920678 0.38215650285177805 0.13618989452523309 0.36470216875 0.14769294375000003 0.390770659331597 0.18724838120397372
4 0.4635927171685559 0.12906252533272292 0.44790950765354864 0.11993900456734419 0.418781265625 0.17001006093750007 0.4344644751400072 0.1791335817028788
0 0.5755615478434885 0.15760889158998834 0.5208017290842547 0.15642447290969588 0.5203870234375 0.17559776562500007 0.5751468421967336 0.17678218430529252
4 0.58723445625 0.18567967656250003 0.5855561484375 0.16794733750000002 0.5220114885172465 0.17396163142991664 0.5236897963297465 0.19169397049241665
3 0.428125 0.21250000000000008 0.4046875 0.21250000000000008 0.4046875 0.2312500000000001 0.428125 0.2312500000000001
3 0.425 0.19531250000000006 0.39375 0.19531250000000006 0.39375 0.21093750000000008 0.425 0.21093750000000008
3 0.46875 0.18125000000000005 0.44375 0.18125000000000005 0.44375 0.2000000000000001 0.46875 0.2000000000000001
3 0.484375 0.13593750000000004 0.459375 0.13593750000000004 0.459375 0.15625000000000006 0.484375 0.15625000000000006
3 0.4578125 0.15781250000000005 0.4328125 0.15781250000000005 0.4328125 0.17656250000000004 0.4578125 0.17656250000000004
3 0.475 0.11718750000000004 0.45 0.11718750000000004 0.45 0.13593750000000004 0.475 0.13593750000000004
3 0.5734375 0.13437500000000008 0.5484375 0.13437500000000008 0.5484375 0.1546875000000001 0.5734375 0.1546875000000001
3 0.5890625 0.1453125000000001 0.5640625 0.1453125000000001 0.5640625 0.1671875000000001 0.5890625 0.1671875000000001
4 0.6545235234375 0.8131492062500001 0.6359535361851529 0.7683811912384448 0.62049946875 0.7747916125000003 0.6390694560023469 0.8195596275115553
4 0.5761776843749999 0.847690909375 0.554448669665003 0.7905477433450663 0.5330562296875 0.7986823406249999 0.5547852443974971 0.8558255066549336
4 0.5835636031250001 0.20752735625000004 0.5734926139666193 0.19244053260483224 0.5217041919953822 0.22701113861632538 0.5317751811537629 0.24209796226149322
1 0.696875 0.07968750000000006 0.3546875 0.07968750000000005 0.35468750000000004 0.36718750000000006 0.696875 0.3671875000000001