1 0.9949410389377291 0.7259673087253219 0.7923362170933027 0.37448522169676257 0.4543333781555735 0.5693202004714408 0.6569382 0.9208022875000001
2 0.35718656293496154 0.4806931554887558 0.23839474692090032 0.31149652398257327 -0.07459836288906115 0.5312468794313177 0.04419345312500007 0.7004435109375
2 0.33131398388176586 0.4043089726813869 0.3053673767202389 0.2793308010471035 -0.0007391493490269574 0.3428813049282167 0.0252074578125 0.46785947656250004
2 0.3394082640625 0.3075287109375 0.12812850010121885 0.2094682951364581 0.07267944687499997 0.3289381421875 0.2839592108362811 0.4269985579885419
0 0.6355189078124999 0.5252509343750001 0.6120297625000001 0.5099173671875002 0.5716798940716191 0.5717284194537422 0.595169039384119 0.5870619866412421
4 0.7156150620911876 0.5294529036292707 0.6618259279040726 0.5137463836309744 0.6574408412834278 0.5287637148211788 0.711229975470543 0.5444702348194751
4 0.7273312781318717 0.5176823068668807 0.6732065828125001 0.5149087296875001 0.6723154312431285 0.5322990181331195 0.7264401265625001 0.5350725953125001
4 0.697023806779458 0.565822157170647 0.6610437671874999 0.532274509375 0.6489902386675528 0.545201986019928 0.6849702782595108 0.578749633815575
0 0.6316116341264818 0.5407968811625364 0.6081768382591916 0.5303182578194928 0.57892112132021 0.5957468672819565 0.6023559171875001 0.6062254906250002
0 0.8317308961743756 0.7214516551992546 0.7732599796875 0.6354619515625 0.7501086335724347 0.6512043063794334 0.8085795500593104 0.7371940100161879
0 0.6952049503065807 0.6921762921413801 0.6885108546875001 0.6599453781250001 0.6082157269355527 0.6766220154255947 0.6149098225546332 0.7088529294419748
0 0.7491998575398072 0.7861081331318684 0.6559729350744705 0.7746440899526243 0.6517144290971635 0.8092747521332561 0.7449413515625001 0.8207387953125002
0 0.7092224177424231 0.571191258208019 0.6883009081986378 0.5537730420190365 0.6355355887840018 0.6171509517737942 0.6564570983277873 0.6345691679627767
0 0.1527606934610973 0.38263245570755083 0.15222251723873453 0.3555853726180255 0.08822162846513724 0.3568588465979746 0.08875980468750001 0.3839059296875
0 0.20579516875 0.483485528125 0.19975556207656178 0.46077981919215594 0.12773857926406174 0.4799359816921559 0.13377818593749996 0.502641690625
0 0.19779211910675504 0.2912262332359441 0.1891306015625 0.2728317 0.13512194537931368 0.2982630016303236 0.14378346292356872 0.3166575348662677
0 0.28674244743332195 0.32726865888102663 0.2502291671875 0.2923641453125001 0.23946746194167806 0.3036218629939735 0.2759807421875 0.3385263765625
0 0.2182265456333053 0.2828487324515697 0.17412850156249998 0.2528088234375 0.16179115259169602 0.27091982897938105 0.2058891966625013 0.3009597379934507
0 0.3153662468749999 0.32246031718750007 0.27901890781250005 0.309236228125 0.27316509258310234 0.32532585108099665 0.30951243164560227 0.3385499401434967
3 0.13543554345721368 0.4082133840188679 0.12340651250000004 0.38292507031250006 0.10109666904278639 0.3935373159811322 0.11312570000000002 0.4188256296875001
3 0.7984375 0.6093750000000002 0.7734375 0.6093750000000002 0.7734375 0.6421875000000001 0.7984375 0.6421875000000001
3 0.7234375 0.5609375 0.7 0.5609375 0.7 0.5921875 0.7234375 0.5921875
3 0.64375 0.590625 0.61875 0.590625 0.61875 0.621875 0.64375 0.621875
3 0.6546875 0.6015625 0.6375 0.6015625 0.6375 0.6328125 0.6546875 0.6328125
3 0.665625 0.6390625 0.6375 0.6390625 0.6375 0.671875 0.665625 0.671875
3 0.825 0.6265625000000001 0.8 0.6265625000000001 0.8 0.6578125000000001 0.825 0.6578125000000001
3 0.7 0.640625 0.6734375 0.640625 0.6734375 0.6765625 0.7 0.6765625
4 0.61875 0.6140625 0.6046875 0.6140625 0.6046875 0.6859375 0.61875 0.6859375
4 0.7165320374999999 0.7214110640624999 0.7132571781249999 0.6412257234374998 0.6919196327248913 0.6420971727578916 0.6951944920998913 0.7222825133828916
4 0.14375682812499996 0.48921592031250005 0.13705145173351962 0.4774002622308788 0.09493257829601964 0.5013026887933787 0.10163795468749999 0.513118346875
4 0.23005527324703118 0.38787486621443723 0.22794160536525024 0.3695883534549955 0.18143430086821907 0.37496395442805835 0.18354796874999998 0.39325046718750006
4 0.27356772970646487 0.3855653521239536 0.22978834062500003 0.3752464984375 0.22671843807098266 0.3882710515941115 0.2704978271524475 0.39858990528056504
4 0.19441596018895152 0.4990460029944864 0.19182860625 0.4855849671875 0.13637045387354846 0.49624461263051367 0.1389578078125 0.5097056484375001