1 0.56875 0.04531250000000003 0.004687500000000006 0.0453125 0.004687500000000034 0.503125 0.56875 0.503125
3 0.3359375 0.2765625 0.296875 0.2765625 0.296875 0.309375 0.3359375 0.309375
3 0.36875 0.22343750000000004 0.33125 0.2234375 0.33125 0.25625000000000003 0.36875 0.2562500000000001
3 0.309375 0.284375 0.271875 0.284375 0.271875 0.3140625 0.309375 0.3140625
3 0.296875 0.14531250000000004 0.253125 0.14531250000000004 0.253125 0.17812500000000003 0.296875 0.17812500000000003
3 0.240625 0.2 0.19687500000000005 0.2 0.19687500000000005 0.2328125 0.240625 0.2328125
3 0.5718750000000001 0.8890625 0.5406250000000001 0.8890625 0.5406250000000001 0.9203125 0.5718750000000001 0.9203125
3 0.5453125000000002 0.7984375 0.5140625000000002 0.7984375 0.5140625000000002 0.8265625 0.5453125000000002 0.8265625
3 0.7156250000000002 0.8578125 0.6843750000000002 0.8578125 0.6843750000000002 0.88125 0.7156250000000002 0.88125
3 0.6578125000000001 0.8125 0.6328125000000002 0.8125 0.6328125000000002 0.834375 0.6578125000000001 0.834375
2 0.6545446372899694 0.6508948117262385 0.43481839963277846 0.6313536262972067 0.40578364218750007 0.9578280890625 0.625509879844691 0.9773692744915319
2 0.7936714073818294 0.9261789786016956 0.7204466999336946 0.6471590206426756 0.5553375597393652 0.6904894998534801 0.6285622671875 0.9695094578125001
2 0.9106894852725862 0.8287124086324663 0.78795108125 0.6173536218749999 0.6653062928524138 0.6885748179300335 0.788044696875 0.8999336046874997
0 0.47999125312499996 0.2719066265625 0.3866210484375 0.23739539375000002 0.37872571734280785 0.25875622674000487 0.47209592203030787 0.29326745955250494
0 0.4798651453125 0.25236176875000005 0.40242739964140795 0.1979720072310208 0.39054488620480665 0.2148898062383906 0.46798263187589867 0.26927956775736983
0 0.366716875 0.19049533125000007 0.34889084165610285 0.17224355056835766 0.2942683875 0.22559186250000005 0.3120944208438972 0.24384364318164248
0 0.32718637812500007 0.3053299859375 0.2179056594590731 0.2932265017184666 0.21470356348540745 0.32213779229454476 0.3239842821513344 0.33424127651357816
0 0.5486841946200691 0.8831725148470954 0.5161731078125001 0.8161586046875 0.493747972727133 0.8270379208129961 0.526259059534702 0.8940518309725916
0 0.7519452281250001 0.8917368015624998 0.7339460902495194 0.8259085671255043 0.7171364511870193 0.8305047561880043 0.7351355890625 0.8963329906249997
0 0.8443414812499999 0.7800265671875002 0.8236315407367417 0.7682768304766348 0.7891421494448947 0.8290674047311309 0.8098520899581529 0.8408171414419965
0 0.8647643663952069 0.7967477864943223 0.8296783734375 0.7504359921875002 0.8170408304797929 0.7600102431931779 0.8521268234374999 0.8063220375
0 0.7899612526588549 0.7685009409230663 0.7718368183518175 0.7103907566958068 0.7567360860054626 0.7151006407727406 0.7748605203125 0.7732108250000002
0 0.7931439120307762 0.8030773478388517 0.75310298125 0.7515238062500001 0.7393292129692239 0.7622217037236486 0.77937014375 0.8137752453125001
0 0.7779718875 0.8116890390625 0.7533691415061755 0.766386386606279 0.7409533375 0.7731291015625 0.7655560834938246 0.818431754018721
0 0.8053516775144249 0.7071793024364161 0.7679772964733683 0.6814577962506234 0.7567400484375001 0.6977859687500001 0.7941144294785567 0.7235074749357928
4 0.599190884375 0.8501411875000002 0.5816036413514019 0.8424643014343335 0.5616744444764018 0.8881207858093336 0.5792616875000001 0.895797671875
4 0.5407253587136246 0.8884767000014362 0.50913549375 0.8458059546875001 0.4900343406034513 0.8599468571748987 0.5216242055670759 0.9026176024888347
4 0.717612552832718 0.7932411496325071 0.7123104421875001 0.7457263671875001 0.694613789354782 0.747701112867493 0.6999158999999999 0.7952158953125
4 0.7111026453125 0.7407988875000001 0.6940271911112654 0.6963838671493162 0.6825156832987656 0.7008094921493162 0.6995911375 0.7452245125000001
0 0.751280139487812 0.64482515409081 0.7384040687500002 0.6417260953125001 0.7261141043064705 0.6927888414106522 0.7389901750442823 0.695887900188962
4 0.40632729984342963 0.2916398829544781 0.3485219415494767 0.24498469203187517 0.33592483481547597 0.26059239299346953 0.3937301931094289 0.3072475839160725
4 0.34653040129430257 0.21131721228945932 0.3226380686047139 0.2001872011943208 0.29910052500000006 0.25071426875 0.32299285768958874 0.2618442798451386
4 0.3387412621028282 0.1727969336644764 0.3213473739840484 0.15869750589331771 0.28537894375 0.20307028906250008 0.3027728318687798 0.21716971683365877
4 0.353729871875 0.184886846875 0.3404168810661764 0.16691168312730992 0.2895962035690352 0.20455112952760043 0.3029091943778587 0.22252629327529055
4 0.27026992031249997 0.21491472968749994 0.2597931370000456 0.19868155076191374 0.19975497812499995 0.23742977031249995 0.21023176143745434 0.25366294923808613
4 0.2535455140625001 0.18375312968750007 0.23912254375000006 0.164664990625 0.18518926068808647 0.20541690142733873 0.19961223100058648 0.22450504048983877