1 0.7250000000000001 0.6515625 0.3625000000000001 0.6515625 0.3625000000000001 0.978125 0.7250000000000002 0.978125
3 0.3265625 0.14843750000000006 0.2875 0.14843750000000006 0.2875 0.17812500000000003 0.3265625 0.17812500000000003
4 0.4427983859375 0.2610296453125 0.3973102092115622 0.2120625433457235 0.37718285781249994 0.23075992343749996 0.4226710345384378 0.27972702540427646
0 0.3730904 0.16819701562500006 0.3155229649119586 0.08668741116181944 0.28957082187499994 0.10501651875000004 0.34713825696304135 0.18652612321318068
2 0.6051180206554294 0.3349668369928824 0.5291907232139014 0.01280973709584099 0.3298605359375 0.05978868749999998 0.40578783337902796 0.3819457873970414
2 0.5424903951002346 0.3644779102953242 0.32437894795989697 0.03691628251971908 0.1223996625 0.1714069875 0.3405111096403376 0.4989686152756051
0 0.34300567812499994 0.3330073734375 0.23730018584149742 0.29450721632349597 0.22532465202821803 0.3273870742768541 0.33103014431172056 0.36588723139085816
0 0.21803241354254635 0.40265715836118565 0.12620871535499648 0.33638760801950995 0.10660447968750004 0.3635514171875001 0.19842817787504993 0.42982096752917576
0 0.19402529062499996 0.409511140625 0.08808033623635851 0.3583509942429127 0.07760362505273807 0.3800466844819904 0.18354857944137953 0.4312068308640777
0 0.5625656640625001 0.3088419171875 0.4930003890625 0.2686906109375001 0.48408994870169303 0.2841286450131818 0.5536552237016931 0.3242799512631817
0 0.5396733031250001 0.2584757125 0.5371666765625001 0.19064261249999997 0.512510244270021 0.19155373801425202 0.515016870832521 0.259386838014252
0 0.5734981484375 0.297894809375 0.5618434175960095 0.23119792492089233 0.5305069879085096 0.23667370773339233 0.54216171875 0.3033705921875
0 0.5022903219458268 0.09610378765299639 0.41531562187499993 0.07191977343750003 0.40903437649167307 0.09450946547200369 0.49600907656249993 0.11869347968750003
0 0.5233735796875001 0.13127945625 0.5067252569755611 0.053452360045388315 0.47755648593750005 0.05969197500000002 0.494204808649439 0.1375190712046117
0 0.28942789843750005 0.26371593125 0.2320947778782146 0.18695105940986045 0.20982328125 0.20358489687499995 0.26715640180928546 0.28034976871513945
0 0.6575477578125001 0.7551506562500001 0.6401473890625 0.7407085453125001 0.5923182282829258 0.7983348187962915 0.6097185970329256 0.8127769297337915
0 0.6079479906249998 0.8278503421875 0.5924050882457699 0.8082866039153963 0.5293915475035493 0.8583492912558075 0.5449344498827793 0.8779130295279112
0 0.6206872375 0.7256820828125001 0.5515682771697199 0.6969680798709021 0.5434214552947199 0.7165787158084024 0.6125404156250001 0.7452927187500002
0 0.630993075 0.7596092062500002 0.6138729186132987 0.7477056918447972 0.5690782758705494 0.8121313112826233 0.5861984322572507 0.8240348256878262
2 0.49858636841205195 0.4067956815750309 0.11793535000000004 0.16716580624999994 -0.02413181617168205 0.3928388840029899 0.3565192022403699 0.6324687593280208
3 0.3359375 0.2578125 0.29375 0.2578125 0.29375 0.284375 0.3359375 0.284375
3 0.10468750000000004 0.3265625 0.059375000000000046 0.3265625 0.059375000000000046 0.3625 0.10468750000000004 0.3625
3 0.13906250000000003 0.30625 0.09687500000000004 0.30625 0.09687500000000004 0.3390625 0.13906250000000003 0.3390625
3 0.5171875000000001 0.8109375 0.47656250000000017 0.8109375 0.47656250000000017 0.8390625 0.5171875000000001 0.8390625
3 0.6984375000000002 0.8375 0.6625000000000002 0.8375 0.6625000000000002 0.8640625 0.6984375000000002 0.8640625
3 0.6578125000000001 0.8796875 0.6250000000000002 0.8796875 0.6250000000000002 0.903125 0.6578125000000001 0.903125
3 0.5921875000000002 0.8078125 0.5562500000000001 0.8078125 0.5562500000000001 0.834375 0.5921875000000002 0.834375
3 0.5515625000000002 0.8640625 0.5156250000000002 0.8640625 0.5156250000000002 0.890625 0.5515625000000002 0.890625
4 0.4715389825236825 0.3220974872094213 0.4488068120871926 0.26587908292522994 0.4273794640624999 0.27454332968750006 0.4501116344989898 0.3307617339716914
4 0.5051221359375001 0.3435383359375 0.4887355431036351 0.32900806723094245 0.4486190531366502 0.37424966601267284 0.46500564597051514 0.3887799347192304
4 0.44606132343750005 0.33762070468750005 0.37551243336060053 0.317669065782813 0.3705540482209243 0.3352018895197026 0.4411029382978239 0.35515352842438963
4 0.25910961406250005 0.286331034375 0.18405251252018923 0.26999713684105087 0.18126737323812248 0.28279533650338334 0.2563244747804333 0.2991292340373325
4 0.3055562312500001 0.344949203125 0.23327440093429685 0.3077138943443608 0.22332840732254833 0.3270212304752561 0.29561023763825156 0.3642565392558953
4 0.19347850468750002 0.3588695140625 0.12745763372385582 0.3102669572253606 0.11246310468750005 0.33063526562500006 0.17848397565114424 0.3792378224621395
4 0.542043084375 0.7932498421874999 0.5212847236555347 0.7857051488265985 0.5016269743182402 0.8397911974115644 0.5223853350377056 0.847335890772466
4 0.6909551893211184 0.8673469282956441 0.68834815377852 0.8503624549112517 0.6412803222699016 0.8575871422406077 0.6438873578125001 0.8745716156250001
4 0.64662726875 0.6996427921875 0.6398334122880065 0.685453064414036 0.5889420201005064 0.709819198789036 0.5957358765625 0.7240089265625
4 0.5913958015359657 0.7057611464083993 0.5897018747331917 0.6903515852568949 0.533941612259726 0.6964811435359958 0.5356355390624999 0.7118907046875
4 0.6118420343750002 0.7615243078125001 0.599257077279796 0.7529416765436467 0.5632139243159555 0.8057927800591784 0.5757988814111595 0.8143754113280318