1 0.9125 0.6078125000000001 0.503125 0.6078125 0.503125 0.9953125 0.9125 0.9953125
2 0.4385569674112212 0.31575081803949934 0.15527732747137918 0.27580087915137297 0.12863042656250007 0.46475046718750007 0.4119100665023421 0.5047004060756264
2 0.45880737305813446 0.33710001979680915 0.27408157689217955 0.1853857514982342 0.1916573875 0.28574463125 0.3763831836659549 0.437458899548575
2 0.5038285389678894 0.2863355329946503 0.3662577548084342 0.1294688550850114 0.2885521703124999 0.1976160125 0.42612295447195503 0.3544826904096389
3 0.7015625000000002 0.7796875 0.6703125000000002 0.7796875 0.6703125000000002 0.8171875 0.7015625000000002 0.8171875
3 0.7421875000000002 0.7625000000000001 0.7171875000000002 0.7625 0.7171875000000002 0.7984375000000001 0.7421875000000002 0.7984375000000001
3 0.7750000000000001 0.7578125000000002 0.7468750000000002 0.7578125000000002 0.7468750000000002 0.7890625000000002 0.7750000000000001 0.7890625000000002
3 0.7687500000000002 0.7843750000000002 0.7453125000000002 0.7843750000000002 0.7453125000000002 0.8125 0.7687500000000002 0.8125
3 0.7250000000000002 0.7953125 0.7015625000000002 0.7953125 0.7015625000000002 0.825 0.7250000000000002 0.825
3 0.6421875000000001 0.746875 0.6171875000000002 0.746875 0.6171875000000002 0.778125 0.6421875000000001 0.778125
3 0.7250000000000002 0.81875 0.6984375000000002 0.81875 0.6984375000000002 0.853125 0.7250000000000002 0.853125
3 0.6453125000000002 0.8671875 0.6156250000000002 0.8671875 0.6156250000000002 0.9078125 0.6453125000000002 0.9078125
3 0.6203125000000002 0.878125 0.5890625000000002 0.878125 0.5890625000000002 0.9171875 0.6203125000000002 0.9171875
4 0.3640363449606623 0.29422738978641455 0.33200105 0.2664603171875002 0.3245414356146551 0.27506658802415535 0.35657673057531736 0.3028336606230697
4 0.4082943809518861 0.3455708721407741 0.38437990156250007 0.30514005625000007 0.3775871334251044 0.3091579201006204 0.4015016128144905 0.3495887359913944
4 0.32813327275296267 0.2915726499130023 0.3074863453125 0.2668527078125001 0.2998726803720374 0.2732118969619978 0.3205196078125 0.29793183906250004
4 0.31392349375000006 0.31302217500000007 0.30673651606513924 0.2767190763228876 0.29614180625000003 0.2788165265625 0.30332878393486085 0.3151196252396124
4 0.32471078437499995 0.3209460781250001 0.3148441195882497 0.2813395784777028 0.3065325624999999 0.28341013125000003 0.31639922728675013 0.3230166308972972
4 0.33320973437500007 0.3282404296875 0.33125377933026356 0.2908019535185961 0.32082808125000006 0.29134663906249997 0.32278403629473656 0.32878511523140386
4 0.360222375281594 0.3121434999187739 0.33822069929568077 0.28737925350217547 0.3288088990140867 0.29574112233340166 0.35081057499999996 0.32050536875
4 0.34425525156250003 0.3039880953125001 0.323133753125 0.2800756296875001 0.31675500730988077 0.28570987384617835 0.3378765057473808 0.30962233947117834
4 0.7542859311718292 0.8239067251230339 0.734914915625 0.8176465921875 0.7116787659359971 0.8895472724940199 0.7310497814828263 0.8958074054295537
4 0.7426773287380858 0.8028290930219733 0.72645378125 0.7988440703125 0.7082817040744144 0.8728249679155269 0.7245052515625001 0.8768099906250001
0 0.46497846562499995 0.312803921875 0.46496270937500006 0.29815639531250004 0.42090752228778366 0.29820378519355456 0.42092327853778355 0.3128513117560545
0 0.42160381718749995 0.283982959375 0.4208627679989688 0.26806185972889746 0.3802407429989689 0.26995261597889747 0.3809817921875 0.285873715625
0 0.461435575 0.29318067187499997 0.43761312341342223 0.26104843225141305 0.4258295093509223 0.269784660376413 0.44965196093749993 0.3019169
0 0.4379721640625 0.2655728296875 0.4125838578125 0.22348295937499998 0.40290769046282343 0.22931955374262109 0.42829599671282353 0.27140942405512114
0 0.4181820734375001 0.26715709687500006 0.37188953125 0.24067390312500003 0.366152378140686 0.25070242932377346 0.412444920328186 0.2771856230737735
0 0.43016404062499997 0.25747665781250006 0.3843597869889078 0.24117157373023207 0.3788669651139079 0.25660201279273204 0.42467121875 0.27290709687500003
0 0.3867690828125 0.2087135859375 0.3827682078125 0.19124976718750003 0.3384606509883663 0.20140041058035796 0.3424615259883663 0.21886422933035793
0 0.40854710258433247 0.22138140568493875 0.38441929218749993 0.18570774999999998 0.3751837992097613 0.19195415842688388 0.3993116096065939 0.22762781411182265
0 0.3986534025954693 0.22163948445828466 0.390086834375 0.20547759062500007 0.3672614215076117 0.21757613913087903 0.37582798972808107 0.23373803296416362
0 0.38759472330009775 0.20900159415493827 0.37728799062499996 0.19858823593750002 0.3638960058603286 0.21184309609657034 0.3742027385354264 0.2222564543140086
0 0.42174120840775264 0.2525972789333678 0.37560539218749994 0.225195378125 0.368730364989805 0.23677066969036603 0.4148661812100577 0.26417257049873377
0 0.4150507376619821 0.24328125049928834 0.36864268281249996 0.21213001875 0.3601544797814014 0.22477545746045363 0.4065625346308835 0.25592668920974193
0 0.6701231769465561 0.768393468240655 0.6477769609374999 0.7457411296875 0.584923741803444 0.8077449536343447 0.6072699578125 0.8303972921874999