1 0.4062500000000001 0.21562500000000004 2.6406446606614805e-17 0.215625 5.989288252080025e-17 0.7625 0.40625000000000017 0.7625
2 0.951435099236231 0.7479256078630996 0.6881135703125001 0.4250843343749999 0.4862902226387691 0.5896990749494002 0.7496117515625 0.9125403484374999
2 1.039002036583606 0.5295736795630405 0.7205707666370076 0.36850836661528247 0.6215910269284016 0.5641944745522419 0.940022296875 0.7252597875
2 1.020413249198496 0.32759015390275503 0.7393903781250001 0.29393596406250005 0.7189771289265041 0.4643928945347452 1.0000000000000002 0.49804708437500017
3 0.10156250000000007 0.5328125 0.06406250000000006 0.5328125 0.06406250000000006 0.575 0.10156250000000008 0.575
3 0.09843750000000007 0.4734375 0.056250000000000064 0.4734375 0.056250000000000064 0.521875 0.09843750000000007 0.521875
3 0.30156250000000007 0.428125 0.2687500000000001 0.428125 0.2687500000000001 0.4578125 0.30156250000000007 0.4578125
3 0.31718750000000007 0.375 0.2828125000000001 0.375 0.2828125000000001 0.4109375 0.31718750000000007 0.4109375
3 0.9375 0.6687500000000002 0.90625 0.6687500000000002 0.90625 0.7078125000000002 0.9375 0.7078125000000002
3 0.9625 0.6093750000000002 0.9296875 0.6093750000000002 0.9296875 0.6500000000000001 0.9625 0.6500000000000001
0 0.9898860381247185 0.5412568430596371 0.9088988046875002 0.5022500515625002 0.8955123446877821 0.5300434772528635 0.9764995781250004 0.5690502687500003
0 0.8079444592895839 0.3968179431870674 0.7639855734374998 0.31981206093750003 0.7438768644502596 0.331291137823316 0.7878357503023435 0.4082970200728834
0 0.22802961489562118 0.5382722422370217 0.20973275624999999 0.4380579 0.18151580484688648 0.44320967328622335 0.19981266349250768 0.543424015523245
0 0.15105195907416044 0.3671261466830445 0.12167597303029964 0.35352015293571715 0.08023559208113924 0.4429919015651727 0.10961157812500004 0.45659789531249995
0 0.11104615370469247 0.500841963067596 0.07992927343750002 0.40759144843749995 0.05653393532002313 0.4153982679269128 0.08765081558721559 0.5086487825570087
4 0.290380272753639 0.32262300304947805 0.28194353749999995 0.30294110312499994 0.224350167871361 0.32762876101302185 0.23278690312499997 0.34731066093749996
4 0.29195899843750006 0.3735872968750001 0.27868303127931715 0.3712868622183437 0.2662913629897639 0.4428000350751312 0.2795673301479468 0.4451004697317876
4 0.12802464531250005 0.3708115875 0.11317099939252866 0.36449923101865717 0.08550372595502867 0.4296032669561571 0.10035737187500005 0.4359156234375
4 0.08253999284700196 0.4371726011846998 0.04002959687500006 0.42655978437500003 0.03453287015617708 0.44857731596505646 0.07704326612817898 0.45919013277475623
4 0.8563481790146055 0.668799372817267 0.7916289713025857 0.6641704324316028 0.7897184610379803 0.690882098676836 0.8544376687499999 0.6955110390625002
4 0.8182247908974464 0.6530000298042025 0.7705347999999999 0.606360325 0.7564583506351166 0.6207537639142868 0.8041483415325631 0.6673934687184893
4 0.8430799667916841 0.6702270142483112 0.8036933156250002 0.6172457421875002 0.789585022147249 0.6277339470219856 0.828971673313933 0.6807152190827966
4 0.9147894554740293 0.6359498161599686 0.9067856687500001 0.620830784375 0.8719296845110047 0.6392830151707845 0.8799334712350341 0.654402046955753
4 0.92145368125 0.5379371234375 0.91527344375 0.5182401953125 0.8634040634665647 0.5345150726484527 0.8695843009665648 0.5542120007734527
4 0.9161434157480857 0.5064592829103071 0.8599288687500002 0.4812519281250001 0.8516250686269144 0.49977010927719306 0.9078396156249999 0.5249774640625
4 0.886569656591693 0.5306215072491224 0.8557746515625 0.4696775390625 0.8454759728451762 0.47488146444397267 0.8762709778743691 0.5358254326305951
4 0.876288128471219 0.5328634371148904 0.8456455875 0.47415710624999996 0.8312136904887428 0.4816900245731981 0.8618562314599618 0.5403963554380885
4 0.7529120532943379 0.42086171388455484 0.7376690828880645 0.41762172140260045 0.7253882702187268 0.47539841845554565 0.7406312406250001 0.47863841093750004