1 0.4813725350138503 0.5048893556839398 0.1451343826309966 0.41274427601221986 0.02906181636714642 0.8362940234532801 0.36529996875000015 0.9284391031249999
2 1.0044321114979498 0.4515921963442934 0.6637301990891582 0.39282814729925297 0.6249703704037085 0.6175496900174597 0.9656722828125002 0.6763137390625003
2 0.9912923404786781 0.31648870722767874 0.6823051592961312 0.27051249948456685 0.6634725688174531 0.3970785938193882 0.9724597499999998 0.44305480156250016
2 0.9177822390625 0.306808346875 0.9004005720648364 0.19745790224127863 0.6406590525726493 0.23874479972398058 0.6580407195703128 0.34809524435770195
0 0.4205174724078146 0.5855747139051666 0.3886428046875 0.5157669609375001 0.3636466531406214 0.5271803640477881 0.395521320860936 0.5969881170154545
4 0.3429658824945986 0.5375911621311323 0.3391855115788851 0.5222887957015365 0.2859547228342866 0.5354391882579042 0.28973509375000006 0.5507415546875001
4 0.330204260871069 0.5344493338912368 0.32637492928098333 0.5176546935319866 0.2718764277849143 0.5300808502657498 0.27570575937499997 0.546875490625
4 0.35204812763143495 0.5547806569878639 0.3408660546875001 0.5406586578125001 0.30384514736856516 0.5699725305121361 0.3150272203125001 0.5840945296875001
0 0.42406092187500005 0.5955682015625 0.3823197044958424 0.54107323752952 0.36160255293334237 0.5569418437795199 0.4033437703125 0.6114368078125
0 0.256619985472849 0.6675710806918127 0.23420404374999998 0.6495776281250002 0.1709245785896511 0.7284101255581875 0.19334052031250012 0.746403578125
0 0.40099740949167195 0.6858006056010348 0.3201183875 0.6695920750000001 0.3136640245219283 0.7017987307478301 0.3945430465136003 0.7180072613488647
0 0.36465884733016585 0.8160275593002307 0.3583228761982028 0.7817438390433983 0.26584453199303687 0.7988347531806675 0.272180503125 0.8331184734375
0 0.3601639698629153 0.635630910697501 0.31752842445741913 0.5655023340285691 0.2952477418822753 0.5790481537032302 0.33788328728777156 0.649176730372162
0 0.9046007109374999 0.3625423843750001 0.9035901187500001 0.33550850468750004 0.8396976860535756 0.33789695925154195 0.8407082782410755 0.36493083893904193
0 0.8701604723040107 0.4718907893361223 0.7985189687500002 0.4452755828125001 0.7903875255624464 0.4671634015488805 0.8620290291164568 0.4937786080725027
0 0.8519191007330308 0.2844385306224478 0.7985542921875 0.25687337968750007 0.7892850716995166 0.2748181454489826 0.8426498802450473 0.3023832963839303
0 0.7492080570452523 0.2891088948576018 0.7376698188908957 0.278778155371649 0.7037231321581433 0.31669266832654736 0.7152613703124999 0.3270234078125001
0 0.8224173281249998 0.25607343281250006 0.8124879156249998 0.23609279375000009 0.7673572956502083 0.2585205319574074 0.7772867081502083 0.27850117101990735
0 0.7160625945699702 0.30592793173360683 0.7066232943071371 0.29186869152317807 0.672925804424667 0.3144930097895714 0.6823651046875 0.3285522500000001
3 0.8922089114448919 0.37172412507889707 0.8691806546773522 0.36308754323539805 0.8590675072949603 0.39005285878150114 0.8820957640625 0.39868944062500017
3 0.23437500000000008 0.625 0.2078125000000001 0.625 0.2078125000000001 0.6578125 0.23437500000000008 0.6578125
3 0.3062500000000001 0.571875 0.2796875000000001 0.571875 0.2796875000000001 0.6046875 0.3062500000000001 0.6046875
3 0.3890625000000001 0.596875 0.3625000000000001 0.596875 0.3625000000000001 0.6296875 0.3890625000000001 0.6296875
3 0.3703125000000001 0.6078125 0.3515625000000001 0.6078125 0.3515625000000001 0.640625 0.3703125000000001 0.640625
3 0.3734375000000001 0.646875 0.3437500000000001 0.646875 0.3437500000000001 0.68125 0.3734375000000001 0.68125
3 0.2093750000000001 0.6421875 0.1828125000000001 0.6421875 0.1828125000000001 0.675 0.2093750000000001 0.675
3 0.3359375000000001 0.65 0.30937500000000007 0.65 0.30937500000000007 0.6859375 0.3359375000000001 0.6859375
4 0.4046875 0.6203125 0.38750000000000007 0.6203125 0.38750000000000007 0.6921875 0.4046875 0.6921875
4 0.3158129025727254 0.653776034081773 0.2944262671875001 0.6521931968750001 0.28852455253757003 0.7319347008184304 0.3099111879227954 0.7335175380252034
4 0.9042982285652762 0.48139637805132585 0.8615921219312643 0.45859597504641886 0.8551905578125 0.4705863718750001 0.897896664446512 0.4933867748799071
4 0.8111498609375 0.3584355312500001 0.7645863307509636 0.35661758569461643 0.7638679760634636 0.3750169981946164 0.8104315062499999 0.37683494375000015
4 0.7668074133240288 0.3742576850180959 0.76331225 0.36127568281250005 0.7201409523009712 0.37289875404440426 0.723636115625 0.38588075625000007
4 0.8630522270301327 0.4788320541193311 0.80699463125 0.46947627812500003 0.8047524139663335 0.4829111134839449 0.8608100097464663 0.49226688947827596