1 0.4484375000000001 0.35468750000000004 0.03125000000000004 0.3546875 0.03125000000000007 0.846875 0.44843750000000016 0.846875
2 0.9691965843749999 0.6886401125 0.6975774823107075 0.4396476189395986 0.5249917838732076 0.6279166376895987 0.7966108859375 0.87690913125
2 1.0277189181345756 0.4979413879813991 0.71947524375 0.37811239843750016 0.6522618615529245 0.5510096245186012 0.9605055359374999 0.6708386140625001
2 1 0.3022410906250001 0.718629228125 0.3022410906250001 0.718629228125 0.4744134578125001 1 0.4744134578125002
0 0.37560356334399414 0.5246469261508878 0.35189569375000007 0.5119843953125 0.29672535228100594 0.6152790113491122 0.320433221875 0.6279415421875
0 0.28910774627789015 0.5845548842385181 0.2653760921875 0.5663446343749999 0.19657572872210988 0.6560054813864818 0.2203073828125 0.67421573125
0 0.361426653125 0.47420365781250007 0.28663701250000007 0.4416481453125001 0.277120450155157 0.4635105035769021 0.351910090780157 0.4960660160769022
0 0.3550706171875001 0.43945676718750004 0.2866858339323822 0.42171655777100814 0.2801427526823822 0.44693876245850817 0.3485275359375001 0.46467897187500007
0 0.9949651421875002 0.4877032625000002 0.9130290906182468 0.4607046269313765 0.9018713890557468 0.49456626443137647 0.9838074406250001 0.5215649000000002
0 0.924425178125 0.4164783999999999 0.924261075758575 0.3928330456366825 0.8497345451708267 0.3933502711281245 0.8498986475372516 0.41699562549144203
0 0.9745571955486035 0.3976625955342971 0.9335833499999999 0.33110784375 0.9106495263547053 0.3452268498718578 0.9516233719033089 0.41178160165615496
0 0.9683770404553581 0.3439471721371111 0.9680167281250001 0.3208979125 0.8955404732409923 0.3220308811377794 0.8959007855713503 0.3450801407748906
0 0.8897413265624999 0.37440749531250006 0.8133934831423847 0.3572397671846178 0.8081432822309444 0.38058831476906907 0.8844911256510597 0.39775604289695127
0 0.8552598664595186 0.336537081176494 0.8449083303129103 0.31535612767572047 0.7830786419783917 0.3455734761867265 0.7934301781249999 0.3667544296875001
0 0.809064228125 0.3308614765625001 0.74747212259971 0.32438788619902714 0.7445968828125 0.35174396875 0.8061889883377902 0.35821755911347297
4 0.29659664370849337 0.49842331400483786 0.27647258811700587 0.49313503513678525 0.2586579897210125 0.5609268398819472 0.2787820453125 0.56621511875
4 0.2882537515625001 0.4465886031250001 0.2765674458184049 0.44403534793860794 0.26292283680792555 0.5064870266838158 0.27460914255202074 0.509040281870208
4 0.2116444652227031 0.5313863084431681 0.189802884375 0.47828645468750014 0.17162040067522205 0.48576546187211694 0.19346198152292512 0.538865315627785
4 0.20510872147112336 0.4780989077699996 0.17666863125000004 0.42225060625 0.16086950660005397 0.4302961245241472 0.18930959682117726 0.4861444260441468
4 0.1899886609375001 0.46176344374999995 0.17737195275737178 0.45605369478242286 0.15003475744487177 0.5164601010324229 0.16265146562500007 0.52216985
4 0.17146959918956553 0.5838603433004679 0.1508426265223534 0.581461368991778 0.1421907984375001 0.6558519203125 0.16281777110471224 0.6582508946211899
4 0.8878441984375 0.5859919906250001 0.8667824328125 0.5198013203124999 0.8472381618526367 0.5260202761309666 0.8682999274776367 0.5922109464434667
4 0.8737932824690049 0.478284795908984 0.8315968609375 0.45223766406250004 0.8207596500583272 0.46979397395406775 0.862956071589832 0.4958411058005517
4 0.8708083078125 0.45198673125000016 0.8142302212918537 0.43687988128313116 0.8089442353543538 0.4566769250331312 0.8655223218750001 0.4717837750000002
4 0.8070908578125001 0.43357220468750013 0.7505324065693676 0.4331957336602465 0.7504345471943676 0.4478974617852464 0.8069929984375002 0.44827393281250005
0 0.7890645000000001 0.385948525 0.7424280408724944 0.33751896057520214 0.7293449125 0.35011768593750003 0.7759813716275057 0.39854725036229793
0 0.8846337031250002 0.5931970390625001 0.8591618855839703 0.5359239984846715 0.8441826069305073 0.5425859366131137 0.8696544244715371 0.5998589771909423
3 0.9546875 0.4984375000000002 0.9203125 0.4984375000000002 0.9203125 0.5328125000000001 0.9546875 0.5328125000000001
3 0.2406250000000001 0.50625 0.2093750000000001 0.50625 0.2093750000000001 0.54375 0.2406250000000001 0.54375
3 0.17187500000000006 0.5078125 0.13906250000000003 0.5078125 0.13906250000000006 0.5546875 0.17187500000000008 0.5546875
3 0.12968750000000007 0.5203125 0.09062500000000007 0.5203125 0.09062500000000007 0.5640625 0.1296875000000001 0.5640625
3 0.3078125000000001 0.5671875 0.2765625000000001 0.5671875 0.2765625000000001 0.6078125 0.3078125000000001 0.6078125
3 0.2468750000000001 0.46875 0.2078125000000001 0.46875 0.2078125000000001 0.5125 0.2468750000000001 0.5125
3 0.22031250000000008 0.471875 0.18906250000000005 0.471875 0.18906250000000005 0.5078125 0.22031250000000008 0.5078125