1 0.3671875000000001 0.4734375 0.015625000000000056 0.4734375 0.015625000000000083 0.8921875 0.3671875000000001 0.8921875
2 0.7566828562500001 0.10307636718750009 0.47890953281250004 0.01976919687500007 0.3388066556336808 0.4869179629551888 0.6165799790711808 0.5702251332676889
2 0.9508141581098677 0.28728749266378684 0.7583253515624999 0.09760532499999992 0.4570974021308635 0.4032904044091614 0.6495862086782312 0.5929725720729484
2 1.0763647840758948 0.43818028909605705 0.9428239234375001 0.2997958406250002 0.6516811642345105 0.5807483252586749 0.7852220248729052 0.7191327737297317
3 0.7859375 0.1468750000000001 0.7453125 0.1468750000000001 0.7453125 0.18906250000000008 0.7859375 0.18906250000000008
3 0.3046875000000001 0.684375 0.2750000000000001 0.684375 0.2750000000000001 0.7171875 0.3046875000000001 0.7171875
3 0.1703125000000001 0.6046875 0.1359375000000001 0.6046875 0.1359375000000001 0.64375 0.1703125000000001 0.64375
3 0.1625000000000001 0.6765625 0.1359375000000001 0.6765625 0.1359375000000001 0.7078125 0.1625000000000001 0.7078125
3 0.11250000000000009 0.6796875 0.07812500000000008 0.6796875 0.07812500000000008 0.715625 0.11250000000000009 0.715625
3 0.8359375 0.1828125000000001 0.8015625 0.1828125000000001 0.8015625 0.22656250000000008 0.8359375 0.22656250000000008
4 0.7816232795706782 0.23874143768686004 0.7798356446950792 0.20367522564718202 0.7104281463744009 0.20721353952282198 0.71221578125 0.2422797515625
4 0.6435096323983245 0.14561773289063282 0.5896785553529762 0.06444880010925433 0.5607004135796518 0.08366704690612141 0.6145314906250002 0.1648359796874999
4 0.6010702161093002 0.15604324240051173 0.5666691749999999 0.059557809375000034 0.5499262604531996 0.06552734978698833 0.5843273015625 0.16201278281250003
4 0.5608059078125 0.1549564140625 0.5518135828124999 0.058974059374999985 0.5324779069491611 0.06078556610479313 0.5414702319491611 0.15676792079229313
4 0.6824609312639422 0.22707136975491013 0.6672101680591107 0.22170755917238094 0.6406649211701685 0.29718287066747084 0.655915684375 0.30254668125000006
4 0.6894481288812554 0.5172978449484931 0.6477681921874999 0.462205921875 0.6340619390752366 0.4725754230678634 0.6757418757689921 0.5276673461413566
4 0.8328985828125001 0.3198240718750001 0.7722156919503228 0.31655957635146226 0.7706665596301514 0.3453560096252193 0.8313494504923286 0.34862050514875714
4 0.7943145109375 0.3410484859375001 0.7811954371430325 0.33910959421182174 0.7693629496430325 0.41917145358682173 0.7824820234375001 0.42111034531250013
4 0.7825066431347683 0.34891770199661 0.7622755519441664 0.3443558898124384 0.7444759384968982 0.42329504562832865 0.7647070296875 0.4278568578125002
4 0.312372427165973 0.7556944910118685 0.2516921437500001 0.7467098890625 0.24838300408402708 0.7690591855506316 0.3090632875 0.7780437875
4 0.27454404199987603 0.7057186293616899 0.22392856875000003 0.6836343468750001 0.21334073300012407 0.7079008503258103 0.26395620625000005 0.7299851328125001
4 0.18117699290478737 0.6433049577250476 0.12168317499999995 0.602980284375 0.10935639303271247 0.6211668500874523 0.1688502109374999 0.6614915234375
0 0.9089625897993553 0.2860316226608453 0.886940659375 0.26244574218750005 0.809268086831797 0.33496794420409043 0.8312900172561524 0.3585538246774357
0 0.7607528093750002 0.5206682671875 0.7380586623521739 0.514375225289489 0.7144586654771738 0.599482206539489 0.7371528125000002 0.6057752484375001
0 0.5707914579851696 0.17310531596635095 0.5148022818119904 0.06070115372305873 0.4757940425768209 0.08013138775670783 0.53178321875 0.19253555000000006
4 0.8423091949381136 0.354383482454234 0.8226252781249999 0.33730543281250003 0.7672279222493863 0.40115563629576617 0.7869118390625001 0.41823368593750015
0 0.22360083281250015 0.6227764953125001 0.19499868377819787 0.6217941091525089 0.19213887752819786 0.705057298215009 0.22074102656250014 0.7060396843750001
0 0.17441804531250008 0.6601781625 0.11166622469170155 0.5970535048293323 0.09312583406670152 0.6154843892043325 0.15587765468750003 0.6786090468750001