1 1 0.2609375000000001 0.6390625 0.2609375000000001 0.6390625 0.6734375000000001 1 0.6734375000000001
3 0.8234375 0.4359375000000002 0.7921875 0.4359375000000002 0.7921875 0.47187500000000016 0.8234375 0.47187500000000016
3 0.846875 0.3609375000000001 0.815625 0.3609375000000001 0.815625 0.3968750000000001 0.846875 0.3968750000000001
3 0.8328125 0.3359375000000001 0.8015625 0.3359375000000001 0.8015625 0.3671875000000001 0.8328125 0.3671875000000001
3 0.846875 0.3265625000000001 0.8234375 0.3265625000000001 0.8234375 0.35625000000000007 0.846875 0.35625000000000007
3 0.8984375 0.3437500000000001 0.86875 0.3437500000000001 0.86875 0.3734375000000001 0.8984375 0.3734375000000001
3 0.9375 0.3343750000000001 0.909375 0.3343750000000001 0.909375 0.3687500000000001 0.9375 0.3687500000000001
3 0.946875 0.4125000000000002 0.9140625 0.4125000000000002 0.9140625 0.4468750000000002 0.946875 0.4468750000000002
3 0.1703125000000001 0.6875 0.1390625000000001 0.6875 0.1390625000000001 0.7234375 0.1703125000000001 0.7234375
3 0.3031250000000001 0.690625 0.2765625000000001 0.690625 0.2765625000000001 0.7234375 0.3031250000000001 0.7234375
2 0.6144908586305333 0.5412347434708267 0.3361383393680749 0.46088601572463217 0.20394240417504178 0.9188530878788057 0.48229492343750013 0.9992018156250001
2 0.36085666495076596 0.42608958306771816 0.23224950588490012 0.27926830427807225 -0.08442199812836582 0.5566546805853541 0.0441851609375 0.7034759593750001
2 0.5088690550451418 0.5817105399731177 0.32025260595693816 0.408167394821198 0.02773563684929652 0.7260912860980803 0.2163520859375001 0.89963443125
0 0.7573342625211819 0.327121491536941 0.7386366355257227 0.30968030531520696 0.6917784292545408 0.35991411690326613 0.71047605625 0.37735530312500015
0 0.7691723928809131 0.34070853263237344 0.7527878000000001 0.32198138593749986 0.6999892477440872 0.3681754376801264 0.7163738406250001 0.3869025843749999
0 0.8981294280266843 0.4793183846758849 0.8246739578125002 0.42564698750000013 0.8101550374092094 0.4455177973045422 0.8836105076233934 0.4991891944804269
0 0.8075705078138371 0.4827338772782624 0.7384280328124999 0.4246745890625001 0.7214297756556225 0.444917716504366 0.7905722506569598 0.5029770047201283
0 0.17703168917535872 0.6544142097451999 0.1524493812445383 0.6330319151936606 0.08169246238167963 0.7143781132609608 0.10627477031250003 0.7357604078125
0 0.2797131598757508 0.6796779509400994 0.25372710579804947 0.6796637867040515 0.2536644287347988 0.7946526607639521 0.27965048281250005 0.7946668250000001
0 0.2077784685306449 0.5669287021928757 0.19782878898145773 0.5384257683075707 0.11364316250000002 0.56781291875 0.12359284204918719 0.596315852635305
0 0.22903212562213077 0.48868603959350726 0.2018060625269103 0.4611552978209832 0.13716134002977948 0.525084606664976 0.16438740312499994 0.5526153484375002
0 0.09445285429237944 0.5176193078930693 0.06652971093750004 0.5072606015625001 0.0323474557733914 0.5994029966339529 0.0602705991282708 0.6097617029645221
0 0.10965922610902523 0.5091978124757968 0.10180994293491438 0.4827381693393332 0.020974004687499992 0.5067182421875 0.028823287861610834 0.5331778853239635
0 0.24915863141731634 0.46859241926966133 0.24728617500000002 0.44730486562499994 0.1659937146679844 0.454455362651054 0.16786617108530072 0.47574291629571536
0 0.2915782008978088 0.43384076334669486 0.284637225 0.4103695078125 0.21090851940882277 0.43217273720257 0.2178494953066315 0.45564399273676487
0 0.31434596892362265 0.4289301295031345 0.2949343296875001 0.41774194062500003 0.25384340027708124 0.4890351862325085 0.2732550395132038 0.5002233751106429
4 0.20700870029295806 0.567842455199892 0.19157653741706065 0.5439060911111968 0.12031205743660264 0.5898514593488049 0.13574422031250005 0.6137878234375
4 0.8480477979689549 0.2740362275999514 0.8309397562499999 0.2688075203125001 0.813376399414642 0.3262738547132277 0.8304844411335971 0.33150256200067896
4 0.7951673089943252 0.37991326248620066 0.766906065625 0.32772958750000003 0.7534457094904871 0.3350193462350039 0.7817069528598122 0.3872030212212046
4 0.8227015218750001 0.417886003125 0.7771851042684867 0.37527672073186297 0.7665696302822153 0.3866164645602649 0.8120860478887286 0.429225746953402
4 0.943419421875 0.4537106859375001 0.9009914052200656 0.4000263235814726 0.8865510918688738 0.4114388435123916 0.9289791085238079 0.4651232058684191
4 0.8558569610490938 0.32880255699292155 0.8412784625000003 0.3267384656250001 0.8342836764509066 0.37614203363207865 0.8488621750000002 0.3782061250000001
4 0.8826504371381911 0.34330750777975066 0.8420996937499998 0.30460460781249993 0.8294979786709609 0.3178079831371813 0.8700487220591524 0.356510883104432
4 0.3354091828096586 0.5300778727352717 0.3213030524668944 0.510567872997304 0.2660948680947358 0.5504845236995323 0.28020099843750007 0.5699945234375001
4 0.2650458812500001 0.570417128125 0.25278360829746377 0.5573056685411361 0.20278551454746369 0.6040655482286361 0.21504778750000003 0.6171770078125001
4 0.264274279114524 0.5916967978457217 0.24985669687500006 0.5766692718750001 0.20181748494797608 0.6227586474667786 0.21623506718750005 0.6377861734375001
4 0.3956881468749999 0.5074462765625001 0.3495470428486619 0.48378123148825364 0.342365002223662 0.4977844705507536 0.38850610625000004 0.5214495156249999
4 0.27323467320976497 0.7473304174115614 0.26604198437500004 0.6651176124999999 0.24515712527426814 0.6669448010143812 0.2523498141090331 0.7491576059259427
4 0.36729809843750005 0.5597150015625001 0.35546656554297373 0.556779668045275 0.34093739839852477 0.6153427982622903 0.35276893129305104 0.6182781317795153
4 0.32012561718750004 0.7038899234375 0.3197262566442109 0.6331557784512947 0.3047926753942109 0.6332400925137948 0.30519203593750005 0.7039742375