1 0.95 0.4234375000000001 0.559375 0.4234375 0.5593750000000001 0.9375 0.95 0.9375
3 0.7453125 0.6359375 0.7171875 0.6359375 0.7171875 0.6718750000000001 0.7453125 0.6718750000000002
3 0.79375 0.5953125000000001 0.765625 0.5953125000000001 0.765625 0.6296875000000002 0.79375 0.6296875000000002
3 0.740625 0.6640625000000001 0.715625 0.6640625 0.715625 0.6984375 0.740625 0.6984375000000002
3 0.88125 0.6562500000000002 0.853125 0.6562500000000002 0.853125 0.6968750000000001 0.88125 0.6968750000000001
3 0.8359375 0.7187500000000002 0.80625 0.7187500000000002 0.80625 0.7593750000000001 0.8359375 0.7593750000000001
3 0.10468750000000004 0.4859375 0.07812500000000007 0.4859375 0.07812500000000007 0.515625 0.10468750000000004 0.515625
3 0.2000000000000001 0.5 0.17343750000000005 0.5 0.17343750000000005 0.528125 0.2000000000000001 0.528125
3 0.11718750000000004 0.3390625 0.09687500000000004 0.3390625 0.09687500000000004 0.3671875 0.11718750000000004 0.3671875
3 0.16875000000000004 0.390625 0.15000000000000005 0.390625 0.15000000000000005 0.4125 0.16875000000000004 0.4125
2 0.37787870703399734 0.532836376478789 0.29871267916304217 0.3300202802526758 -0.019426182558455206 0.4542007100238868 0.059739845312499984 0.6570168062499999
2 0.3305828841214188 0.36598388842173796 0.2962927466985208 0.21681878276348704 -0.01712277023539801 0.28886687402924915 0.017167367187500015 0.43803197968749996
2 0.3437134109375 0.23118370625000004 0.11732966866621679 0.13905524222842408 0.06387044843750003 0.27041853437499996 0.2902541907087833 0.36254699839657595
0 0.7758282562499998 0.5757280578125001 0.7286582640624999 0.48806956093750015 0.7086041306961322 0.4988609085870904 0.7557741228836321 0.5865194054620904
0 0.8126681582650672 0.5545888580925727 0.7480304624999998 0.4854743234375002 0.7329310334844765 0.49959569897453404 0.797568729249544 0.5687102336296066
0 0.8398177620801187 0.5974748247188437 0.8181395711613927 0.5849108721727199 0.7786917325187741 0.6529752630788761 0.8003699234375 0.6655392156250001
0 0.7440211362460055 0.750571708516151 0.71682650625 0.6440389828125 0.6886422248862045 0.6512335898999395 0.71583685488221 0.7577663156035904
0 0.18466736718750007 0.5279850609375001 0.11851214359776525 0.49774989464300523 0.10808059516026525 0.5205743571430053 0.17423581875000008 0.5508095234375001
0 0.14468551136044075 0.32081800330510835 0.07701155468750004 0.3050259109375001 0.07307191538594666 0.32190847299414005 0.14074587205888736 0.3377005653617483
0 0.18777202672353188 0.21845091498578267 0.1747755609375 0.1979817921875 0.11681548380405968 0.23478239995383396 0.12981194959009157 0.25525152275211666
0 0.20611887187499994 0.20838398749999998 0.15537475534534048 0.18008480512607355 0.14765248593750002 0.19393183906250006 0.19839660246715948 0.22223102143642648
0 0.2538243791693879 0.26008941343535075 0.19375728535081685 0.2502287389761621 0.191194853125 0.26583800156250004 0.25126194694357107 0.2756986760216886
0 0.21569887968749998 0.28436554687500004 0.15907443196140775 0.25188915862752376 0.15039758437499992 0.26701774062500006 0.20702203210109213 0.2994941288724763
0 0.19968623546128605 0.29219536049288825 0.15265808750000004 0.26811204531250005 0.14629094584474692 0.2805453368926208 0.1933190938060329 0.30462865207300893
0 0.281685925 0.25843837500000005 0.24819892615949005 0.22848866666739273 0.23492056365949013 0.24333530572989273 0.2684075625000001 0.27328501406250005
4 0.14748669531250005 0.4680971062500001 0.13946165937500005 0.45050466875 0.09448173691124576 0.4710228882541245 0.10250677284874576 0.48861532575412464
4 0.15628799062500004 0.5390802984375 0.11193136081682789 0.5110835223143699 0.09921917487932785 0.53122404575187 0.14357580468750003 0.5592208218749999
4 0.2289576125722621 0.3347097069409867 0.22599602337721328 0.31740277366547087 0.17687262017995117 0.3258088464119842 0.179834209375 0.34311577968750007
4 0.27786680891681514 0.3384528726019741 0.23216474062500003 0.32446451875000004 0.22856395142184177 0.33622884182965573 0.27426601971365694 0.3502171956816298
0 0.3264737390625 0.2836405234375 0.3228299456268554 0.27097732895534266 0.27162584708223736 0.2857111434298711 0.27526964051788194 0.2983743379120284
4 0.7736151871039534 0.6145126124072341 0.719369090809199 0.5637629609723753 0.7056664621582817 0.5784096450829652 0.7599125584530361 0.6291592965178241
4 0.8204989670803273 0.630492353715401 0.8048878409112745 0.6093683096917119 0.7592083769559472 0.6431264231638109 0.774819503125 0.6642504671875
4 0.8529480046875 0.6201942109375002 0.834141068352152 0.6094887095222133 0.805102552727152 0.6605022485847134 0.8239094890625 0.6712077500000002
4 0.8490485907194886 0.6174027484093496 0.8324033609375 0.6009913625000001 0.7909244483430113 0.6430613031531502 0.807569678125 0.6594726890624999
4 0.8248180059269442 0.6913085388073066 0.806962960824484 0.6853928922152427 0.7839459002100397 0.7548646987204363 0.8018009453125 0.7607803453125002
4 0.8683786765624999 0.7116690015625002 0.8491232551925553 0.6977538520580044 0.8092505317550553 0.7529286879955045 0.8285059531250001 0.7668438375000001