1 0.9625 0.3203125000000001 0.5578125 0.3203125000000001 0.5578125 0.7156250000000001 0.9625 0.7156250000000002
2 0.46737610559105425 0.44605239024844145 0.21814017656249995 0.1690045109375 0.026913899864253764 0.3410341934822548 0.2761498288928081 0.6180820727931963
2 0.31255290552656845 0.6087602353316969 0.04786531406250001 0.37643188593750004 -0.05744901717997961 0.4964146463535533 0.20723857428408884 0.7287429957477501
2 0.2973561521095718 0.6562664001096449 0.004890379687500124 0.5643792734375 -0.03671728928739879 0.696811524680313 0.25574848313467285 0.7886986513524579
0 0.6915251191226702 0.6135422002330856 0.6811468921875 0.5282250125 0.6639298183773297 0.5303193466419145 0.6743080453125 0.615636534375
0 0.6765155173994917 0.6346940881852225 0.6681337546874999 0.55427545 0.6514100763505082 0.5560185024397775 0.6597918390624999 0.6364371406250001
0 0.8297828418163675 0.5944106626498137 0.8155211609375002 0.5094463234375001 0.7898209331836328 0.5137602326626863 0.8040826140625 0.598724571875
0 0.8579178068422948 0.597616325475084 0.8407748413509868 0.5821931363168222 0.7865982813836921 0.6424107014667383 0.803741246875 0.6578338906250002
0 0.7912194040246343 0.5016974538066385 0.7701035255952486 0.4964554735553522 0.7482829700081142 0.5843535916237137 0.7693988484374998 0.5895955718750001
0 0.23591279783174057 0.36709502689409895 0.20300466562500005 0.2613651203125 0.18193296779325943 0.26792362623090105 0.21484109999999998 0.3736535328125
0 0.2053633325991528 0.32271690196634184 0.12705396250000006 0.314486253125 0.12387792109323839 0.34470425984192676 0.20218729119239112 0.3529349086832686
0 0.23309241003211043 0.4284964955352817 0.184912453125 0.3413270421875 0.16205857121788955 0.3539587497772183 0.21023852812500002 0.441128203125
0 0.20764785336745772 0.44390609987942486 0.17323210115149917 0.3479962483880214 0.15701123840904144 0.35381685163359666 0.19142699062500002 0.44972670312500007
0 0.18715881874999998 0.43439380937500005 0.12727024062499998 0.3646454515625 0.10681509791405934 0.3822090107733901 0.16670367603905933 0.45195736858589014
0 0.10799478236837365 0.539490591814155 0.026940235937500057 0.5092098515625001 0.018096784485678218 0.5328817281531555 0.09915133091655182 0.5631624684048104
4 0.2719954856087813 0.4252887784781999 0.2571642125 0.4184855625 0.23193628939121874 0.4734834074593003 0.2467675625 0.4802866234375001
4 0.2869738941223256 0.41087466193800826 0.23660272187500003 0.35429816875 0.22755227775267445 0.36235595837449164 0.27792345 0.4189324515625
4 0.27484135488542016 0.3814449530467158 0.225232790625 0.3171017671875 0.21301431230207984 0.32652220789078423 0.2626228765625 0.39086539375
4 0.2420492 0.580854378125 0.21745568346969874 0.5213137977479024 0.20212860312500003 0.5276447203125001 0.22672211965530126 0.5871853006895976
4 0.227624971875 0.5789045812500001 0.19812890937500002 0.525489340625 0.18741204988718158 0.5314072238650216 0.21690811238718158 0.5848224644900217
4 0.19875293795539234 0.5652433505596723 0.16936296718750005 0.519863425 0.15409334954460768 0.5297526791278278 0.18348332031249998 0.5751326046875
4 0.17893676406250006 0.575088490625 0.15164313438754506 0.5217377442673415 0.13836044218750002 0.5285330171875 0.165654071862455 0.5818837635451585
4 0.16837107591332984 0.5652027468994643 0.11334195312500006 0.5421692781249999 0.1068323631606467 0.5577213006604511 0.16186148594897648 0.5807547694349154
4 0.7668984457187916 0.6700421440573281 0.7210707156249999 0.640310290625 0.7095954636562081 0.6579978778176719 0.7554231937499998 0.6877297312499999
4 0.8365186147456128 0.6029178571425641 0.8305939315190927 0.5881524762472177 0.7739018511484798 0.6109004581671537 0.7798265343749999 0.6256658390625001
4 0.6605031638041083 0.6141217992722507 0.6591193403990667 0.5535527119162396 0.6431844515949583 0.5539167767064889 0.6445682749999999 0.6144858640625
3 0.07968750000000005 0.415625 0.046875000000000056 0.415625 0.046875000000000056 0.4578125 0.07968750000000006 0.4578125
3 0.2015625000000001 0.496875 0.16875000000000004 0.496875 0.16875000000000004 0.540625 0.2015625000000001 0.540625
3 0.8578125 0.4312500000000002 0.81875 0.4312500000000002 0.81875 0.4828125000000002 0.8578125 0.4828125000000002
3 0.884375 0.4578125000000002 0.85 0.4578125000000002 0.85 0.5000000000000002 0.884375 0.5000000000000002
3 0.809375 0.5781250000000002 0.7796875 0.5781250000000002 0.7796875 0.6093750000000002 0.809375 0.6093750000000002
3 0.7546875 0.5062500000000002 0.7296875 0.5062500000000002 0.7296875 0.5359375000000002 0.7546875 0.5359375000000002
3 0.765625 0.5312500000000002 0.740625 0.5312500000000002 0.740625 0.5609375000000002 0.765625 0.5609375000000002