1 0.896875 0.3937500000000001 0.53125 0.3937500000000001 0.5312500000000001 0.8625 0.896875 0.8625
3 0.715625 0.68125 0.6921875 0.68125 0.6921875 0.7171875 0.715625 0.7171875
3 0.7421875 0.6734375000000001 0.7140625 0.6734375 0.7140625 0.7109375000000001 0.7421875 0.7109375000000002
3 0.7375 0.5828125000000001 0.71875 0.5828125 0.71875 0.6093750000000001 0.7375 0.6093750000000002
3 0.75625 0.5843750000000002 0.7375 0.5843750000000002 0.7375 0.6156250000000002 0.75625 0.6156250000000002
3 0.759375 0.5546875000000002 0.7390625 0.5546875000000002 0.7390625 0.5828125000000002 0.759375 0.5828125000000002
3 0.7421875 0.5375000000000001 0.7234375 0.5375 0.7234375 0.5625000000000001 0.7421875 0.5625000000000002
3 0.746875 0.5000000000000001 0.7234375 0.5 0.7234375 0.5296875000000001 0.746875 0.5296875000000002
3 0.76875 0.4984375000000002 0.7484375 0.4984375000000002 0.7484375 0.5265625000000002 0.76875 0.5265625000000002
3 0.7625 0.4750000000000002 0.740625 0.4750000000000002 0.740625 0.5031250000000002 0.7625 0.5031250000000002
0 0.6645291711856177 0.43522849952929266 0.6492192265550402 0.4196286436385953 0.5946837944319224 0.47315057692180285 0.6099937390625 0.4887504328125002
0 0.6287510284781319 0.6270449523525015 0.59852288125 0.535982096875 0.5704133940511991 0.545312989400796 0.600641541279331 0.6363758448782972
0 0.6701417779236657 0.5689135212675247 0.64680695 0.5552581390625001 0.6019153779445603 0.6319705366657742 0.6252502058682259 0.6456259188707987
0 0.7327100606618293 0.5226259954173608 0.687290653125 0.458062009375 0.6702950674631707 0.47001804677013936 0.715714475 0.5345820328125
0 0.7628892048200365 0.6540867325448606 0.7110098999999999 0.5719742234375 0.6837756745719645 0.5891810132174994 0.7356549793920011 0.67129352232486
0 0.7437255519841509 0.5781062376516036 0.6984101390624999 0.5073640171874999 0.680183077703349 0.5190397435983963 0.7254984906249999 0.5897819640625002
2 0.31228413968679386 0.2657005398045936 0.11330961453252293 0.18493626752400272 0.05733439687500004 0.322839353125 0.256308922029271 0.4036036254055909
0 0.16504286568838172 0.25919119050618034 0.15180821718749998 0.23802754687500002 0.1004335593116183 0.2701546016813198 0.11366820781250002 0.29131824531250006
0 0.19562326909702007 0.3123130766909951 0.13885270937500008 0.29010402187500006 0.13193201221030876 0.30779463748026936 0.18870257193232876 0.3300036922962645
0 0.23280652363722648 0.3015844002557885 0.23248785532112612 0.2833278441030882 0.17202420199639962 0.2843832375972997 0.17234287031249998 0.30263979375
0 0.18184004413230412 0.23937973585708786 0.13405441406250004 0.22097158593750005 0.12682680616167188 0.23973369940068184 0.17461243623147596 0.2581418493202697
4 0.7836658097702756 0.6052649714157001 0.7693886640624998 0.5379553265625001 0.7569406959048385 0.5405956830157288 0.7712178416126142 0.6079053278689288
4 0.15145502031250005 0.4116374171875001 0.11761262968750004 0.38149049687500003 0.10815028605260057 0.39211275368268705 0.14199267667760057 0.42225967399518705
4 0.1832008777264874 0.36826499832296 0.18312941520041306 0.3464688825587517 0.13849396716142565 0.34661522798579164 0.1385654296875 0.36841134374999995
4 0.19217894005836414 0.37328752066394366 0.15411383281250007 0.36764850625000006 0.152384269316636 0.3793235996485565 0.19044937656250008 0.3849626140625001
4 0.17938118404460288 0.41495784168245464 0.155210846875 0.37758138906250005 0.14389693767060002 0.38489778698172433 0.16806727484020292 0.4222742396016789
4 0.16496765653911521 0.41146631125977373 0.131687390625 0.37971284218749995 0.12303756297370165 0.3887785780820966 0.15631782888781684 0.4205320471543704
4 0.14962980781250007 0.3768686921875 0.11284577722993627 0.3688875821965892 0.10958157879243628 0.3839319025090892 0.14636560937500007 0.39191301250000005
4 0.17237055781250002 0.37521735781250004 0.13713640821841627 0.36366866875857584 0.1317659097809163 0.3800536406335759 0.167000059375 0.39160232968750003
4 0.25747230302091345 0.368673546144661 0.21413210781249994 0.34627355781249997 0.20716557545161032 0.35975262163920674 0.2505057706600238 0.3821526099713678
4 0.771010434375 0.5907112015625 0.755308953125 0.528234353125 0.7417642574054095 0.5316383626292703 0.7574657386554094 0.5941152110667702
2 0.37287921845657385 0.5548399244954989 0.27533324072788845 0.35408559210615087 -0.012851001166185405 0.49411352229815203 0.08469497656250002 0.6948678546875001
2 0.31855127331947364 0.37606125659374123 0.27323965830439667 0.24509913225895627 -0.024851515015077052 0.34823576472771495 0.02046009999999998 0.4791978890625