1 0.6359375 0.018750000000000044 0.0921875 0.01875000000000001 0.09218750000000003 0.484375 0.6359375 0.484375
2 0.5601345204115816 0.7060180577076807 0.3831849138144072 0.616998421070483 0.24025177812500004 0.9011150843750002 0.4172013847221744 0.990134721012198
2 0.6013078140625001 0.7180331828125002 0.46933438307178044 0.7069300278462578 0.44741146875000004 0.9675084156249998 0.5793848997407197 0.978611570591242
2 0.7106687485463807 0.9248896946659888 0.6710015060016361 0.7109079264485543 0.5349303840177554 0.7361323474075653 0.5745976265625 0.950114115625
0 0.6711139796875001 0.86473748125 0.6524546346423111 0.8495334065770814 0.6135428421875001 0.8972882734375002 0.6322021872326891 0.9124923481104188
0 0.683887071875 0.8851235828125 0.6675956588234478 0.8330434383276881 0.6517668280965727 0.8379949226610279 0.6680582411481251 0.8900750671458401
0 0.635080803125 0.8428826046875002 0.6342179314109454 0.7774894637467368 0.6084970027651765 0.7778288550264392 0.6093598744792311 0.8432219959672027
0 0.6620578765625 0.7967478859374999 0.6381455875000002 0.7533392718749999 0.6217575456877625 0.7623668716140364 0.6456698347502625 0.8057754856765363
0 0.5680706453125002 0.8766935484375002 0.5449653657162361 0.8727549713302019 0.5328389109375002 0.9438936390625002 0.5559441905337643 0.9478322161697987
0 0.3881290440090361 0.8757671846518302 0.3835252671875001 0.8049609890625 0.36284621995056654 0.8063055284431073 0.3674499967721026 0.8771117240324375
0 0.329119071875 0.29727535625 0.328236369407805 0.21165942279890376 0.2956503258423787 0.21199538574285456 0.2965330283095737 0.2976113191939508
0 0.4679495353995984 0.38579088994968386 0.46518361298806177 0.36865136773929563 0.3859443515625 0.3814387515625 0.3887102739740366 0.39857827377288824
0 0.49699599375000003 0.3950243 0.4940924464632614 0.37150070834709736 0.4152429884237647 0.38123319874777745 0.41814653571050336 0.4047567904006801
0 0.4413070740753704 0.31558817572361214 0.434662225 0.23135901875 0.4070785832766052 0.2335350958091408 0.4137234323519756 0.31776425278275294
4 0.4943800515625 0.2913347546875 0.4459346302573559 0.24731497452086612 0.43530547836023226 0.25901275537809176 0.4837508996653764 0.3030325355447256
4 0.50305420625 0.262213540625 0.4594667407363957 0.21298002863442117 0.4466972963128838 0.22428508683429565 0.49028476182648806 0.27351859882487445
4 0.5165254609375001 0.28154910625 0.5005729131638447 0.27562100889873364 0.48063320677481614 0.329278885940123 0.4965857545484715 0.33520698329138937
4 0.39886360468749993 0.3852439921874999 0.3508542744252485 0.3353058137997805 0.3382887921874999 0.3473859578125 0.38629812244975137 0.3973241362002194
4 0.39019054843750006 0.3062704640625001 0.3263499484375001 0.2745799625000001 0.31955723677392156 0.28826389828039806 0.3833978367739216 0.319954399842898
4 0.34810141524451316 0.19454814746478105 0.32926959638749065 0.1910800591917909 0.3178457264554775 0.2531120007895099 0.33667754531250005 0.2565800890625
4 0.3799976662800366 0.8789950475671 0.36375779999999996 0.8271885703124999 0.34612364980617477 0.8327163779590693 0.3623635160862114 0.8845228552136695
4 0.4446957406250001 0.8597914796875001 0.4298195071589432 0.8454269798148755 0.39324714778394315 0.8833022251273756 0.4081233812500001 0.8976667250000002
4 0.57516664375 0.7936021375000001 0.5592140910764217 0.7888876295895171 0.5441506942014217 0.839857876464517 0.560103246875 0.844572384375
4 0.57433605 0.7950972171874998 0.5708442880609981 0.7428188785953979 0.5607357585460016 0.7434940450136566 0.5642275204850034 0.7957723836057584
3 0.3625 0.2296875 0.3296875 0.2296875 0.3296875 0.2640625 0.3625 0.2640625
3 0.4265625 0.14375000000000004 0.38125 0.14375000000000004 0.38125 0.18125000000000005 0.4265625 0.18125000000000005
3 0.3828125 0.29531250000000003 0.34375 0.2953125 0.34375 0.3375 0.3828125 0.3375000000000001
3 0.35625 0.2859375 0.3125 0.2859375 0.3125 0.325 0.35625 0.325
3 0.4156250000000002 0.878125 0.3671875000000001 0.878125 0.3671875000000001 0.921875 0.4156250000000002 0.921875
3 0.4125000000000002 0.7875 0.3781250000000001 0.7875 0.3781250000000001 0.815625 0.4125000000000002 0.815625
3 0.5468750000000002 0.8890625 0.5093750000000001 0.8890625 0.5093750000000001 0.9203125 0.5468750000000002 0.9203125