1 0.31562500000000004 0.17968750000000003 0.018750000000000024 0.1796875 0.018750000000000044 0.5578125 0.3156250000000001 0.5578125
2 0.8156152015625 0.8518827984375001 0.6041590561977911 0.4124023272813746 0.34283769526029106 0.5381371694688747 0.5542938406250001 0.9776176406250002
2 0.978539454056282 0.6395707898657826 0.6332004390867093 0.3847716370491299 0.4727543178429275 0.6022303878083474 0.8180933328125002 0.857029540625
2 1.0295734811874435 0.4210916356611172 0.6694244639743494 0.3153564050618451 0.608541839036906 0.5227311600257281 0.9686908562500001 0.6284663906250001
3 0.83125 0.7671875000000001 0.7968750000000002 0.7671875000000001 0.7968750000000002 0.80625 0.83125 0.80625
3 0.2734375 0.3203125 0.2484375 0.3203125 0.2484375 0.35 0.2734375 0.35
3 0.15156250000000004 0.415625 0.12343750000000005 0.415625 0.12343750000000005 0.45 0.15156250000000004 0.45
3 0.13437500000000005 0.3515625 0.11250000000000004 0.3515625 0.11250000000000004 0.3796875 0.13437500000000005 0.3796875
3 0.08437500000000005 0.353125 0.05468750000000004 0.353125 0.05468750000000004 0.384375 0.08437500000000005 0.384375
3 0.875 0.7218750000000002 0.846875 0.7218750000000002 0.846875 0.7609375000000002 0.875 0.7609375000000002
4 0.8227458107853174 0.7489005884768752 0.8190258746355606 0.7139864532424867 0.7499193828124999 0.7213494234375 0.7536393189622568 0.7562635586718887
4 0.697180391375132 0.82756937969482 0.6655526234375001 0.8131209218750002 0.6250819143839651 0.9017115666468417 0.656709682321597 0.9161600244666618
4 0.6536325656690731 0.8239112139995669 0.6361619421875 0.8206343375000001 0.6172780827684269 0.9213133828754332 0.6347487062500001 0.924590259375
4 0.6201673281249998 0.9274907500000001 0.6140339937499999 0.8312833875000003 0.594652989348922 0.8325189497005038 0.6007863237239219 0.9287263122005036
4 0.7229099774051025 0.7410252471762677 0.6848846078124999 0.6706317531250001 0.670660690866808 0.6783152714132172 0.7086860604594106 0.7487087654644848
4 0.6844097294062736 0.4532789024119512 0.6692500763284265 0.4451811976911776 0.6367015641096527 0.5061150265292265 0.6518612171874999 0.51421273125
4 0.8569857734375 0.6258808515624998 0.854058419644246 0.5976531103694258 0.7916125127919122 0.6041290540535852 0.7945398665851664 0.6323567952466592
4 0.8155565062499999 0.6109536234374999 0.7913452609374999 0.5337284671875 0.7786910138724582 0.5376957635299624 0.8029022591849582 0.6149209197799623
4 0.8026629951860098 0.6050284481752289 0.7727337218749999 0.5298456375 0.7534653319507709 0.537516126314212 0.7833946052617808 0.6126989369894409
4 0.2746830038668812 0.27680495112839737 0.2679184046875 0.255248475 0.20939069613311875 0.2736149504341026 0.21615529531250002 0.2951714265625
4 0.24513829470318585 0.33208318996668035 0.23088469531250003 0.30977175 0.18434712560931418 0.33950214284581975 0.198600725 0.3618135828125001
4 0.16268439876618057 0.4083342719374984 0.14766437343750005 0.39229994531250006 0.09521119185881952 0.4414350374375017 0.11023121718750004 0.4574693640625
0 0.9373996100455889 0.6473582264001999 0.8493383445044801 0.5878795610181171 0.8312771844588911 0.6146200502429174 0.9193384499999999 0.6740987156250002
0 0.7543092796875 0.43879546718750007 0.7176861718749998 0.35842814687500013 0.6962558776481902 0.36819385727656967 0.7328789854606903 0.4485611775890696
0 0.6210574921440509 0.8117958451680456 0.5794899515625 0.7987070625000002 0.5417739797801385 0.9184859775753822 0.5833415203616894 0.9315747602434277
4 0.861648672492542 0.5922907955146165 0.7999957853030897 0.53196720425545 0.7824513768730477 0.5498982228033336 0.8441042640624999 0.6102218140625
0 0.2077972890625 0.4219734421875 0.19194746093749998 0.3401827343749999 0.16385113109203508 0.34562738708560853 0.1797009592170351 0.4274180948981086
0 0.15336911406250006 0.39272613593750005 0.13217376093750005 0.377422521875 0.08006939017705764 0.44958655666529523 0.10126474330205766 0.4648901707277952