1 0.659375 0.5515625 0.2578125000000001 0.5515625 0.2578125000000001 0.9609375 0.6593750000000002 0.9609375
2 0.6414876973545638 0.3389348357902272 0.4677950688777086 0.025261899993880954 0.24089256718750002 0.15090644062500003 0.4145851956643553 0.4645793764213463
2 0.6899543087930912 0.32322776193914426 0.6612096954075543 0.01488563860591815 0.4813071031250001 0.03165671875 0.510051716510537 0.33999884208322617
2 0.8249527898523409 0.07465846607027973 0.6741046687499999 0.0320621921875001 0.598482719551004 0.2998656386146979 0.749330840653345 0.34246191249747754
0 0.5734619984375 0.6958531015625 0.49264174911981984 0.6665886696038774 0.4867382197628837 0.6828925812997011 0.5675584690805638 0.7121570132583237
0 0.5969949234375 0.6863880625000002 0.5174151275188467 0.6665813988133663 0.513515829614442 0.6822481126207988 0.5930956255330954 0.7020547763074327
0 0.5277905625000001 0.8184971921875002 0.44204185544980223 0.7953988184034515 0.43543127634846324 0.8199394469382761 0.5211799833986612 0.8430378207223249
0 0.5854617046875 0.8314612781250001 0.5742901390324481 0.8112882233082797 0.5034288715528723 0.8505302374325924 0.5146004372079241 0.8707032922493129
0 0.5266976890625 0.7826487921874999 0.5263400999659096 0.7608949239889488 0.43578624720525133 0.7623834441043563 0.4361438363018418 0.7841373123029075
0 0.44103857968750004 0.19372793281250006 0.34164968187612493 0.14262360782665434 0.3316986582900431 0.16197659344166043 0.4310875561014182 0.21308091842750615
0 0.4332332421875 0.09907502500000005 0.40313556406249995 0.09488103281250004 0.3922881767730987 0.17272599687959525 0.42238585489809866 0.17691998906709525
0 0.5078192312499998 0.20442182343750007 0.42791654193775186 0.14231480677385808 0.41219319652584996 0.1625434001097835 0.49209588583809805 0.22465041677342548
0 0.5204290296875002 0.1880266656250001 0.43356765625000004 0.1347089453125001 0.4245957023992234 0.14932540358057095 0.5114570758367234 0.20264312389307096
0 0.5152182874120508 0.1764287497168704 0.47796048180304374 0.0945449416392806 0.45196053125 0.10637513281250002 0.4892183368590072 0.18825894089008982
0 0.64279300625 0.12480572812499997 0.641225796369814 0.04065531179073491 0.6153890968750001 0.0411364921875 0.616956306755186 0.12528690852176508
4 0.5377567796875 0.24882334843749998 0.5344642401232292 0.23284180981946517 0.47520093906249994 0.24505132031249993 0.47849347862677066 0.26103285893053474
4 0.4709665625 0.26537902656250006 0.42387625237555804 0.20540195901910518 0.41454812746276615 0.21272582984198407 0.46163843758720813 0.27270289738537895
4 0.4470607406249999 0.24415689218750006 0.3891658372903398 0.18562524378082726 0.3786886946928544 0.19598840925483638 0.43658359802751445 0.2545200576615092
4 0.6444657887228894 0.25753936331404353 0.593942671875 0.21598173750000002 0.5835599314938636 0.22860441252539063 0.634083048341753 0.27016203833943414
4 0.6461116548880316 0.2429780371873055 0.5996066605426063 0.20351118073305666 0.5916483165920745 0.21288873885825116 0.6381533109374999 0.2523555953125
4 0.6444077203124999 0.20849678125000004 0.6051594667816198 0.1705008287899295 0.5925562221046916 0.18351946131168617 0.6318044756355717 0.2215154137717567
4 0.6527771534194244 0.1964551202852974 0.6091529171874999 0.1540477734375001 0.5988152359178768 0.16468209704691983 0.6424394721498012 0.20708944389471715
4 0.6462254640625 0.19015282812500006 0.6453158875541536 0.13246603632890208 0.6280676171875 0.1327379984375 0.6289771936958466 0.19042479023359798
4 0.6254605140625001 0.791106715625 0.5993587948618178 0.7405755064644761 0.5812056817121171 0.7499524335145786 0.6073074009127994 0.8004836426751025
4 0.5594977578125 0.8009232609375001 0.5464435766078152 0.7918289389754476 0.5115256802149657 0.8419508225749807 0.5245798614196505 0.8510451445370333
4 0.5790308125000001 0.6666167156250001 0.5190527506554543 0.6542054743672077 0.5158898742288122 0.6694902628894431 0.5758679360733578 0.6819015041472356
3 0.5578125 0.042187500000000065 0.515625 0.042187500000000065 0.515625 0.07500000000000007 0.5578125 0.07500000000000007
3 0.6109375 0.18125000000000008 0.5671875 0.18125000000000008 0.5671875 0.2140625000000001 0.6109375 0.2140625000000001
3 0.4078125000000002 0.8 0.35625000000000007 0.8 0.35625000000000007 0.840625 0.4078125000000002 0.840625
3 0.4187500000000002 0.8359375 0.3765625000000001 0.8359375 0.3765625000000001 0.8703125 0.4187500000000002 0.8703125
3 0.5406250000000001 0.79375 0.5093750000000001 0.79375 0.5093750000000001 0.8234375 0.5406250000000001 0.8234375
3 0.4812500000000002 0.728125 0.4500000000000002 0.728125 0.4500000000000002 0.753125 0.4812500000000002 0.753125
3 0.5031250000000002 0.74375 0.47187500000000016 0.74375 0.47187500000000016 0.76875 0.5031250000000002 0.76875