1 0.6968750000000001 0.17031250000000003 2.085726579797836e-17 0.1703125 5.72139676476654e-17 0.7640625 0.6968750000000001 0.7640625
3 0.5955193076693608 0.5127720184087459 0.565245374788816 0.5018797579112513 0.5532224515624999 0.5352962531250002 0.583496384443045 0.5461885136224947
3 0.524006029121114 0.46955307397048507 0.4930140149204232 0.46852471887698577 0.4920051708153374 0.49892872137451494 0.5229971850160282 0.49995707646801424
3 0.4723098374465148 0.5268292313751479 0.43105578475131345 0.5081776533512472 0.4168398409043461 0.5396208532683426 0.45809389359954744 0.5582724312922434
3 0.43840537011095504 0.4891498469778268 0.3927812012777713 0.4780093670413074 0.3854199381803388 0.5081563187253003 0.43104410701352264 0.5192967986618198
3 0.36259833751238973 0.5881584536581894 0.32191969532916576 0.582024769334149 0.317029112579274 0.6144591522009942 0.357707754762498 0.6205928365250346
3 0.29414631454535006 0.5114037615686147 0.25010989973788283 0.5105933149115593 0.2494581277084475 0.5460079880405785 0.2934945425159147 0.5468184346976337
0 0.5858164567190547 0.3776727131667622 0.5445248482691505 0.37337004073743635 0.5344094766480197 0.47044458479480145 0.5757010850979241 0.4747472572241273
0 0.6300105653741472 0.4770165117462593 0.6221837200826847 0.4452530975533472 0.518758949777245 0.4707380681415012 0.5265857950687074 0.5025014823344134
4 0.5454514027465462 0.35547804783636705 0.46612451939675215 0.3224255196152416 0.45992255562967443 0.3373103856986831 0.5392494389794685 0.3703629139198085
4 0.44165779181413384 0.3948867233150168 0.4411371422708517 0.3802427814420279 0.34582528320686656 0.3836314916896808 0.34634593275014863 0.3982754335626697
4 0.4324365799904687 0.4205509852212789 0.34404693043728685 0.3941413044481722 0.3394438134652028 0.4095473178532691 0.42783346301838465 0.4359569986263757
4 0.34850491554543883 0.437362080309642 0.26147451936786376 0.3927226917365694 0.2522206529422819 0.41076432910967986 0.33925104911985704 0.45540371768275245
0 0.5010631850229215 0.4210374486661131 0.4668932763839133 0.41765104488106586 0.45773807445600684 0.5100299911926526 0.49190798309501504 0.5134163949776999
0 0.5764520969816186 0.5826917523270223 0.5645380556287413 0.5588484974432332 0.468783589080447 0.6066952649982249 0.48069763043332436 0.6305385198820141
4 0.4589858531907408 0.6642845591137896 0.4435713754939788 0.5958381150132255 0.4213484335972968 0.6008428314265362 0.4367629112940589 0.6692892755271003
0 0.39761170159943543 0.5481461878905765 0.3880577580684572 0.521218658484057 0.27113409522547866 0.5627034176453077 0.28068803875645687 0.5896309470518271