1 0.834375 0.31093750000000003 0.2359375 0.3109375 0.23593750000000005 1 0.834375 1
4 0.51875 0.646875 0.475 0.646875 0.4750000000000001 0.746875 0.5187500000000002 0.746875
3 0.5859375 0.5640625 0.546875 0.5640625 0.546875 0.615625 0.5859375 0.615625
4 0.6140625 0.4421875 0.5359375 0.4421875 0.5359375 0.4953125 0.6140625 0.4953125
3 0.440625 0.60625 0.3984375000000001 0.60625 0.3984375000000001 0.659375 0.440625 0.659375
0 0.5578125 0.5671875 0.4984375 0.5671875 0.4984375 0.703125 0.5578125 0.703125
3 0.63125 0.6546875 0.5890625 0.6546875 0.5890625 0.7078125 0.63125 0.7078125
3 0.6296875 0.6140625 0.590625 0.6140625 0.590625 0.6625 0.6296875 0.6625
3 0.3765625000000001 0.4859375 0.3421875000000001 0.4859375 0.3421875000000001 0.5296875 0.3765625000000001 0.5296875
0 0.484375 0.4765625 0.3890625000000001 0.4765625 0.3890625000000001 0.53125 0.484375 0.53125
3 0.45517190156250004 0.4701446609375002 0.44863012019349346 0.4416021845852628 0.4229653436309935 0.4474844127102628 0.42950712500000005 0.47602688906250024
4 0.555108184375 0.47572214218750003 0.542317870280874 0.44678970435347515 0.47381424059337396 0.47707346216597524 0.4866045546875 0.5060059000000001
0 0.6940732432485744 0.485253310118245 0.664647475 0.47959640937500014 0.6382328181282108 0.6169987798166323 0.6676585863767852 0.6226556805598773
0 0.6788763386714332 0.4582131404212878 0.582159615625 0.42649776250000004 0.5691905050785667 0.46604734239121237 0.6659072281249999 0.49776272031250013
4 0.6382355624563443 0.717018870696919 0.610098671875 0.7068785421875001 0.5715329437936559 0.8138888496155812 0.5996698343750002 0.8240291781250001
4 0.5684962716933147 0.6925916087113635 0.543155490625 0.6861077859375001 0.5161641517441853 0.7915982709761366 0.5415049328125 0.7980820937499999
4 0.5328559739813794 0.46690768057721 0.482463275 0.40084736875000015 0.465796259955522 0.4135614454599522 0.5161889589369015 0.47962175728716205
4 0.4529659875000001 0.47023599687499995 0.3881953646566617 0.4593188252802597 0.3842200522307063 0.4829040057083153 0.4489906750740447 0.4938211773030555
0 0.5852035198043561 0.3968392566424859 0.4908204624999999 0.3899016390625001 0.4879238223831438 0.4293090792950142 0.5823068796875001 0.43624669687500006