1 0.8265625 0.31562500000000004 0.2375 0.315625 0.23750000000000004 1 0.8265625 1
4 0.5140625000000001 0.6453125 0.471875 0.6453125 0.4718750000000001 0.7453125 0.5140625000000002 0.7453125
3 0.584375 0.5640625 0.5453125 0.5640625 0.5453125 0.615625 0.584375 0.615625
4 0.615625 0.44375 0.5375 0.44375 0.5375 0.496875 0.615625 0.496875
3 0.4390625 0.60625 0.3968750000000001 0.60625 0.3968750000000001 0.6578125 0.4390625 0.6578125
0 0.5546875 0.5671875 0.4984375 0.5671875 0.4984375 0.703125 0.5546875 0.703125
3 0.628125 0.6578125 0.5859375 0.6578125 0.5859375 0.709375 0.628125 0.709375
3 0.628125 0.615625 0.5890625 0.615625 0.5890625 0.6640625 0.628125 0.6640625
3 0.3750000000000001 0.484375 0.34062500000000007 0.484375 0.34062500000000007 0.528125 0.3750000000000001 0.528125
0 0.484375 0.475 0.3906250000000001 0.475 0.3906250000000001 0.5296875 0.484375 0.5296875
3 0.4556997765625 0.4693668500000001 0.44965712826516996 0.44071455260140374 0.42389360170267 0.44614797135140377 0.42993625 0.47480026875
4 0.5555234984374999 0.47668761093749995 0.5432400737402927 0.4475363580931722 0.47421835342779256 0.47661994871817226 0.48650177812499995 0.5057712015625
0 0.6943010500726028 0.48864260073979526 0.6649784890625001 0.4824730109375002 0.636169853402216 0.6193934552192668 0.6654924144123187 0.6255630450215619
0 0.6795783755855667 0.46134132733312594 0.58342989375 0.427942840625 0.5697725228519335 0.46726005547937427 0.6659210046875 0.5006585421875
4 0.6344270075993734 0.7193983612259907 0.6064713750000001 0.7087685203125001 0.5660439330256267 0.8150894637740096 0.5939995656250001 0.8257193046875002
4 0.565124653480346 0.6937577015137076 0.5399008890625001 0.6868326078125002 0.5110725965196542 0.7918359609862927 0.5362963609375001 0.7987610546875001
4 0.5334285090875539 0.46748613549348106 0.4841963968750001 0.4005564125000001 0.4673100295023719 0.41297767313232947 0.5165421417149256 0.4799073961258104
4 0.4534926046875 0.46941967343749996 0.3889223779832345 0.4573737601627229 0.3845360524030338 0.4808859697106139 0.44910627910729933 0.4929318829853909
0 0.5869909448144156 0.39834196589005066 0.49274334218750016 0.3897582015625 0.4891593911230845 0.42910909504744943 0.5834069937499999 0.43769285937499997