1 0.6671875 0.25312500000000004 0.017187500000000033 0.253125 0.017187500000000064 0.7703125 0.6671875000000002 0.7703125
3 0.5963672436952823 0.5006459949368002 0.5891120025879312 0.46588143912868996 0.5576167828124999 0.4724543812500001 0.564872023919851 0.5072189370581104
3 0.5214301992148529 0.5028904400378493 0.4902431497565981 0.5019316988660557 0.4893113887958037 0.5322411045977449 0.5204984382540585 0.5331998457695385
3 0.476313222812098 0.4695781433473275 0.4666116764960114 0.4364624694890059 0.42316330681436726 0.4491910756658964 0.43286485313045375 0.482306749524218
3 0.43749475526818016 0.5021722452014236 0.43440077735072274 0.4712941925103028 0.3876701653045126 0.47597659535437253 0.3907641432219699 0.5068546480454933
3 0.376204805560759 0.3935768852745585 0.37587581405654846 0.3607775131619956 0.3347394103661327 0.3611901286011411 0.33506840187034326 0.393989500713704
3 0.3020201059140296 0.42489719133568576 0.2582994570558232 0.4195710688474602 0.25401611810130503 0.4547317995263289 0.29773676695951146 0.46005792201455453
0 0.5708046240973098 0.5353615482363029 0.5294922762959852 0.5342548021708983 0.5268816965603066 0.6317018872563246 0.5681940443616312 0.6328086333217292
0 0.6255466281985526 0.540853787500542 0.5266752025248029 0.5012228905568412 0.5145039151703242 0.5315878993208798 0.6133753408440739 0.5712187962645807
4 0.5248955046913306 0.6494410881544379 0.5208254713672407 0.6338379340697035 0.43767056808635996 0.6555286272190959 0.44174060141044985 0.6711317813038302
4 0.4275966353965284 0.5959706581651678 0.33368396416582913 0.5793500612406349 0.3311303362597765 0.5937790266427546 0.42504300749047574 0.6103996235672875
4 0.42203693752372207 0.5692728127509424 0.41962272046072985 0.5533760988961339 0.32841775442173027 0.5672273002986412 0.3308319714847225 0.5831240141534497
4 0.34212364579468646 0.5446299979911217 0.3363923361831097 0.525350668679768 0.24249629662194092 0.5532638426981707 0.24822760623351758 0.5725431720095244
0 0.49385393391835963 0.48558798002706444 0.459545266730241 0.4841858959295031 0.45575470790362793 0.5769399764197201 0.4900633750917466 0.5783420605172813
0 0.5872165396889134 0.4287530737238737 0.49905293101489023 0.368045501552176 0.48393649634522073 0.3899986020153915 0.5721001050192439 0.4507061741870892
4 0.4822489910027354 0.33160618044659945 0.4609388444046588 0.32355733450723967 0.43614847550146374 0.38919238324933403 0.45745862209954036 0.3972412291886938
0 0.4053087915764001 0.43807267177896164 0.29529658489438154 0.38071900925907143 0.2820880323729809 0.4060548282131041 0.3921002390549996 0.4634084907329942