1 0.6656250000000001 0.20468750000000005 2.5066989170047385e-17 0.2046875 5.855342508423283e-17 0.7515625 0.6656250000000001 0.7515625
4 0.5296875 0.596875 0.4484375 0.596875 0.4484375 0.634375 0.5296875 0.634375
4 0.3031250000000001 0.425 0.23437500000000008 0.425 0.23437500000000008 0.5078125 0.3031250000000001 0.5078125
0 0.6015625 0.3859375000000001 0.5453125 0.3859375000000001 0.5453125 0.48125 0.6015625 0.48125
4 0.5421875 0.2968750000000001 0.4703125 0.2968750000000001 0.4703125 0.3687500000000001 0.5421875 0.3687500000000001
3 0.2078125000000001 0.4359375 0.15468750000000003 0.4359375 0.15468750000000003 0.4765625 0.2078125000000001 0.4765625
3 0.571875 0.5421875 0.5375 0.5421875 0.5375 0.575 0.571875 0.575
4 0.3750000000000001 0.4328125 0.2828125000000001 0.4328125 0.2828125000000001 0.46875 0.3750000000000001 0.46875
3 0.3703125000000001 0.4578125 0.3234375000000001 0.4578125 0.3234375000000001 0.4921875 0.3703125000000001 0.4921875
4 0.5078125 0.30156250000000007 0.4515625 0.30156250000000007 0.4515625 0.3812500000000001 0.5078125 0.3812500000000001
0 0.5609375 0.534375 0.5203125 0.534375 0.5203125 0.6359375 0.5609375 0.6359375
3 0.3421875000000001 0.5640625 0.2921875000000001 0.5640625 0.2921875000000001 0.603125 0.3421875000000001 0.603125
3 0.4578125 0.38750000000000007 0.409375 0.38750000000000007 0.409375 0.4203125 0.4578125 0.4203125
4 0.4765625 0.4125 0.39531250000000007 0.4125 0.39531250000000007 0.465625 0.4765625 0.465625
0 0.54375 0.509375 0.4984375 0.509375 0.4984375 0.609375 0.54375 0.609375
0 0.46875 0.478125 0.3343750000000001 0.478125 0.3343750000000001 0.5125 0.46875 0.5125
4 0.4248832046875 0.5212229625000001 0.4240522559304557 0.5018635198130432 0.32707090468750005 0.5060261671875 0.3279018534445443 0.5253856098744569
3 0.5699545290108092 0.5373156700922515 0.5679892947620405 0.5072407555275874 0.5357547359375 0.5093471109375 0.5377199701862687 0.539422025502164
0 0.4524873156249999 0.5388505843750001 0.4469880446252684 0.5058294913086767 0.316711865625 0.5275254421875001 0.3222111366247315 0.5605465352538236