1 1 0.23437500000000006 0.3125 0.234375 0.31250000000000006 0.8375 1 0.8375
4 0.5125 0.31718750000000007 0.4765625 0.31718750000000007 0.4765625 0.3859375000000001 0.5125 0.3859375000000001
3 0.6078125 0.31718750000000007 0.5625 0.31718750000000007 0.5625 0.35625000000000007 0.6078125 0.35625000000000007
3 0.6109375 0.634375 0.5640625 0.634375 0.5640625 0.6765625 0.6109375 0.6765625
3 0.521875 0.4875 0.4734375 0.4875 0.4734375 0.521875 0.521875 0.521875
3 0.703125 0.39531250000000007 0.653125 0.39531250000000007 0.653125 0.434375 0.703125 0.434375
3 0.5421875 0.39531250000000007 0.5 0.39531250000000007 0.5 0.4296875 0.5421875 0.4296875
3 0.6390625 0.41875 0.590625 0.41875 0.590625 0.45625 0.6390625 0.45625
4 0.4935556073214597 0.6523348748856362 0.4385241707733596 0.5940302914971674 0.42332191562500004 0.6083791109375002 0.47835335217310015 0.6666836943259691
4 0.6708620287089759 0.49141400637696087 0.6605144640321982 0.4695893973584833 0.5768802281249998 0.509242371875 0.5872277928017777 0.5310669808934776
4 0.7202022421875002 0.5600718203125001 0.6712574742376122 0.4887858924897001 0.6469933964760406 0.5054455571925326 0.6959381644259285 0.5767314850153327
4 0.7498137828125 0.6184810468750002 0.6700359251510586 0.5563045920333356 0.6561483609375001 0.5741235578125001 0.7359262185989416 0.6363000126541648
0 0.4743795078125001 0.5243032109375 0.4585064172964811 0.4949524208346235 0.362216228125 0.54702675625 0.3780893186410189 0.5763775463528765
0 0.49343526093750006 0.605222815625 0.40410243922720274 0.547038187135218 0.38647947721972165 0.5740953148317216 0.475812298930019 0.6322799433215035
0 0.62952778125 0.6442210625 0.627138517591218 0.6115363264620646 0.49743235625000004 0.6210178843749998 0.49982161990878204 0.6537026204129355
0 0.65779694375 0.41400727187499997 0.6521767731668036 0.38828157569198557 0.53344669375 0.414219971875 0.5390668643331964 0.4399456680580144
0 0.5239441531250001 0.472801865625 0.5239295043208052 0.4455233088879676 0.4148141921875002 0.4455819046875 0.41482884099169504 0.47286046142453236