1 0.6765625000000001 0.24218750000000006 2.9659414666849956e-17 0.2421875 6.496368567351975e-17 0.81875 0.6765625000000002 0.81875
4 0.5234375 0.36406250000000007 0.4421875 0.36406250000000007 0.4421875 0.40625 0.5234375 0.40625
4 0.3062500000000001 0.503125 0.2328125000000001 0.503125 0.2328125000000001 0.5890625 0.3062500000000001 0.5890625
0 0.60625 0.5140625 0.5453125 0.5140625 0.5453125 0.6125 0.60625 0.6125
4 0.5515625 0.63125 0.478125 0.63125 0.478125 0.7046875 0.5515625 0.7046875
3 0.21250000000000008 0.5390625 0.15781250000000005 0.5390625 0.15781250000000008 0.58125 0.21250000000000008 0.58125
3 0.56875 0.421875 0.534375 0.421875 0.534375 0.45625 0.56875 0.45625
4 0.3781250000000001 0.5390625 0.2843750000000001 0.5390625 0.2843750000000001 0.5796875 0.3781250000000001 0.5796875
3 0.3734375000000001 0.5140625 0.32500000000000007 0.5140625 0.32500000000000007 0.5515625 0.3734375000000001 0.5515625
4 0.5171875 0.61875 0.4578125 0.61875 0.4578125 0.7 0.5171875 0.7
0 0.559375 0.36406250000000007 0.5125 0.36406250000000007 0.5125 0.465625 0.559375 0.465625
3 0.3390625000000001 0.4078125 0.2875000000000001 0.4078125 0.2875000000000001 0.4484375 0.3390625000000001 0.4484375
3 0.4625 0.5828125 0.4140625 0.5828125 0.4140625 0.61875 0.4625 0.61875
4 0.48125 0.5359375 0.3968750000000001 0.5359375 0.3968750000000001 0.59375 0.48125 0.59375
0 0.54375 0.3890625000000001 0.49375 0.3890625000000001 0.49375 0.490625 0.54375 0.490625
0 0.4703125 0.4890625 0.3359375000000001 0.4890625 0.3359375000000001 0.53125 0.4703125 0.53125
4 0.42491758294274834 0.4938437161588454 0.4231257193606425 0.4747477867589588 0.32520064891789413 0.4839365706001134 0.3269925125 0.5030325
3 0.5679057085055921 0.4590743321207551 0.5356050877372952 0.4586578889375449 0.5352165453125001 0.4887944406250001 0.5675171660807969 0.48921088380821026
0 0.45051914687500005 0.4636892796875001 0.3192860291908376 0.44884119318298615 0.3155224859375001 0.4821048406250001 0.44675560362166256 0.49695292712951405