1 0.98125 0.24062500000000003 0.3546875 0.240625 0.35468750000000004 0.7453125 0.98125 0.7453125000000002
4 0.48125 0.6140625 0.45625 0.6140625 0.45625 0.6796875 0.48125 0.6796875
3 0.575 0.6609375 0.534375 0.6609375 0.534375 0.6921875 0.575 0.6921875
3 0.634375 0.3453125000000001 0.59375 0.3453125000000001 0.59375 0.37968750000000007 0.634375 0.37968750000000007
3 0.5203125 0.4828125 0.4765625 0.4828125 0.4765625 0.509375 0.5203125 0.509375
3 0.6828125 0.5984375 0.6375 0.5984375 0.6375 0.63125 0.6828125 0.63125
3 0.525 0.5765625 0.4875 0.5765625 0.4875 0.6046875 0.525 0.6046875
3 0.6234375 0.5671875 0.5796875 0.5671875 0.5796875 0.596875 0.6234375 0.596875
4 0.5201061857202653 0.3488603780029892 0.5076265334978632 0.33208970518640346 0.44330666250000006 0.37995240156250004 0.45578631472240205 0.39672307437908577
4 0.6667753098158566 0.5381254305615297 0.5912973295834536 0.4845519436214092 0.5773171656249999 0.5042481515625 0.652795145857403 0.5578216385026205
4 0.7272882374999999 0.479078525 0.7062857048598619 0.45845854363717775 0.6457058463208684 0.5201623072785049 0.6667083789610064 0.5407822886413272
4 0.7665925687499999 0.42669865468749996 0.756010218218387 0.4067388479265658 0.6666475375 0.4541174234375 0.6772298880316129 0.4740772301984341
0 0.47898895 0.4716170578125002 0.39320423766989065 0.4036132335647162 0.37247558437499995 0.42976178593750014 0.45826029670510937 0.49776561018528404
0 0.5118067437499999 0.39523579999999997 0.49914993542597197 0.36552953627284934 0.4010706250626453 0.40731772758574386 0.4137274333866731 0.4370239913128945
0 0.6526036875000001 0.3804622421875001 0.5265145097454528 0.348601493255548 0.5184859000000002 0.3803747828125001 0.6445750777545475 0.4122355317444522
0 0.640467171875 0.61208745625 0.528045024745289 0.5659258614122662 0.5180430171874999 0.5902847937500001 0.6304651643172109 0.636446388587734
0 0.5188574812500001 0.5309427921875001 0.4114100509336264 0.5119374116047519 0.40665875312500005 0.5387990015625002 0.5141061834413737 0.5578043821452482