1 0.7859375000000001 0.33281250000000007 0.246875 0.3328125 0.24687500000000004 0.9921875 0.7859375000000002 0.9921875
3 0.434375 0.6703125 0.3921875000000001 0.6703125 0.3921875000000001 0.7234375 0.434375 0.7234375
3 0.4812500000000002 0.740625 0.44531250000000017 0.740625 0.44531250000000017 0.7875 0.4812500000000002 0.7875
3 0.6046875 0.6140625 0.56875 0.6140625 0.56875 0.6609375 0.6046875 0.6609375
3 0.5171875 0.503125 0.4828125 0.503125 0.4828125 0.55 0.5171875 0.55
3 0.4171875 0.503125 0.3812500000000001 0.503125 0.3812500000000001 0.55 0.4171875 0.55
3 0.4453125 0.5671875 0.4140625 0.5671875 0.4140625 0.6046875 0.4453125 0.6046875
4 0.5718283317145069 0.782293721607122 0.5402221229163986 0.7733277676357347 0.5104185039538186 0.87838958335291 0.5420247127519269 0.8873555373242972
4 0.5604566636533574 0.6518089828511474 0.540999148704184 0.6406667299383952 0.49469420792756724 0.721528211403285 0.5141517228767408 0.7326704643160371
4 0.47580105377795956 0.6135682853084465 0.47340560990995123 0.5907771570316244 0.40503223020306117 0.5979634880971396 0.4074276740710695 0.6207546163739618
0 0.5837036298958506 0.742515224268846 0.5679711978889623 0.6099357019837524 0.5446990753027701 0.6126972678721551 0.5604315073096584 0.7452767901572488
0 0.49351439386000073 0.5077533746854505 0.4746115016944052 0.4805988415748369 0.3901035994278133 0.539426727039813 0.40900649159340885 0.5665812601504265
0 0.6426321476854672 0.5105115339058862 0.5854655720922255 0.4153541863669147 0.5625976246171778 0.4290922978402215 0.6197642002104196 0.5242496453791932
0 0.6995332780283263 0.5018197297430702 0.6290270210091187 0.4258659720576305 0.6061238818243269 0.44712646880089013 0.6766301388435345 0.5230802264863298
0 0.5863895815566442 0.4100987909719124 0.5731817290778947 0.38082328953115674 0.4878603522087504 0.41931664074674446 0.5010682046874999 0.4485921421875001
4 0.5667147462230904 0.40228296930561347 0.5593094171875002 0.3847964640625 0.49338450735924566 0.41271488699106695 0.5007898363948359 0.4302013922341804
4 0.6514434458195887 0.49294377110977344 0.5977724559183771 0.43621345814400403 0.5845291967630573 0.44874254164849975 0.6382001866642688 0.5054728546142692