1 0.825 6.515503673588653e-17 0.2390625 2.9276712542116413e-17 0.23906250000000004 0.6859375000000001 0.825 0.6859375000000002
3 0.665625 0.30937500000000007 0.61875 0.30937500000000007 0.61875 0.3656250000000001 0.665625 0.3656250000000001
3 0.6328125 0.23593750000000008 0.59375 0.23593750000000008 0.59375 0.2843750000000001 0.6328125 0.2843750000000001
3 0.478125 0.3187500000000001 0.4390625 0.3187500000000001 0.4390625 0.3671875000000001 0.478125 0.3671875000000001
3 0.5265625 0.4515625 0.4890625 0.4515625 0.4890625 0.5 0.5265625 0.5
3 0.6234375 0.48125 0.584375 0.48125 0.584375 0.5296875 0.6234375 0.5296875
3 0.609375 0.41875 0.575 0.41875 0.575 0.4578125 0.609375 0.4578125
4 0.6000188819353299 0.14165148450613688 0.5747441514486875 0.11713437818929799 0.499533123641372 0.19466956659559312 0.5248078541280145 0.21918667291243202
4 0.5612133579410992 0.27913502557206293 0.5442679785641111 0.2659428883617895 0.4864558722477974 0.34020288569943075 0.5034012516247854 0.3533950229097042
4 0.6238325890238333 0.4115873147822563 0.5563457200056167 0.3984691968912778 0.5519730139507242 0.42096482036670296 0.6194598829689408 0.4340829382576814
0 0.5028588867278517 0.24509447506193127 0.4796385424743172 0.2430666359783095 0.4679743174731607 0.3766311392789342 0.49119466172669524 0.378658978362556
0 0.6127380204374101 0.4763424050352277 0.5970645525369163 0.44799253087385515 0.5049681024300587 0.4989088328751544 0.5206415703305527 0.5272587070365269
0 0.41981504391167557 0.5489323473835968 0.39006459265633503 0.44212670566416923 0.36403632729466284 0.4493768155594656 0.3937867785500034 0.5561824572788931
0 0.3828884320902445 0.5196290481725722 0.33786879061874053 0.42629390695297786 0.30972204690289706 0.4398703187322912 0.35474168837440107 0.5332054599518855
0 0.48394826718750006 0.5488492671875 0.39429973550499053 0.544717867467579 0.3927753690093868 0.577795571718257 0.48242390069189633 0.5819269714381781
4 0.4808248229863453 0.5841970648117584 0.4785486845531903 0.5654165323563622 0.40732373031684493 0.5740487612946039 0.4095998687499999 0.5928292937499999
4 0.39357036622312813 0.5301170572106487 0.3705209627837144 0.4553525926392791 0.3537537799490546 0.46052180723760683 0.37680318338846835 0.5352862718089766