1 0.9890625 0.23750000000000004 0.31875 0.2375 0.31875000000000003 0.8 0.9890625 0.8
4 0.7421875 0.5750000000000001 0.6390625 0.575 0.6390625 0.6140625000000001 0.7421875 0.6140625000000002
4 0.4421875 0.4078125 0.3968750000000001 0.4078125 0.3968750000000001 0.475 0.4421875 0.475
3 0.45625 0.5890625 0.4203125 0.5890625 0.4203125 0.6203125 0.45625 0.6203125
0 0.575 0.4390625 0.459375 0.4390625 0.459375 0.484375 0.575 0.484375
3 0.446875 0.40625 0.4140625 0.40625 0.4140625 0.4390625 0.446875 0.4390625
3 0.671875 0.46875 0.625 0.46875 0.625 0.5046875 0.671875 0.5046875
3 0.678125 0.503125 0.6421875 0.503125 0.6421875 0.53125 0.678125 0.53125
3 0.7109375 0.61875 0.6625 0.61875 0.6625 0.65625 0.7109375 0.65625
3 0.64375 0.5 0.603125 0.5 0.603125 0.5328125 0.64375 0.5328125
0 0.5646226734375 0.3296558031250001 0.5505151746491723 0.30644159645674407 0.45576390720799226 0.36402286165874703 0.46987140599631994 0.3872370683270031
0 0.5516214203124999 0.4503979046875002 0.477719309375 0.3637204218750002 0.45450270533593756 0.3835151366222929 0.5284048162734375 0.4701926194347929
0 0.62249060625 0.4924229343750001 0.5669925700717433 0.412021619465912 0.5344293153842433 0.434498822590912 0.5899273515625001 0.5149001375
0 0.5012435047962435 0.591180106403417 0.4802503390599696 0.5682688288226386 0.40993893895122613 0.6326938208567217 0.4309321046875 0.6556050984375
4 0.676495334375 0.5809219250000001 0.6108829229962053 0.5171689987669176 0.5949455781249998 0.5335711890625001 0.6605579895037945 0.5973241152955826
4 0.827918240625 0.5357877500000001 0.7560476662439554 0.46783759049132545 0.7336932974939554 0.49148170455382545 0.805563871875 0.5594318640625001
4 0.6670658345377299 0.4093905008108534 0.5845890456084895 0.36145814912547214 0.5730824999999999 0.3812573640625 0.6555592889292404 0.4291897157478813