1 0.7562500000000001 0.3296875 0.2234375 0.3296875 0.22343750000000004 0.978125 0.7562500000000002 0.978125
4 0.5718750000000001 0.6546875 0.5390625 0.6546875 0.5390625000000001 0.75625 0.5718750000000001 0.75625
4 0.490625 0.3890625000000001 0.425 0.3890625000000001 0.425 0.43125 0.490625 0.43125
3 0.6296875 0.4421875 0.6 0.4421875 0.6 0.4765625 0.6296875 0.4765625
0 0.4796875 0.453125 0.440625 0.453125 0.440625 0.5671875 0.4796875 0.5671875
3 0.453125 0.4015625 0.421875 0.4015625 0.421875 0.4328125 0.453125 0.4328125
3 0.4765625 0.6203125 0.4421875 0.6203125 0.4421875 0.665625 0.4765625 0.665625
3 0.5 0.6421875 0.4734375 0.6421875 0.4734375 0.6765625 0.5 0.6765625
3 0.6171875000000001 0.6859375 0.58125 0.6859375 0.58125 0.7328125 0.6171875000000002 0.7328125
3 0.5078125 0.6046875 0.4765625 0.6046875 0.4765625 0.64375 0.5078125 0.64375
0 0.39505764711524854 0.44890877254835637 0.37496178883434844 0.4306309889575629 0.3003590604690999 0.5126543835967066 0.32045491875 0.5309321671875
0 0.4507734171880976 0.5361604497421565 0.39617108281249996 0.4354145171875 0.3693091906837266 0.4499731398413804 0.4239115250593243 0.5507190723960368
0 0.49746743281250005 0.5911182140625001 0.42267301406249996 0.5276209609375001 0.39717433177856903 0.5576562620955381 0.4719687505285691 0.6211535152205381
0 0.6659249703125001 0.461891928125 0.647440322014463 0.43691278810443723 0.5707829508298831 0.4936395026603659 0.5892675991279201 0.5186186426809287
4 0.5614793029738301 0.6795173476366467 0.514837921875 0.5996068453125 0.49524089290713513 0.6110450476752801 0.5418822740059652 0.6909555499994269
4 0.5000355984375 0.8112899375000001 0.44704742988137963 0.7277743242395661 0.41957230956887975 0.745206469552066 0.4725604781250001 0.8287220828124999
4 0.39489060004078513 0.6415807524966737 0.36949420312500003 0.5490826062500002 0.3475311572034926 0.5551128052792296 0.3729275541192777 0.6476109515259031