1 0.6687500000000001 0.21875000000000006 0.006250000000000028 0.21875 0.006250000000000061 0.7671875 0.6687500000000002 0.7671875
3 0.553125 0.5890625 0.5078125 0.5890625 0.5078125 0.6265625 0.553125 0.6265625
3 0.5171875 0.4453125 0.471875 0.4453125 0.471875 0.4828125 0.5171875 0.4828125
3 0.46875 0.3812500000000001 0.425 0.3812500000000001 0.425 0.421875 0.46875 0.421875
3 0.2812500000000001 0.446875 0.2328125000000001 0.446875 0.2328125000000001 0.484375 0.2812500000000001 0.484375
3 0.2828125000000001 0.4078125 0.23593750000000008 0.4078125 0.23593750000000008 0.4453125 0.2828125000000001 0.4453125
3 0.3187500000000001 0.4046875 0.27812500000000007 0.4046875 0.27812500000000007 0.4390625 0.3187500000000001 0.4390625
4 0.2609375000000001 0.4703125 0.14687500000000003 0.4703125 0.14687500000000003 0.5078125 0.2609375000000001 0.5078125
4 0.528125 0.4578125 0.5015625 0.4578125 0.5015625 0.534375 0.528125 0.534375
4 0.5375 0.5265625 0.4859375 0.5265625 0.4859375 0.6015625 0.5375 0.6015625
4 0.5607131203125 0.5861866515625 0.5401068662177788 0.5099089830027933 0.5174496493352404 0.5160297831921087 0.5380559034299616 0.5923074517518154
0 0.5859375 0.446875 0.5328125 0.446875 0.5328125 0.553125 0.5859375 0.553125
0 0.40630495225816965 0.6194210595994226 0.28085442164214625 0.547988793070344 0.25856077746129397 0.5871412605440484 0.38401130807731737 0.6585735270731271
0 0.43762493593750007 0.49225762968750014 0.3123183207722856 0.46194444195751067 0.3045848671875 0.493912471875 0.4298914823527145 0.5242256596049895
0 0.4373956328125 0.46253705000000006 0.371098928125 0.35830132500000006 0.33651293126561616 0.38029894261247765 0.4028096359531161 0.48453466761247765
0 0.4829085078125 0.4488391328125001 0.41486592562197144 0.34916042763797844 0.3803925078125 0.3726926390625 0.4484350900030286 0.4723713442370217
4 0.49818113750000015 0.5387890796875 0.41682809818765454 0.5010871310918699 0.4067690653938518 0.5227924519254263 0.4881221047061974 0.5604944005210566
4 0.5799197859375 0.42698606562499997 0.5486172071284724 0.3570432473429185 0.5280251243284344 0.36625913698709295 0.5593277031374622 0.4362019552691745
4 0.369278096875 0.3753606703124999 0.36067986207918334 0.35554729856121986 0.28043604375 0.390370003125 0.28903427854581665 0.41018337487628004