1 0.6703125000000001 0.24062500000000003 2.9468063604483184e-17 0.240625 6.295449951866863e-17 0.7875 0.6703125000000002 0.7875
4 0.36954306875000004 0.5391769640625 0.3419878566472755 0.5302622384102221 0.3163584570591184 0.6094821234929106 0.34391366916184296 0.6183968491451886
4 0.501679465625 0.36420563593750016 0.44026492701953346 0.31068979808805686 0.42548196404655253 0.3276546609527941 0.48689650265201906 0.3811704988022374
4 0.5323465234514899 0.3637579402216288 0.4678134513024307 0.32078510270990007 0.4551871800163627 0.3397461982078417 0.519720252165422 0.3827190357195704
4 0.458384299778567 0.40231437659616054 0.4406383193118885 0.38733169463809225 0.3873101870278099 0.4504952855416612 0.4050561674944883 0.4654779674997294
4 0.570173041189683 0.6765117549640864 0.5654879659140898 0.6581294621093841 0.48992157628690663 0.6773889868327977 0.49460665156249994 0.6957712796875001
4 0.5541564218750001 0.5561294843750001 0.5355285043714451 0.5553371397390726 0.5325608890625 0.6251053828125002 0.5511888065660552 0.6258977274484276
4 0.47698775388823506 0.3987481175602425 0.4618592218367656 0.3848271131586335 0.40651924829512887 0.44496735442997154 0.4216477803465983 0.4588883588315805
0 0.4993280211869253 0.4193591549968697 0.47934340232772704 0.39577075822295377 0.3900418163454958 0.4714290649947941 0.4100264352046941 0.49501746176871003
0 0.5674811593750001 0.49396911718750014 0.5664879063875901 0.39439952485999874 0.5282751762970599 0.3947807146131382 0.52926842928447 0.4943503069406396
0 0.5135925078125 0.5119655546874999 0.4965027385143494 0.48735425180344666 0.4086523515624999 0.5483564203124999 0.42574212086065055 0.5729677231965532
0 0.40901505937500005 0.5138262234375002 0.3737732489179906 0.49899756035825327 0.3288546551166003 0.6057511200206529 0.36409646557360975 0.6205797830998997
0 0.6156026734375001 0.45606832812499987 0.5608509354122967 0.3720594063461785 0.5288854301791172 0.39289251467934044 0.5836371682043204 0.47690143645816185
3 0.584375 0.5765625 0.5515625 0.5765625 0.5515625 0.6078125 0.584375 0.6078125
3 0.55 0.5453125 0.5140625 0.5453125 0.5140625 0.5765625 0.55 0.5765625
3 0.45625 0.478125 0.4171875 0.478125 0.4171875 0.5109375 0.45625 0.5109375
3 0.4234375 0.48125 0.3859375000000001 0.48125 0.3859375000000001 0.51875 0.4234375 0.51875
3 0.4234375 0.575 0.3843750000000001 0.575 0.3843750000000001 0.603125 0.4234375 0.603125
3 0.425 0.628125 0.3781250000000001 0.628125 0.3781250000000001 0.665625 0.425 0.665625