1 1 0.1937500000000001 0.3203125 0.19375000000000003 0.32031250000000006 0.7718750000000001 1 0.7718750000000002
3 0.4984375 0.5890625 0.4515625 0.5890625 0.4515625 0.6296875 0.4984375 0.6296875
3 0.528125 0.44375 0.48125 0.44375 0.48125 0.484375 0.528125 0.484375
3 0.571875 0.3781250000000001 0.5265625 0.3781250000000001 0.5265625 0.4203125 0.571875 0.4203125
3 0.7671875 0.4328125000000001 0.7171875 0.4328125 0.7171875 0.47343750000000007 0.7671875 0.4734375000000002
3 0.7609375 0.3937500000000001 0.7125 0.3937500000000001 0.7125 0.43437500000000007 0.7609375 0.4343750000000002
3 0.71875 0.3937500000000001 0.6765625 0.3937500000000001 0.6765625 0.4296875 0.71875 0.4296875
4 0.853125 0.4515625000000002 0.7375 0.4515625000000002 0.7375 0.49531250000000016 0.853125 0.49531250000000016
4 0.5015625 0.459375 0.4703125 0.459375 0.4703125 0.5359375 0.5015625 0.5359375
4 0.5203125 0.525 0.465625 0.525 0.465625 0.603125 0.5203125 0.603125
4 0.4849072151599157 0.5188335177526249 0.4630965588677065 0.5094509720588754 0.43112982800915284 0.5837608024928412 0.452940484301362 0.5931433481865909
0 0.4703125 0.45 0.4125 0.45 0.4125 0.5578125 0.4703125 0.5578125
0 0.7328145578124998 0.5543303406250001 0.6999136719747499 0.5205383955754329 0.5985276328787433 0.6192509879682793 0.6314285187164934 0.6530429330178464
0 0.6948287265624999 0.48369357656249995 0.6877466315042581 0.45210951438637376 0.5600329055586825 0.48074676637584385 0.5671150006169243 0.51233082855197
0 0.6341674120573874 0.3552048545656435 0.5916072925270548 0.3437679507473282 0.5605579109375001 0.4593119312500001 0.6031180304678327 0.47074883506831533
0 0.612780821875 0.3666073375000001 0.5772867820923996 0.34494731775081855 0.5143905156249999 0.4480147484375001 0.5498845554076004 0.4696747681866816
4 0.5925364562500001 0.5145536750000002 0.580304563470035 0.4937296767329489 0.5038464328125001 0.5386407281250001 0.516078325592465 0.5594647263920512
4 0.460437684375 0.3661423796875001 0.438626655538665 0.35938846701093746 0.41636848750000005 0.43126880781249993 0.43817951633633506 0.4380227204890626
4 0.7135254609375 0.37902915781250013 0.6285046136287796 0.35365956482540073 0.6223631990858071 0.37424122210240707 0.7073840463945273 0.3996108150895066