1 0.541010126398264 0.4946821235053074 0.27296965744967877 0.47257961178947105 0.25225 0.72385 0.5202904689485852 0.7459525117158363
1 0.6085852202491782 0.4248217360524282 0.36124999999999996 0.3137777781250001 0.2884147797508218 0.47600826394757184 0.53575 0.587052221875
1 0.6723684992098453 0.3923663626362777 0.4761438267011358 0.20195239748490534 0.36652532749129063 0.31491603484862773 0.5627500000000001 0.5053300000000001
1 0.6590597994777888 0.4465066170491127 0.59325 0.1651133328125 0.4767722268503496 0.19235413536183288 0.5425820263281385 0.4737474195984456
0 0.3727455241747781 0.5016407978944613 0.34919937499999987 0.42782444375000006 0.3252691742536123 0.43545776678643866 0.3488153234283905 0.5092741209308999
0 0.42216875 0.46882 0.3632000000000001 0.46882 0.3632000000000001 0.49313 0.42216875 0.49313
0 0.42183937499999996 0.4626966671875 0.362376875 0.44100111093749994 0.3538639542517722 0.4643330570816092 0.41332645425177217 0.4860286133316093
0 0.4962789291333234 0.6385190705735266 0.4521475 0.5581333328125 0.4319217619167147 0.5692371772475064 0.4760531910500381 0.6496229150085331
0 0.43637750854431606 0.5793283571600901 0.37505999999999995 0.5686300000000001 0.368757491455684 0.60475275377741 0.4300750000000001 0.6154511109375
0 0.5581388331947087 0.4369452331627254 0.546859375 0.413182221875 0.5024717918052912 0.43425143246227477 0.51375125 0.4580144437500001
0 0.4927801911014223 0.3546001577699678 0.4791527066073609 0.3293427587664433 0.4263306405059385 0.3578426009964756 0.439958125 0.3831000000000001
0 0.49217315214481844 0.3157360294466474 0.48179625000000004 0.2865311109375 0.4256280978551816 0.30648841430335255 0.43600500000000003 0.33569333281249997
0 0.48838500000000007 0.33920555625 0.4844057266164447 0.30764316119401425 0.4333432266164447 0.31408093775651424 0.43732249999999995 0.34564333281250004
0 0.5314544628986748 0.39716489029830415 0.49052292647314244 0.3513162232572303 0.4774315885744677 0.3630035548339261 0.5183631249999999 0.40885222187500003
3 0.4061098963933091 0.4431268951561755 0.37571875 0.39597555625 0.3645661139759828 0.40316392888034347 0.39495726036929185 0.45031526778651887
3 0.46138104037332345 0.45208444015861904 0.4192037499999999 0.4117188890625002 0.4056870846266764 0.4258422270288813 0.447864375 0.46620777812500014
3 0.42508720005920075 0.43271950805192105 0.388029375 0.40215000000000006 0.37172592494079926 0.4219138247605791 0.40878375 0.4524833328125001
3 0.39129487799586604 0.45415078408131493 0.37143625 0.404397778125 0.35882512200413397 0.4094314377936851 0.37868375 0.45918444375000006
3 0.362142043868389 0.40479945816317436 0.3502977809691924 0.40065778635726834 0.334539375 0.4457233328125 0.34638363789919663 0.44986500461840606
3 0.5392769966177918 0.38834359121243994 0.5137637500000001 0.34272888906250004 0.5024886283822083 0.3490352978500601 0.5280018750000001 0.39465000000000006
3 0.500125625 0.4263355562500001 0.49458 0.36715444375000006 0.484718839434868 0.3680784936072752 0.490264464434868 0.4272596061072752
3 0.519448651331191 0.41470739180590305 0.49757749999999995 0.377812221875 0.48604759866880903 0.384647051944097 0.50791875 0.42154222187499996
3 0.46712217616796253 0.6305816310275787 0.4208425 0.6125088890625001 0.4142790738320377 0.6293161470974216 0.46055875000000013 0.6473888890625001
3 0.42065826559422537 0.6025461423562524 0.4096025 0.5973311109375001 0.38041173440577475 0.659214968581248 0.3914675000000001 0.6644300000000001
3 0.4859177411412633 0.6500983739132934 0.454489375 0.5982922218750001 0.44330169460382673 0.6050792636051495 0.47473006074508994 0.6568854156434429
3 0.5176279437518604 0.6061316282090596 0.5081195025465094 0.5997935756105597 0.479376558794649 0.6429141692765 0.48888499999999996 0.6492522218750001
2 0.41875 0.4078125 0.403125 0.4078125 0.403125 0.43125 0.41875 0.43125
2 0.3734375000000001 0.39062500000000006 0.3578125000000001 0.390625 0.3578125000000001 0.4125 0.3734375000000001 0.4125
2 0.38750000000000007 0.3859375000000001 0.3734375000000001 0.3859375000000001 0.3734375000000001 0.4078125 0.38750000000000007 0.4078125
2 0.4 0.3828125000000001 0.3859375000000001 0.3828125000000001 0.3859375000000001 0.4109375 0.4 0.4109375
2 0.3625000000000001 0.4234375 0.34843750000000007 0.4234375 0.34843750000000007 0.45 0.3625000000000001 0.45
2 0.5 0.3078125000000001 0.4859375 0.3078125000000001 0.4859375 0.33281250000000007 0.5 0.33281250000000007
2 0.509375 0.3296875000000001 0.4953125 0.3296875000000001 0.4953125 0.3500000000000001 0.509375 0.3500000000000001
2 0.5109375 0.3453125000000001 0.4953125 0.3453125000000001 0.4953125 0.3671875000000001 0.5109375 0.3671875000000001
2 0.5203125 0.3578125000000001 0.5046875 0.3578125000000001 0.5046875 0.37968750000000007 0.5203125 0.37968750000000007
2 0.4046875 0.59375 0.3859375000000001 0.59375 0.3859375000000001 0.6234375 0.4046875 0.6234375
2 0.4875 0.5828125 0.4703125 0.5828125 0.4703125 0.6109375 0.4875 0.6109375
2 0.5078125 0.5875 0.490625 0.5875 0.490625 0.6125 0.5078125 0.6125
2 0.4984375 0.6015625 0.4796875 0.6015625 0.4796875 0.6328125 0.4984375 0.6328125