1 0.503866275 0.7140768718749999 0.4944962176840019 0.4488734790236678 0.24210928955900196 0.45779071027366774 0.25147934687499995 0.7229941031249999
1 0.6706987531249999 0.6574554359375 0.6017135102755915 0.40108041204271583 0.41600563273293095 0.4510505801063034 0.48499087558233944 0.7074256040010876
1 0.7873757765625001 0.5465439203125002 0.6037713070341097 0.34407500763292564 0.49297912578410974 0.44454445450792557 0.6765835953125001 0.6470133671875001
1 0.8427994015625 0.4422660218750002 0.5891249794085194 0.3218035980482924 0.5375066434710194 0.4305034824232924 0.791181065625 0.5509659062500001
0 0.5560172140625002 0.6575189234375001 0.48506647582449763 0.6263858521089327 0.4749735819073024 0.6493870609143665 0.5459243201453049 0.6805201322429338
0 0.5228736102719665 0.5806640790915568 0.498696783137161 0.5781229925733953 0.49253287130269463 0.6367687056693385 0.5167096984375001 0.6393097921875002
0 0.5442901531250002 0.6430362749999999 0.5289289718750001 0.5816317125000001 0.504834997983554 0.5876591457217459 0.520196179233554 0.6490637082217459
0 0.4371831796875 0.5415137703125 0.36185079397153147 0.48922150101142065 0.3486936121608074 0.5081757729974736 0.4240259978767759 0.5604680422985531
0 0.4186861765625001 0.6170817765625001 0.4144558507888866 0.5549818886301356 0.37787218906250003 0.557474015625 0.38210251483611357 0.6195739035573643
0 0.5912403203125 0.4624722546875001 0.5701446847104663 0.44709670610255936 0.5400334998791895 0.48841000164040127 0.5611291354812231 0.503785550225342
0 0.6658102859375 0.53738733125 0.6414376756637732 0.5220261226059681 0.609983525 0.5719323359375001 0.6343561352737268 0.5872935445815319
0 0.7103966734375 0.540417603125 0.6820585195061093 0.5270595449172641 0.6567172796875 0.5808191515625 0.6850554336188907 0.5941772097702358
0 0.6894518703125 0.536559640625 0.658699496875 0.5283589671875 0.645444537781337 0.5780648181829974 0.6761969112188371 0.5862654916204973
0 0.6483297137516516 0.5228170921913156 0.6047822072463115 0.4790985225819992 0.5925679296874999 0.4912650078125001 0.6361154361928401 0.5349835774218165
3 0.590463659375 0.6344739390624999 0.5467473594148634 0.5993206224587466 0.538432597427749 0.6096607742351235 0.5821488973878856 0.6448140908388769
3 0.5793519906250001 0.589581528125 0.5436162925397017 0.5434159415652436 0.5281574484375 0.5553822703125002 0.5638931465227985 0.6015478568722565
3 0.5856098499999999 0.6215853484375 0.559081402312339 0.5815351461455046 0.537721671875 0.5956834015625001 0.5642501195626608 0.6357336038544955
3 0.58163993125 0.6378526171875001 0.5342352691145041 0.6129021721101559 0.5279109625000001 0.6249180546875002 0.5753156246354959 0.6498684997648445
3 0.5823352515625 0.6558130625000002 0.5785686335149275 0.6438841309977599 0.5329173710149273 0.6582987388102598 0.5366839890624999 0.6702276703125001
3 0.6578482671875001 0.50275095625 0.6151503068936275 0.47260943996782057 0.607699875 0.48316359531249997 0.6503978352938727 0.5133051115946794
3 0.6315512703125001 0.51927645 0.573274034375 0.50757509375 0.5713242744265217 0.5172856450836509 0.6296015103640217 0.5289870013336511
3 0.6212652000000001 0.5151813296875001 0.5868583039143884 0.4895733948066462 0.5788557125 0.5003257 0.6132626085856117 0.5259336348808539
3 0.37983323437500005 0.5669634859375001 0.36669703989682034 0.5190482188564569 0.34929578906250003 0.523818853125 0.3624319835406797 0.5717341202060431
3 0.39375296718749997 0.5797284218750001 0.38979083554439964 0.5681877888688255 0.3250149091901378 0.590426668433061 0.32897704083323814 0.6019673014392356
3 0.3974890781250001 0.5349869781250001 0.3492518837515277 0.49831556171107716 0.3413325913720695 0.5087325153813818 0.3895697857455419 0.5454039317953047
3 0.3998726265625 0.47819815625000006 0.39365314831401316 0.46829392426420924 0.3504035640625 0.49545300625 0.3566230423109869 0.5053572382357908
2 0.5828125 0.5890625 0.559375 0.5890625 0.559375 0.60625 0.5828125 0.60625
2 0.5953125 0.6359375 0.571875 0.6359375 0.571875 0.653125 0.5953125 0.653125
2 0.6015625 0.621875 0.578125 0.621875 0.578125 0.6375 0.6015625 0.6375
2 0.60625 0.609375 0.5765625 0.609375 0.5765625 0.625 0.60625 0.625
2 0.5625 0.6421875 0.534375 0.6421875 0.534375 0.659375 0.5625 0.659375
2 0.6921875 0.5171875 0.665625 0.5171875 0.665625 0.5359375 0.6921875 0.5359375
2 0.671875 0.5078125 0.65 0.5078125 0.65 0.521875 0.671875 0.521875
2 0.6546875 0.503125 0.63125 0.503125 0.63125 0.5203125 0.6546875 0.5203125
2 0.64375 0.49375 0.6203125 0.49375 0.6203125 0.5109375 0.64375 0.5109375
2 0.3984375000000001 0.5828125 0.3656250000000001 0.5828125 0.3656250000000001 0.6046875 0.3984375000000001 0.6046875
2 0.4171875 0.5015625 0.38750000000000007 0.5015625 0.38750000000000007 0.521875 0.4171875 0.521875
2 0.415625 0.48125 0.3890625000000001 0.48125 0.3890625000000001 0.5 0.415625 0.5
2 0.3984375000000001 0.4875 0.3656250000000001 0.4875 0.3656250000000001 0.509375 0.3984375000000001 0.509375