1 0.41970224917238214 0.6394971897476751 0.3174338645516152 0.5160706133763211 0.11325855781250009 0.6852455140625 0.215526942433267 0.8086720904338541
1 0.34799116519304635 0.5944539720852208 0.2977990143768203 0.4664967976762579 0.06077545387127394 0.5594710474660372 0.11096760468749997 0.6874282218750001
1 0.32269030555570705 0.48366958732987103 0.2953314475777629 0.3756389715176262 0.056112413897055846 0.43622142325025515 0.083471271875 0.5442520390625
3 0.4687469437500001 0.6795709624999999 0.4576828187504063 0.6787052388051579 0.45358733507072574 0.7310463536848263 0.46465146007031954 0.7319120773796685
3 0.47903117343750007 0.6650448609375 0.4698799436402738 0.6631768974382064 0.46000035926527383 0.7115773865007065 0.4691515890625001 0.71344535
3 0.555935207959658 0.6547552957293783 0.548614303125 0.6424200656250001 0.509078851415342 0.665884182395622 0.51639975625 0.6782194125000001
3 0.5867380488592497 0.6663214077258178 0.5859834968750001 0.653302609375 0.5457255717298751 0.6556359043905207 0.5464801237141248 0.6686547027413385
3 0.6194370107035878 0.6976615611499225 0.597580684375 0.6521256124999999 0.5855029043706624 0.6579227004914927 0.6073592306992502 0.7034586491414152
3 0.5174737156250002 0.6842332796875 0.4757023234375001 0.6686035890625001 0.47170541040486863 0.6792856061178042 0.5134768025923687 0.6949152967428042
0 0.522108423241452 0.6459496636674973 0.515540953125 0.6278140296875 0.4582511763950901 0.648560417548375 0.4648186465115421 0.6666960515283723
0 0.5340103906250001 0.6584575859375 0.5277823953125 0.6377960843750001 0.47564140561183155 0.6535129401157397 0.4818694009243316 0.6741744416782396
0 0.5995496986904574 0.7288977530484672 0.5981786708948134 0.6589620614253746 0.5814731046875001 0.659289559375 0.582844132483144 0.7292252509980925
0 0.6020222319181568 0.7932151194144076 0.5830843515625 0.7201892328125 0.5648976946443431 0.7249055977730924 0.5838355749999999 0.797931484375
0 0.5132896211873218 0.7342097025585848 0.4957527101619313 0.7326138803975816 0.4891984186621096 0.8046407200264969 0.5067353296875001 0.8062365421875002
0 0.5288563562500002 0.7687194125000001 0.5090741766444618 0.762821988113754 0.48824165945696174 0.8327020865512541 0.5080238390625001 0.8385995109375001
2 0.4859375 0.69375 0.46875 0.69375 0.46875 0.7140625 0.4859375 0.7140625
2 0.503125 0.7 0.48125 0.7 0.48125 0.7234375 0.503125 0.7234375
2 0.515625 0.69375 0.5015625 0.69375 0.5015625 0.715625 0.515625 0.715625
2 0.5265625 0.709375 0.5078125 0.709375 0.5078125000000001 0.73125 0.5265625000000002 0.73125
2 0.4312500000000001 0.7171875 0.4109375 0.7171875 0.41093750000000007 0.740625 0.4312500000000002 0.740625
2 0.43281250000000016 0.7515625 0.4125000000000002 0.7515625 0.4125000000000002 0.78125 0.43281250000000016 0.78125