1 0.515875812599293 0.31741682155304474 0.384725728125 0.08696648281249997 0.24541555986518357 0.1662483811826864 0.37656564433947665 0.39669871992323114
1 0.5552238995077481 0.31299481527570167 0.5203886866484512 0.06502691894642525 0.38297400000000004 0.08433131250000002 0.41780921285929695 0.3322992088292764
1 0.6515200555495279 0.12026749990602018 0.5287497031249999 0.08211499375000006 0.46506312570047215 0.28705103446897995 0.5878334781250001 0.3252035406250001
3 0.3312706270068181 0.4272458215078328 0.2804156390625 0.41458848593750003 0.277729172993182 0.4253822425546672 0.3285841609375001 0.438039578125
3 0.3442873218860533 0.44190069722427017 0.29786039205423187 0.42508435423691837 0.29467681079317865 0.4338736554501483 0.3411037406250001 0.4506899984375
3 0.3513018296875 0.5231447578124999 0.33145898469458157 0.4806214215065327 0.3185330880437935 0.4866530875496339 0.3383759330367119 0.5291764238556012
3 0.33712049531250005 0.517809578125 0.3242394757415282 0.5168414363480289 0.3212145038665283 0.5570883535355289 0.33409552343750004 0.5580564953125
3 0.33324080937499995 0.5696818796875 0.3296290766804624 0.5567809339747144 0.2809896094053417 0.5703979786560467 0.28460134209987925 0.5832989243688322
3 0.3381771250000001 0.446793753125 0.32835144844200065 0.4410026496182053 0.3057056828170006 0.47942537305570526 0.31553135937500004 0.4852164765625
0 0.37142909375 0.49311017812499996 0.35177678437500004 0.434689634375 0.33450856485460195 0.44049855655522674 0.35416087422960196 0.4989191003052267
0 0.35947298593750004 0.5034322796875002 0.35304909419195313 0.44935422512297185 0.33162000669195313 0.4518997704354718 0.3380438984375 0.5059778250000001
0 0.3289827515625 0.552575003125 0.2593580459893297 0.5431455665773346 0.2571225084407599 0.5596522414809881 0.32674721401393014 0.5690816780286534
0 0.2689025916968691 0.5319796222317897 0.1920368687500001 0.530826665625 0.19176198218627002 0.549152901256992 0.26862770513313905 0.5503058578637818
0 0.2702927359375001 0.46044790937500013 0.20311971983446675 0.43678349711361053 0.19724630156250006 0.45345558750000003 0.26441931766553334 0.4771199997613896
0 0.23677905820704037 0.4723720589567102 0.17717616795133662 0.4315483098469139 0.1651512515625 0.44910475156249985 0.22475414181820375 0.48992850067229615
2 0.3156250000000001 0.4328125 0.2906250000000001 0.4328125 0.2906250000000001 0.4515625 0.3156250000000001 0.4515625
2 0.3062500000000001 0.44375 0.2796875000000001 0.44375 0.2796875000000001 0.46875 0.3062500000000001 0.46875
2 0.3109375000000001 0.4640625 0.28593750000000007 0.4640625 0.28593750000000007 0.4828125 0.3109375000000001 0.4828125
2 0.2921875000000001 0.46875 0.2671875000000001 0.46875 0.2671875000000001 0.490625 0.2921875000000001 0.490625
2 0.3031250000000001 0.3703125 0.2750000000000001 0.3703125 0.2750000000000001 0.396875 0.3031250000000001 0.396875
2 0.2687500000000001 0.3640625 0.23437500000000008 0.3640625 0.23437500000000008 0.3890625 0.2687500000000001 0.3890625