2 0.5943250689217361 0.5143716764674415 0.5936724743931603 0.4788794690069384 0.5614321804714243 0.47947227066449705 0.562084775 0.5149644781250001
2 0.5192987196008014 0.49308109548033474 0.5139451625660981 0.4634435952061347 0.48321574010376367 0.46899439113269975 0.4885692971384669 0.4986318914068998
2 0.48315589698936956 0.534681825574212 0.4380105519901588 0.5312647906848684 0.4354061411090755 0.5656738709412279 0.48055148610828624 0.5690909058305714
2 0.442032824538405 0.5411623562888761 0.4379308116607559 0.5102117354960785 0.3915279001355957 0.5163617039219432 0.3956299130132447 0.5473123247147409
2 0.4075342066769402 0.661987012840868 0.4010366377597684 0.6298359840439348 0.36071337534763553 0.6379851222299273 0.36721094426480727 0.6701361510268606
2 0.3219611933913322 0.6146239648732218 0.31046112769845463 0.5811221380092271 0.26880324309779857 0.5954219077345827 0.2803033087906762 0.6289237345985774
0 0.5619052932541891 0.4506900782797317 0.5390913729414696 0.35591521445765795 0.49891190487366277 0.3655870952258254 0.5217258251863823 0.4603619590478991
0 0.6143091526714701 0.4339363535637114 0.5960905962714087 0.40676544591521563 0.5076194764073255 0.466086838776732 0.525838032807387 0.4932577464252278
3 0.4932809285745492 0.3486484927381276 0.4074334107358143 0.34472066720056666 0.40669639509018457 0.36082906182771773 0.49254391292891936 0.3647568873652786
3 0.40922540004117314 0.42118003850822355 0.40372762491463926 0.40759730769532315 0.3153227851043685 0.4433802394245231 0.32082056023090233 0.4569629702374235
3 0.4100553593253321 0.4648354283061901 0.40964104913768773 0.44860571859064374 0.3173552307502975 0.4509615804885537 0.31776954093794185 0.4671912902041001
3 0.33564041858222043 0.5013319526685818 0.3354235383740424 0.4816692814082745 0.237782530395854 0.4827462664148728 0.23799941060403204 0.50240893767518
0 0.4969846677200758 0.5153749202579083 0.47399228388092823 0.42543584215903696 0.44072485358377494 0.4339404604284545 0.4637172374229225 0.5238795385273259
0 0.600123717089785 0.5515566713657872 0.5807733066123275 0.5332261825653541 0.5071580984405475 0.6109373942529421 0.5265085089180048 0.6292678830533752
3 0.5176479366879582 0.668404653413241 0.47975300340681626 0.6093580958912017 0.4605819847738398 0.6216616831368598 0.4984769180549817 0.6807082406588989
0 0.42025343719657987 0.5802614762651155 0.4020659103084655 0.5582255187019294 0.3063822318102135 0.6371986910930382 0.3245697586983279 0.6592346486562242