2 0.471875 0.3812500000000001 0.4265625 0.3812500000000001 0.4265625 0.4203125 0.471875 0.4203125
2 0.5359375 0.5140625 0.490625 0.5140625 0.490625 0.553125 0.5359375 0.553125
2 0.59375 0.565625 0.55 0.565625 0.55 0.6078125 0.59375 0.6078125
2 0.7703125 0.4687500000000001 0.721875 0.46875 0.721875 0.5078125000000001 0.7703125 0.5078125000000002
2 0.775 0.5078125000000002 0.728125 0.5078125000000002 0.728125 0.5468750000000002 0.775 0.5468750000000002
2 0.734375 0.5218750000000001 0.69375 0.521875 0.69375 0.5562500000000001 0.734375 0.5562500000000001
3 0.85 0.4359375000000002 0.7359375 0.4359375000000002 0.7359375 0.4750000000000002 0.85 0.4750000000000002
3 0.5015625 0.46875 0.4734375 0.46875 0.4734375 0.5453125 0.5015625 0.5453125
3 0.5046875 0.4015625 0.4515625 0.4015625 0.4515625 0.478125 0.5046875 0.478125
3 0.48079929457844506 0.48537719357458775 0.4318049380747547 0.42100813427282774 0.4129119951311413 0.4353884528921177 0.4619063516348317 0.49975751219387765
0 0.46875 0.4578125 0.4140625 0.4578125 0.4140625 0.565625 0.46875 0.565625
0 0.7195015713549789 0.3735555105862721 0.585012203597081 0.32142664105153396 0.5685045989383888 0.3640152744433512 0.7029939666962869 0.41614414397808935
0 0.6929863625 0.46868871875 0.5634215684062497 0.4656090780373625 0.5626434954097312 0.4983436977513219 0.6922082895034816 0.5014233384639594
0 0.6652111831805959 0.6080360770122033 0.607131481480448 0.5034357700530042 0.5686024171875 0.5248291734375001 0.6266821188876477 0.6294294803966991
0 0.6417013546875 0.6021461796875001 0.5557391085531388 0.5173562773950297 0.5265394265625001 0.5469596875 0.6125016726968613 0.6317495897924703
3 0.586266875 0.4634920359375001 0.5012149110852433 0.4384119307995487 0.4943841390625 0.46157652968750007 0.5794361029772567 0.4866566348254514
3 0.49399594375 0.6394524671875 0.45500950944740987 0.5750920185093624 0.43548028125 0.5869218765625 0.4744667155525901 0.6512823252406376
3 0.7364483374999999 0.5657210078125001 0.7255101951419443 0.5472364550346501 0.6491522901832887 0.592420866290815 0.6600904325413446 0.6109054190686651