2 0.6265625 0.6625 0.5890625 0.6625 0.5890625 0.7109375 0.6265625 0.7109375
2 0.5812500000000002 0.7359375 0.5500000000000002 0.7359375 0.5500000000000002 0.7796875 0.5812500000000002 0.7796875
2 0.4453125 0.625 0.4125 0.625 0.4125 0.66875 0.4453125 0.66875
2 0.5171875 0.5046875 0.4875 0.5046875 0.4875 0.5484375 0.5171875 0.5484375
2 0.61875 0.49375 0.5875 0.49375 0.5875 0.5375 0.61875 0.5375
2 0.59375 0.5609375 0.565625 0.5609375 0.565625 0.5953125 0.59375 0.5953125
3 0.5298051333780178 0.870849145631234 0.4707703548505161 0.7803875577172859 0.4412819074026483 0.7996315706110317 0.50031668593015 0.8900931585249798
3 0.5179456724953765 0.7284871220224717 0.475365212808212 0.6445604194880671 0.4562139893186548 0.6542768491240663 0.49879444900581926 0.7382035516584707
3 0.6046875 0.5875 0.5359375 0.5875 0.5359375 0.6104166671875 0.6046875 0.6104166671875
0 0.4682034816267125 0.617431507358733 0.44502283094178086 0.6149914388655823 0.4309874428681507 0.7483276255650686 0.4541680935530823 0.7507676940582193
0 0.6061526232114467 0.5447343661988275 0.5254635333863276 0.47718070960105335 0.5046686205703497 0.5020190776868045 0.5853577103954689 0.5695727342845788
0 0.43062500000000004 0.4366666671875 0.40645833312500007 0.42458333375000007 0.35687500000000005 0.52375 0.381041666875 0.5358333334375001
0 0.3887854997942838 0.4583856524420152 0.36374639117020513 0.43968802513456823 0.3017447041142387 0.5227181846057734 0.32678381273831736 0.5414158119132203
0 0.49812892919353724 0.41609791826404613 0.4091640625000001 0.4060687500000001 0.4054458365316722 0.4390516922440356 0.4944107032252093 0.4490808605080816
3 0.49724268176892245 0.41369107670871513 0.4289734375 0.3916270828125 0.4231556232395769 0.40962825634093275 0.4914248675084993 0.43169225023714786
3 0.4012723835490066 0.45012854647204126 0.38579959438630435 0.44185497592769163 0.34890794093799943 0.5108477732464906 0.36438073010070166 0.5191213437908402