2 0.35781250000000003 0.3453125 0.303125 0.3453125 0.30312500000000003 0.3890625 0.3578125000000001 0.3890625
2 0.27812500000000007 0.38125 0.2296875000000001 0.38125 0.2296875000000001 0.41875 0.27812500000000007 0.41875
2 0.3703125000000001 0.53125 0.3218750000000001 0.53125 0.3218750000000001 0.56875 0.3703125000000001 0.56875
2 0.4984375 0.4765625 0.4515625 0.4765625 0.4515625 0.5125 0.4984375 0.5125
2 0.525 0.3781250000000001 0.4765625 0.3781250000000001 0.4765625 0.415625 0.525 0.415625
2 0.453125 0.39531250000000007 0.415625 0.39531250000000007 0.415625 0.428125 0.453125 0.428125
3 0.21542515590874883 0.49384259262346647 0.13796278779889404 0.418786822523946 0.11318412028878624 0.44435999646373253 0.190646488398641 0.5194157665632531
3 0.35341793271329797 0.5042761207168714 0.27623405455672323 0.4504297127614361 0.2639468490230397 0.4680422928908575 0.34113072717961446 0.5218887008462929
3 0.4279212228271591 0.38415366353753244 0.40522757868682835 0.38096428193988185 0.39565943415965854 0.4490452124697358 0.41835307829998936 0.45223459406738636
0 0.37928610739210916 0.515143769358563 0.24529419201818142 0.5104857556828597 0.24448439093433283 0.533780405688449 0.37847630630826057 0.5384384193641522
0 0.526141053277623 0.4779601071932908 0.47047457550607685 0.3886546257084566 0.44298384093225307 0.4057903304785732 0.4986503187037991 0.4950958119634074
0 0.5614554792907505 0.603404555596247 0.5536577054905696 0.5778923322042425 0.447497089570699 0.61034016933358 0.4552948633708799 0.6358523927255845
0 0.5407174683755718 0.6431290094741701 0.5256292688719477 0.6157628116244714 0.43487465727751157 0.665799857074899 0.44996285678113557 0.6931660549245976
0 0.5828251502918352 0.5135297745696727 0.5496457182750871 0.5126214764393614 0.5471957664207521 0.6021163331196888 0.5803751984375001 0.60302463125
3 0.597433253125 0.5854179312500001 0.5850852264466566 0.5147423650686096 0.5664495549165921 0.5179982819526922 0.5787975815949354 0.5886738481340826
3 0.5402440764724711 0.6151096219232406 0.5325921131512666 0.5988418748160209 0.46163529804555575 0.6322182817025909 0.46928726136676013 0.6484860288098105