3 0.7390625 0.44218750000000007 0.6421875 0.4421875 0.6421875 0.4687500000000001 0.7390625 0.46875000000000017
2 0.625 0.53125 0.578125 0.53125 0.578125 0.5640625 0.625 0.5640625
3 0.50625 0.54375 0.4640625 0.54375 0.4640625 0.615625 0.50625 0.615625
2 0.6375 0.3750000000000001 0.590625 0.3750000000000001 0.590625 0.4109375 0.6375 0.4109375
0 0.703125 0.48125 0.571875 0.48125 0.571875 0.5171875 0.703125 0.5171875
2 0.7234375 0.553125 0.6765625 0.553125 0.6765625 0.5890625 0.7234375 0.5890625
2 0.6796875 0.5640625 0.6359375 0.5640625 0.6359375 0.5953125 0.6796875 0.5953125
2 0.4984375 0.3453125000000001 0.459375 0.3453125000000001 0.459375 0.3734375000000001 0.4984375 0.3734375000000001
0 0.5109375 0.3937500000000001 0.4703125 0.3937500000000001 0.4703125 0.4828125 0.5109375 0.4828125
2 0.4618944656250001 0.43603185312500015 0.4326155995093958 0.4355673405528133 0.4321979198218958 0.46189426555281327 0.4614767859375001 0.46235877812500015
3 0.5030895859375 0.4856485812500001 0.4721301358804184 0.479153158930594 0.4567508577554184 0.5524561667430941 0.48771030781249997 0.5589515890625001
0 0.6548335398667733 0.6384932946899942 0.6431822947560702 0.6108866851973034 0.5142744109375 0.6652916765624999 0.5259256560482031 0.6928982860551908
0 0.5323056625 0.6627469125000001 0.4812845546626382 0.5747225354179429 0.44518590781249995 0.5956462046875 0.4962070156498618 0.6836705817695571
3 0.8376708859375 0.53012235625 0.8219021591153254 0.5047086165144273 0.7252485499999999 0.5646802843750001 0.7410172768221744 0.5900940241105728
3 0.8001976453124999 0.4786231984375002 0.7885868643404995 0.45518423592398083 0.691013415625 0.5035184546875 0.7026241965970004 0.5269574172010194
3 0.4808797390592604 0.5257693148424252 0.4102962152501804 0.4846861231078772 0.39936800156249996 0.5034614859375001 0.46995152537158 0.5445446776720481
3 0.4831328514100548 0.45079173378075266 0.45761299843750003 0.39093408125000007 0.4355876376524451 0.4003244255942474 0.461107490625 0.460182078125
0 0.45475242187500003 0.593763334375 0.42815981749671234 0.502864777449475 0.39039901875 0.5139117953124999 0.41699162312828764 0.6048103522380248