3 0.6328125 0.4625 0.6015625 0.4625 0.6015625 0.540625 0.6328125 0.540625
3 0.5265625 0.703125 0.4484375 0.703125 0.4484375000000001 0.765625 0.5265625000000002 0.765625
0 0.4734375 0.409375 0.3812500000000001 0.409375 0.3812500000000001 0.4578125 0.4734375 0.4578125
3 0.3656250000000001 0.4765625 0.2984375000000001 0.4765625 0.2984375000000001 0.5421875 0.3656250000000001 0.5421875
2 0.5031250000000002 0.7953125 0.4671875000000002 0.7953125 0.4671875000000002 0.846875 0.5031250000000002 0.846875
2 0.56875 0.425 0.5390625 0.425 0.5390625 0.45625 0.56875 0.45625
3 0.4796875 0.6296875 0.4515625 0.6296875 0.4515625 0.7203125 0.4796875 0.7203125
2 0.5046875 0.6328125 0.471875 0.6328125 0.471875 0.6765625 0.5046875 0.6765625
3 0.3812500000000001 0.5109375 0.3062500000000001 0.5109375 0.3062500000000001 0.5609375 0.3812500000000001 0.5609375
0 0.6296875 0.4359375 0.53125 0.4359375 0.53125 0.46875 0.6296875 0.46875
2 0.615625 0.653125 0.58125 0.653125 0.58125 0.6984375 0.615625 0.6984375
2 0.425 0.553125 0.39531250000000007 0.553125 0.39531250000000007 0.5984375 0.425 0.5984375
3 0.46875 0.53125 0.4203125 0.53125 0.4203125 0.6078125 0.46875 0.6078125
0 0.60625 0.45625 0.5078125 0.45625 0.5078125 0.49375 0.60625 0.49375
0 0.515625 0.5328125 0.4921875 0.5328125 0.4921875 0.665625 0.515625 0.665625
3 0.5402883517618948 0.6692307594588839 0.5276890624999999 0.57298125 0.508475710738105 0.575496323353616 0.521075 0.6717458328124999
2 0.5359845014323861 0.4589877096188322 0.5310767342384327 0.42705939362454765 0.5012875453060465 0.43163835119321536 0.5061953124999998 0.4635666671874999
0 0.5758114571358293 0.6718353450452951 0.5428437500000001 0.5439458328125 0.5104276053641709 0.552302154954705 0.5433953125000001 0.6801916671875001