2 0.5264509006181589 0.40837444317544513 0.49115647368908444 0.40509824350566975 0.4881649480709257 0.4373258831427247 0.5234593750000001 0.44060208281250013
2 0.49705436012993615 0.5111290556221173 0.49583429214691366 0.4799261682517537 0.46574015062530566 0.48110288302533377 0.46696021860832815 0.5123057703956972
2 0.570219518845846 0.5523526445527713 0.5425275678601018 0.5181453500366018 0.5147936985866562 0.5405968464039123 0.5424856495724004 0.5748041409200816
2 0.5336791832267508 0.6085944082647589 0.5311903564188495 0.5624070571485131 0.49957175860030734 0.5641108399370298 0.5020605854082086 0.6102981910532755
2 0.6521093715757 0.6514446619995982 0.6442247463111622 0.61136535989452 0.6113226878286309 0.6178380375096775 0.6192073130931688 0.6579173396147556
2 0.5983402007014509 0.7318330090957083 0.5847981487341062 0.6904564327393239 0.5508728496745411 0.7015597719550987 0.5644149016418858 0.742936348311483
0 0.4638474999401502 0.4725087562603445 0.45965827973953755 0.43147420188074337 0.36261233175784 0.441381628726705 0.3668015519584527 0.48241618310630613
0 0.4969193205011841 0.4734750809832106 0.45048803963678896 0.3776090129239251 0.42104602483020315 0.3918688077227778 0.46747730569459833 0.4877348757820633
3 0.3660087399404417 0.4893242784836215 0.34973912924898326 0.48485013554347045 0.32689570017431735 0.5679171503604372 0.3431653108657758 0.5723912933005884
3 0.43244485294117646 0.6714460789522059 0.40931372536764704 0.5789215686580882 0.3950980393382353 0.5824754901654411 0.4182291669117647 0.6750000004595588
3 0.4530827703547297 0.5846283778716217 0.4368665541385136 0.581925675168919 0.4217060810810812 0.6728885135135136 0.43792229729729737 0.6755912162162163
3 0.4784445580513751 0.6629454169855622 0.4589430596927461 0.6604236715298925 0.44642056059720997 0.7572643320368719 0.46592205895583894 0.7597860774925417
0 0.5193412170448315 0.534797291120343 0.5136402005181695 0.500591209063413 0.4214104712541088 0.5159628382932342 0.4271114877807708 0.5501689203501643
0 0.631699128373897 0.4917400820130938 0.5649894538795206 0.40802598199485046 0.5441442996333016 0.42463696454435296 0.610853974127678 0.5083510645625963
3 0.6776541090929349 0.5279109595075295 0.6695419522236816 0.5062785384854687 0.6044734583517076 0.5306792206373734 0.6125856152209609 0.5523116416594342
0 0.63326981706236 0.695884146371483 0.5683818013814401 0.5901407128091691 0.5440290806971568 0.6050844276896175 0.6089170963780765 0.7108278612519312