1 0.55625 0.5890625 0.5125 0.5890625 0.5125 0.625 0.55625 0.625
1 0.5140625 0.446875 0.4703125 0.446875 0.4703125 0.4828125 0.5140625 0.4828125
1 0.4640625 0.3843750000000001 0.421875 0.3843750000000001 0.421875 0.4234375 0.4640625 0.4234375
1 0.27812500000000007 0.45625 0.2312500000000001 0.45625 0.2312500000000001 0.4921875 0.27812500000000007 0.4921875
1 0.2796875000000001 0.4171875 0.23437500000000008 0.4171875 0.23437500000000008 0.453125 0.2796875000000001 0.453125
1 0.3156250000000001 0.4125 0.2765625000000001 0.4125 0.2765625000000001 0.4453125 0.3156250000000001 0.4453125
2 0.2609375000000001 0.48125 0.14687500000000003 0.48125 0.14687500000000003 0.515625 0.2609375000000001 0.515625
2 0.5265625 0.4578125 0.503125 0.4578125 0.503125 0.534375 0.5265625 0.534375
2 0.5375 0.5265625 0.4890625 0.5265625 0.4890625 0.6 0.5375 0.6
2 0.5636840062500001 0.5840152906249999 0.5404282519888064 0.5085032368934239 0.5179984512516493 0.515411033838334 0.5412542055128431 0.59092308756991
0 0.584375 0.4453125 0.5359375 0.4453125 0.5359375 0.55 0.584375 0.55
0 0.41052976313498785 0.6226182205726104 0.2826627041985925 0.5556076286084879 0.2617490415581707 0.5955142829900887 0.389616100494566 0.6625248749542112
0 0.437392728125 0.4944392046875 0.3111045312161315 0.46851761956621213 0.30449145625000007 0.5007360703125 0.43077965315886857 0.526657655433788
0 0.43612633125 0.46474473125000004 0.3662322390625 0.36288622656249997 0.33243501705038775 0.38607747758511457 0.40232910923788784 0.4879359822726146
0 0.48113343124999985 0.4494667828125 0.40965356169317896 0.352223451270572 0.37602240625 0.3769444328125001 0.4475022758068209 0.47418776435442817
2 0.4995359656249999 0.5388289281249999 0.4169167038533024 0.5039891267612837 0.4076213035756875 0.5260322808192397 0.490240565347385 0.5608720821829559
2 0.5773229515624999 0.42424138281250007 0.5435984717563304 0.3554336167238513 0.5233405621321697 0.3653625463036174 0.5570650419383394 0.4341703123922661
2 0.3650078796875 0.379998725 0.35572340626920274 0.3604974973922174 0.2767437640625 0.3980994578125 0.2860282374807973 0.4176006854202825