2 0.5828125000000001 0.65 0.55625 0.65 0.5562500000000001 0.75 0.5828125000000002 0.75
2 0.4828125 0.3937500000000001 0.4203125 0.3937500000000001 0.4203125 0.43125 0.4828125 0.43125
1 0.6265625 0.4359375 0.596875 0.4359375 0.596875 0.46875 0.6265625 0.46875
0 0.475 0.45625 0.4453125 0.45625 0.4453125 0.56875 0.475 0.56875
1 0.446875 0.4078125 0.4171875 0.4078125 0.4171875 0.4375 0.446875 0.4375
1 0.484375 0.6234375 0.453125 0.6234375 0.453125 0.6671875 0.484375 0.6671875
1 0.5109375 0.64375 0.484375 0.64375 0.484375 0.6765625 0.5109375 0.6765625
1 0.6296875 0.6796875 0.596875 0.6796875 0.596875 0.725 0.6296875 0.725
1 0.515625 0.60625 0.4875 0.60625 0.4875 0.64375 0.515625 0.64375
0 0.39174933785008836 0.45635363589280276 0.37042743859386207 0.43952219249824126 0.3017281007437738 0.5265498066054386 0.3230500000000001 0.5433812500000001
0 0.45341575553060026 0.5395062375093607 0.39191875000000004 0.44281458281250013 0.3661378488681823 0.4592115327298204 0.4276348543987825 0.555903187426681
0 0.5038296875 0.5910729171875001 0.4247881203125001 0.5329477359375001 0.40144670833665164 0.5646885708607485 0.48048827552415163 0.6228137521107484
0 0.6628624999999999 0.45041041718750013 0.6411488054432143 0.4279338747086504 0.573795418867517 0.4930013051128593 0.5955091134243026 0.515477847591709
2 0.5738520395443764 0.674791472692779 0.52175 0.5983291671875 0.5029985968925816 0.6111065264334595 0.555100636436958 0.6875688319387385
2 0.52175 0.8105291671874999 0.4512546874999999 0.73961875 0.4284287471034037 0.7623110689171151 0.4989240596034038 0.833221486104615
2 0.4050228155316689 0.6485679302930005 0.37323593750000006 0.5580666671875 0.35174703807155555 0.5656142416823497 0.3835339161032244 0.6561155047878502