2 0.367128009375 0.5299813140625 0.34026177966931187 0.5191661499700523 0.30916871246998784 0.5964052448641151 0.336034942175676 0.6072204089565629
2 0.5111479093749999 0.36465357812500004 0.4536160501145095 0.30698404091469794 0.4376856902193973 0.32287636930485586 0.4952175494798878 0.38054590651515796
2 0.541771495240334 0.3663461992155429 0.48039325903806984 0.3189764381080086 0.46647508456106596 0.33701058015518043 0.52785332076333 0.3843803412627148
2 0.4652998789688686 0.3996493698480903 0.4486422653310772 0.3834652871667862 0.39103796722200695 0.4427550325711104 0.4076955808597984 0.45893911525241443
2 0.5576892665162936 0.6809768054309642 0.5542978876440038 0.6623124758965802 0.4775720961277101 0.676253840778116 0.480963475 0.6949181703125
2 0.5501091046875 0.559770515625 0.5315818349052872 0.5576806834411749 0.5237546625000001 0.6270719656250001 0.5422819322822129 0.6291617978088252
2 0.4841067857017908 0.3973895086487392 0.46998618583083085 0.38244710164210605 0.4105858457263086 0.4385805234156234 0.42470644559726856 0.45352293042225655
0 0.5049548786582199 0.41950871674391194 0.4866643865325739 0.39458372393412866 0.3923026737188148 0.46382836437812064 0.4105931658444608 0.48875335718790397
0 0.5724984634164704 0.39911852630291533 0.53433940142269 0.3972939771880201 0.5295784098812197 0.496866507135105 0.5677374718750001 0.4986910562500002
0 0.5127247218750001 0.5128845734375 0.49739338134369815 0.4871411017404519 0.40550169687500004 0.5418665375 0.42083303740630196 0.5676100091970482
0 0.408272225 0.5074457546875001 0.3741506578572608 0.49019486962139763 0.3218947317848319 0.593555020897929 0.35601629892757114 0.6108059059640313
0 0.6183855890624999 0.4642393781249998 0.569627390658424 0.376615809428725 0.5362865074181473 0.3951683681088151 0.5850447058222231 0.48279193680508997
1 0.5765625 0.5828125 0.5453125 0.5828125 0.5453125 0.6109375 0.5765625 0.6109375
1 0.5453125 0.5484375 0.5109375 0.5484375 0.5109375 0.5765625 0.5453125 0.5765625
1 0.45625 0.475 0.4203125 0.475 0.4203125 0.5046875 0.45625 0.5046875
1 0.4234375 0.475 0.3890625000000001 0.475 0.3890625000000001 0.509375 0.4234375 0.509375
1 0.4171875 0.56875 0.37968750000000007 0.56875 0.37968750000000007 0.59375 0.4171875 0.59375
1 0.4125 0.621875 0.3687500000000001 0.621875 0.3687500000000001 0.65625 0.4125 0.65625