2 0.4515625000000001 0.634375 0.4140625 0.634375 0.4140625000000001 0.734375 0.4515625000000002 0.734375
1 0.553125 0.58125 0.515625 0.58125 0.515625 0.63125 0.553125 0.63125
2 0.6203125 0.4703125 0.54375 0.4703125 0.54375 0.5203125 0.6203125 0.5203125
1 0.4015625 0.5734375 0.3609375000000001 0.5734375 0.3609375000000001 0.625 0.4015625 0.625
0 0.5078125 0.5703125 0.45625 0.5703125 0.45625 0.7046875 0.5078125 0.7046875
1 0.565625 0.68125 0.525 0.68125 0.5250000000000001 0.7328125 0.5656250000000002 0.7328125
1 0.578125 0.6421875 0.540625 0.6421875 0.540625 0.690625 0.578125 0.690625
1 0.37968750000000007 0.440625 0.3468750000000001 0.440625 0.3468750000000001 0.4828125 0.37968750000000007 0.4828125
0 0.4859375 0.4578125 0.3921875000000001 0.4578125 0.3921875000000001 0.509375 0.4859375 0.509375
1 0.47217753456909584 0.4300373211840512 0.446320856527327 0.4254228366594539 0.4411525578125001 0.4543827421875001 0.467009235854269 0.45899722671209736
2 0.560009909375 0.49498630468749993 0.5573359103669461 0.463466027541378 0.48270502911694607 0.469797282228878 0.48537902812499994 0.501317559375
0 0.6883009091712579 0.5492407979891061 0.6623200046874999 0.5343120000000001 0.5926106203185817 0.6556287234382875 0.6185915248023397 0.6705575214273936
0 0.6827353713794053 0.518726187757031 0.6016134296875 0.45725082343750023 0.5764748114330945 0.49042335599296916 0.6575967531249999 0.5518987203125001
2 0.5600498603254528 0.7502004702928848 0.5367472750000001 0.7314521250000001 0.4654435131120473 0.8200765859571153 0.4887460984375 0.8388249312499999
2 0.5020628025503628 0.7043991492237327 0.48021354843750014 0.6900184218750002 0.42034839276213737 0.7809741132762678 0.4421976468750001 0.7953548406250003
2 0.5418397384485276 0.4794074556331247 0.5156996390625002 0.40053994687500005 0.49580136921837337 0.4071350930831891 0.5219414686044008 0.48600260184131383
2 0.4652186796875001 0.45654480625000016 0.4075311367891493 0.4251351650888201 0.396093820956929 0.44614115634887447 0.4537813638552798 0.4775507975100545
0 0.6141473642588772 0.4301991509578193 0.5271650984375 0.3929113890625001 0.5115964638661229 0.4292288037296809 0.5985787296875 0.4665165656250001