2 0.5453125 0.3218750000000001 0.5203125 0.3218750000000001 0.5203125 0.38750000000000007 0.5453125 0.38750000000000007
1 0.465625 0.3078125000000001 0.425 0.3078125000000001 0.425 0.3390625000000001 0.465625 0.3390625000000001
1 0.4078125 0.6203125 0.3671875000000001 0.6203125 0.3671875000000001 0.6546875 0.4078125 0.6546875
1 0.5234375 0.490625 0.4796875 0.490625 0.4796875 0.5171875 0.5234375 0.5171875
1 0.3625000000000001 0.3703125 0.31718750000000007 0.3703125 0.31718750000000007 0.403125 0.3625000000000001 0.403125
1 0.5140625 0.3968750000000001 0.4765625 0.3968750000000001 0.4765625 0.425 0.5140625 0.425
1 0.4203125 0.403125 0.3765625000000001 0.403125 0.3765625000000001 0.4328125 0.4203125 0.4328125
2 0.5566933374999999 0.6200475984375001 0.544888629444553 0.6029395906199911 0.47853052400758533 0.648727391873757 0.4903352320630324 0.665835399691266
2 0.42268283437500004 0.4957518484375001 0.34713909666891213 0.44224321997469007 0.33318363534785256 0.46194560704555876 0.40872737305394047 0.5154542355083687
2 0.35193890658140436 0.47710799728815995 0.3297380846977366 0.45723033200696117 0.2727117625 0.5209214750000001 0.29491258438366774 0.5407991402811989
2 0.33335246250000006 0.5458825765624999 0.32262031395613705 0.525748303789225 0.23340743125 0.5733013453125 0.24413957979386297 0.593435618085775
0 0.6275244156250002 0.5702382140625 0.5311880531861469 0.5116491732997079 0.5145199044113287 0.5390561559136879 0.6108562668501819 0.5976451966764801
0 0.5975235580554346 0.5884277761347011 0.5832645300739662 0.5588820166526819 0.48819325624999993 0.6047642000000001 0.5024522842314683 0.6343099594820193
0 0.4815140999999999 0.6196252171875 0.35118776398110196 0.5973524998484894 0.34575681676606873 0.6291310853203045 0.47608315278496666 0.651403802659315
0 0.4819569828125001 0.40971520625000013 0.3668799730386157 0.3677602682842493 0.35789409171641234 0.3924073873810837 0.47297110149029675 0.4343623253468346
0 0.5933412468750001 0.46120099843750006 0.4829025483497988 0.4506444427974823 0.4803176675257596 0.4776864898234531 0.5907563660509609 0.48824304546347086