2 0.634375 0.4578125 0.6 0.4578125 0.6 0.5375 0.634375 0.5375
2 0.534375 0.7015625 0.4546875 0.7015625 0.4546875000000001 0.7671875 0.5343750000000002 0.7671875
0 0.471875 0.4109375 0.3781250000000001 0.4109375 0.3781250000000001 0.4625 0.471875 0.4625
2 0.3671875000000001 0.48125 0.3000000000000001 0.48125 0.3000000000000001 0.5484375 0.3671875000000001 0.5484375
1 0.5140625000000002 0.7953125 0.47656250000000017 0.7953125 0.47656250000000017 0.846875 0.5140625000000002 0.846875
1 0.5671875 0.4234375 0.5359375 0.4234375 0.5359375 0.45625 0.5671875 0.45625
2 0.4875 0.6296875 0.45625 0.6296875 0.45625 0.721875 0.4875 0.721875
1 0.5109375 0.6328125 0.478125 0.6328125 0.478125 0.678125 0.5109375 0.678125
2 0.3843750000000001 0.5140625 0.3078125000000001 0.5140625 0.3078125000000001 0.5671875 0.3843750000000001 0.5671875
0 0.6296875 0.43125 0.5296875 0.43125 0.5296875 0.4671875 0.6296875 0.4671875
1 0.6234375 0.6484375 0.5875 0.6484375 0.5875 0.696875 0.6234375 0.696875
1 0.428125 0.5546875 0.3968750000000001 0.5546875 0.3968750000000001 0.6015625 0.428125 0.6015625
2 0.471875 0.53125 0.421875 0.53125 0.421875 0.6109375 0.471875 0.6109375
0 0.60625 0.4515625 0.5078125 0.4515625 0.5078125 0.4921875 0.60625 0.4921875
0 0.521875 0.5328125 0.49375 0.5328125 0.49375 0.665625 0.521875 0.665625
2 0.5461698779320391 0.6677216255436463 0.5302192046875 0.5719704578125 0.5111053314429608 0.5751545353938537 0.5270560046874999 0.6709057031250001
1 0.5345312725032004 0.4577568515962529 0.5285122119218553 0.4260192637479939 0.49890097223115487 0.431635060589241 0.5049200328125 0.4633726484375
0 0.5817622426359096 0.6690848852809662 0.5443513375 0.5424238375 0.5122465698640905 0.5519063772190337 0.5496574749999998 0.6785674249999999