1 0.3265625000000001 0.5515625 0.27031250000000007 0.5515625 0.27031250000000007 0.596875 0.3265625000000001 0.596875
1 0.2593750000000001 0.5 0.21093750000000008 0.5 0.21093750000000008 0.5390625 0.2593750000000001 0.5390625
1 0.3937500000000001 0.38593750000000004 0.3453125000000001 0.3859375 0.3453125000000001 0.425 0.3937500000000001 0.425
1 0.4984375 0.4796875 0.45 0.4796875 0.45 0.5171875 0.4984375 0.5171875
1 0.4921875 0.5796875 0.44375 0.5796875 0.44375 0.61875 0.4921875 0.61875
1 0.4296875 0.546875 0.3906250000000001 0.546875 0.3906250000000001 0.58125 0.4296875 0.58125
2 0.23036989062917995 0.430569135487403 0.2196923793023461 0.39794178347960846 0.11603276171896751 0.4318650617345332 0.1267102730458014 0.46449241374232775
2 0.361913563811294 0.45063681647469134 0.35567032393131015 0.43008930421725716 0.2656246372389471 0.45744915270572317 0.27186787711893096 0.47799666496315724
2 0.40758884076960006 0.5201973144323857 0.38502032864870206 0.516217874782393 0.37308201050622325 0.5839234065655324 0.39565052262712125 0.5879028462155251
0 0.39507352789250494 0.4245256511160024 0.26391440255913307 0.3995832599463774 0.2595361823152973 0.4226060541040475 0.3906953076486691 0.44754844527367255
0 0.5180509181086137 0.5290392135089823 0.4972008993676639 0.5042470846642326 0.4166620208750681 0.5719797564513642 0.4375120396160179 0.5967718852961138
0 0.5904013978671714 0.42064721103611563 0.4994635886270431 0.3569820498904049 0.48416375491709973 0.37883597021797866 0.575101564157228 0.44250113136368946
0 0.5829539109017144 0.37645861085427734 0.5121034413202317 0.3008258368010995 0.48929709159263124 0.3221901277168856 0.5601475611741139 0.3978229017700635
0 0.60827771875 0.42685505468750007 0.576441524775463 0.4174658888941677 0.5511161344663454 0.503337632572875 0.5829523284408825 0.5127267983662074
2 0.6190601218750001 0.44887125000000017 0.6023426805142463 0.4400159509723018 0.5687590586670244 0.5034166590857788 0.5854765000277781 0.5122719581134773
2 0.5704514230636817 0.40691523676839997 0.5176032010203969 0.34941768072727 0.5041808344656846 0.3617546956696508 0.5570290565089693 0.41925225171078073