1 0.5194644691311898 0.56230270259408 0.48395427343749997 0.561814153125 0.48351166822705977 0.5939848924922422 0.5190218639207496 0.5944734419613222
1 0.5366037328206961 0.5127855967509067 0.5274860482156336 0.48314727200554647 0.49841005204765904 0.49209196658310006 0.5075277366527216 0.5217302913284603
1 0.4789047415110332 0.46539239463511517 0.45022899650756737 0.4316023099368767 0.4235159226111242 0.45427219378458056 0.45219166761459 0.4880622784828191
1 0.49020577148837824 0.4382286689640452 0.4858855239569687 0.3914631853204652 0.45498442927579735 0.3943178629077141 0.45930467680720694 0.4410833465512941
1 0.37191093905450356 0.39878576024885587 0.36446678069689276 0.3583264161958152 0.332207251333654 0.36426188180314495 0.33965140969126484 0.40472122585618564
1 0.4250687971894436 0.30596553434499113 0.40628921465104195 0.266611449444148 0.37407415672856004 0.28198432219062314 0.3928537392669617 0.3213384070914663
0 0.6436018244966073 0.5413151865028789 0.6342268526478446 0.5008723948740462 0.5391478261568329 0.5229124954917671 0.5485227980055956 0.5633552871205998
0 0.5919674560490211 0.5913087643393714 0.5162115202137161 0.5178402840432631 0.49139627634274197 0.5434281553977567 0.567152212178047 0.616896635693865
2 0.656871192591611 0.41015750759070124 0.6407781136592378 0.40913947404066775 0.6353526412264678 0.4949053666314424 0.6514457201588411 0.49592340018147596
2 0.5941366967519217 0.40525267585781544 0.5586628882617617 0.31668056308226095 0.5450533299954984 0.32213129524212814 0.5805271384856583 0.4107034080176827
2 0.5531240217074781 0.41025146348697794 0.549318011261313 0.31807925608362364 0.5332527108176345 0.31874263068462294 0.5370587212637996 0.41091483808797713
2 0.5226377594439213 0.23861719957945038 0.502725084743501 0.23742591513448877 0.496877025728159 0.33517796527992383 0.5167897004285794 0.33636924972488547
0 0.5750066983541423 0.47529756933026857 0.5670839725591929 0.4418867802757438 0.4767573197797466 0.4633060080820455 0.484680045574696 0.49671679713657024
0 0.46524043634793494 0.5760131231047125 0.3802079533446025 0.5124443763233295 0.36332133257988625 0.5350326978785371 0.44835381558321874 0.5986014446599203
2 0.3910119195737538 0.4778475258483718 0.37904478610737363 0.45846469859481853 0.31934586401889914 0.49532335492426804 0.3313129974852793 0.5147061821778214
0 0.4435472481503003 0.3966818911631122 0.354593971729978 0.31209132546104323 0.33351003792746997 0.33426265125838805 0.4224633143477923 0.41885321696045696