2 0.675 0.4328125 0.60625 0.4328125 0.60625 0.4640625 0.675 0.4640625
1 0.7 0.5078125 0.6640625 0.5078125 0.6640625 0.5515625 0.7 0.5515625
1 0.4 0.609375 0.3609375000000001 0.609375 0.3609375000000001 0.653125 0.4 0.653125
1 0.5125 0.4765625 0.48125 0.4765625 0.48125 0.5234375 0.5125 0.5234375
1 0.653125 0.61875 0.6171875 0.61875 0.6171875 0.6671875 0.653125 0.6671875
1 0.60625 0.4734375 0.5734375 0.4734375 0.5734375 0.5140625 0.60625 0.5140625
1 0.6125 0.565625 0.578125 0.565625 0.578125 0.6125 0.6125 0.6125
2 0.39075460904406734 0.47229141753547144 0.37323050937500013 0.4605657953125001 0.3289665263676341 0.5267189115583362 0.34649062603670133 0.5384445337813075
2 0.5784688216104683 0.6433350813045193 0.5149672781249999 0.5759734921874999 0.4973988576297753 0.5925351830958077 0.5609004011152438 0.659896772212827
2 0.5635867200715182 0.6594101886076361 0.5402444250886262 0.6414817985114724 0.48757224407960803 0.7100596005288363 0.5109145390625001 0.7279879906250001
2 0.4989951417195293 0.6791128499525222 0.47775680468750015 0.6714113546875 0.44327619578047095 0.766498187547478 0.4645145328125001 0.7741996828125002
0 0.4841236572286368 0.4707367173971007 0.41269737031250014 0.38349191406250005 0.3878768696672581 0.4038121638966368 0.4593031565833948 0.49105696723123743
0 0.42563004988135544 0.42333159904109696 0.3944513980336459 0.41493227833597235 0.3667198872147906 0.5178728792948755 0.39789853906250017 0.5262722
0 0.42430558810330304 0.6609128557602763 0.38411170625 0.534954609375 0.35339823038882273 0.544755427149903 0.39359211224212576 0.6707136735351793
0 0.6494795110655135 0.6134202993704835 0.5919172515624999 0.5053022093750001 0.5687605894804755 0.5176308566165929 0.6263228489834891 0.6257489466120761
0 0.5512547386774187 0.5100620943347391 0.5254308203125 0.4021673656249999 0.49901169161291004 0.40849061636179806 0.5248356099778287 0.5163853450715373