2 0.6873065600951023 0.41417177652795106 0.6582611243878176 0.40531987510125 0.634867110653233 0.4820818372050738 0.6639125463605178 0.4909337386317748
2 0.5385265 0.6886720687500001 0.4966384109218702 0.6208859727549056 0.4766962345671943 0.6332091438609225 0.5185843236453241 0.700995239856017
2 0.5188471929693319 0.665768752526248 0.4622714685468397 0.612754402616646 0.44668767199356435 0.6293850805511613 0.5032633964160566 0.6823994304607632
2 0.5950141546874999 0.5566345609375001 0.5764386221227207 0.5414399266746234 0.5247037506625042 0.604686120884893 0.5432792832272835 0.6198807551477697
2 0.5377875153806448 0.3149267882416685 0.5332985720090291 0.29671827782568483 0.4571228569181077 0.31549787393341056 0.4616118002897235 0.3337063843493942
2 0.4874107828125 0.37134122656250007 0.46988262330151853 0.36593791476687426 0.4488677082766518 0.43410958366145486 0.46639586778763337 0.4395128954570806
2 0.5765257049080181 0.5591620526611865 0.5605979562335389 0.5447463395921192 0.505900718406754 0.605180662411893 0.5218284670812332 0.6195963754809604
0 0.6020474337166414 0.541120502594841 0.5845801044902317 0.5150695216926524 0.4875746073143241 0.5801122531853768 0.5050419365407339 0.6061632340875655
0 0.4700963453125002 0.5017558031250001 0.4324062078125001 0.495400253125 0.41588508730556606 0.593374984432347 0.4535752248055661 0.5997305344323471
0 0.5977876187499997 0.4665288484375001 0.5889935810650693 0.43847602975091593 0.4838626842224884 0.47143261350862387 0.49265672190741905 0.499485432195208
0 0.670084740625 0.4127081234375001 0.6333533465326937 0.39792133750362474 0.5920276624999999 0.5005771812500001 0.6287590565923062 0.5153639671838753
0 0.4388677243892757 0.6090167284669663 0.41708123366596056 0.5163420209156347 0.37894816093749994 0.5253065578125 0.4007346516608151 0.6179812653638315
1 0.4640625 0.3843750000000001 0.43125 0.3843750000000001 0.43125 0.4140625 0.4640625 0.4140625
1 0.496875 0.4203125 0.4609375 0.4203125 0.4609375 0.45 0.496875 0.45
1 0.58125 0.5 0.54375 0.5 0.54375 0.5328125 0.58125 0.5328125
1 0.6125 0.4984375 0.5765625 0.4984375 0.5765625 0.534375 0.6125 0.534375
1 0.6296875 0.4140625 0.590625 0.4140625 0.590625 0.4421875 0.6296875 0.4421875
1 0.64375 0.3515625000000001 0.5984375 0.3515625000000001 0.5984375 0.3890625000000001 0.64375 0.3890625000000001