1 0.35625000000000007 0.3484375 0.3015625 0.3484375 0.30156250000000007 0.3921875 0.35625000000000007 0.3921875
1 0.2765625000000001 0.3859375 0.2296875000000001 0.3859375 0.2296875000000001 0.421875 0.2765625000000001 0.421875
1 0.3703125000000001 0.5359375 0.3234375000000001 0.5359375 0.3234375000000001 0.571875 0.3703125000000001 0.571875
1 0.4984375 0.478125 0.4515625 0.478125 0.4515625 0.5125 0.4984375 0.5125
1 0.521875 0.3781250000000001 0.475 0.3781250000000001 0.475 0.4140625 0.521875 0.4140625
1 0.4515625 0.3968750000000001 0.4140625 0.3968750000000001 0.4140625 0.4296875 0.4515625 0.4296875
2 0.2153610353311847 0.4988100463625731 0.13660056175028298 0.42511761328109154 0.1122719825653018 0.45111933880480876 0.19103245614620348 0.5248117718862904
2 0.3535148864160231 0.5068336789983076 0.27540301322867033 0.454342516197038 0.2634250612528618 0.4721668549208876 0.3415369344402145 0.5246580177221571
2 0.42591042027900344 0.3854292610975476 0.40316457078189155 0.38263641793935815 0.39478604136258827 0.4508739659805965 0.4175318908597002 0.453666809138786
0 0.37956878782023135 0.5172482107965293 0.24551598588159168 0.5149293874916564 0.24511285573963923 0.5382346237988292 0.3791656576782789 0.5405534471037021
0 0.525752422343467 0.47750724105501396 0.46853582784201375 0.3891868749934359 0.4413483396158586 0.4067997491097454 0.4985649341173118 0.4951201151713235
0 0.563250777468105 0.6023162605818142 0.5550089418141 0.5769440139333004 0.44943078873070486 0.6112396677010247 0.4576726243847098 0.6366119143495383
0 0.5432092119251714 0.6423965879213068 0.5276457033903809 0.615297884546023 0.43777818243835886 0.6669112001341385 0.45334169097314936 0.6940099035094224
0 0.5830486624142464 0.5120822156375529 0.5498584320257429 0.5117531168061814 0.5489707539864966 0.6012771011686286 0.5821609843750001 0.6016062000000002
2 0.5989091609375 0.583704478125 0.5853295576702707 0.5132551768159468 0.5667535499597751 0.5168358342576851 0.5803331532270045 0.5872851355667383
2 0.5429862423441929 0.6167472443421824 0.5356825198802669 0.6004890326269878 0.46415156678577274 0.6326230851374511 0.4714552892496987 0.6488812968526456