0 0.4015625 0.54375 0.071875 0.0265625
0 0.346875 0.4953125 0.059375 0.07109375
0 0.44140625 0.71875 0.0359375 0.09921875
0 0.4671875 0.68125 0.03515625 0.096875
0 0.61015625 0.6515625 0.05078125 0.0671875
2 0.634375 0.4703125 0.075 0.06953125
2 0.6203125 0.60625 0.06953125 0.09296875
2 0.44765625 0.45078125 0.0234375 0.11328125
2 0.44765625 0.51015625 0.09375 0.0453125
1 0.50546875 0.425 0.0265625 0.03203125
1 0.56640625 0.46484375 0.0328125 0.034375
1 0.621875 0.5375 0.02421875 0.034375
1 0.62109375 0.5640625 0.0265625 0.03671875
1 0.571875 0.690625 0.0296875 0.0390625
1 0.628125 0.6890625 0.0328125 0.03984375
2 0.39296875 0.50390625 0.1 0.0578125