2 0.34609375 0.496875 0.07890625 0.09609375
2 0.3921875 0.47578125 0.04921875 0.1015625
2 0.56015625 0.51796875 0.09296875 0.08125
2 0.4515625 0.6828125 0.02890625 0.1359375
0 0.37734375 0.47890625 0.04921875 0.0640625
0 0.4609375 0.41328125 0.07578125 0.0375
2 0.45234375 0.42421875 0.09765625 0.04375
0 0.5703125 0.60078125 0.07109375 0.0296875
0 0.49140625 0.690625 0.05625 0.09375
0 0.4921875 0.834375 0.0625 0.10859375
1 0.4296875 0.6453125 0.0328125 0.03984375
1 0.56328125 0.75625 0.0359375 0.04375
1 0.61171875 0.68515625 0.03515625 0.04296875
1 0.50234375 0.52265625 0.02578125 0.03515625
1 0.58046875 0.57734375 0.03125 0.0359375
1 0.603125 0.51171875 0.02578125 0.040625